10 0.9178082191780822 0.350076103500761 0.1643835616438356 0.1339421613394216
6 0.3327625570776256 0.332572298325723 0.033105022831050226 0.0989345509893455
3 0.5907534246575342 0.6879756468797564 0.8184931506849316 0.624048706240487
11 0.3327625570776256 0.34779299847793 0.08561643835616438 0.0684931506849315
14 0.9155251141552512 0.8462709284627092 0.06621004566210045 0.30441400304414
7 0.6067351598173516 0.4063926940639269 0.11986301369863013 0.1035007610350076
6 0.2522831050228311 0.3310502283105023 0.0365296803652968 0.1293759512937595
2 0.1963470319634703 0.18645357686453576 0.02054794520547945 0.0471841704718417
6 0.17294520547945205 0.3066971080669711 0.019406392694063926 0.0776255707762557
10 0.295662100456621 0.2929984779299848 0.06621004566210045 0.0502283105022831
6 0.12100456621004566 0.3089802130898021 0.0273972602739726 0.0943683409436834
10 0.8373287671232876 0.3066971080669711 0.11073059360730593 0.0563165905631659
2 0.03995433789954338 0.03576864535768645 0.03881278538812785 0.0654490106544901
6 0.7511415525114156 0.4939117199391172 0.1324200913242009 0.3759512937595129
6 0.6027397260273972 0.3645357686453577 0.0593607305936073 0.1506849315068493
10 0.2106164383561644 0.2876712328767123 0.07191780821917808 0.045662100456621
11 0.6518264840182648 0.3546423135464231 0.0547945205479452 0.0547945205479452
11 0.7317351598173516 0.5547945205479452 0.1963470319634703 0.2937595129375951
16 0.5507990867579908 0.2747336377473364 0.012557077625570776 0.1324200913242009
14 0.2254566210045662 0.3447488584474886 0.007990867579908675 0.0502283105022831
16 0.1495433789954338 0.197869101978691 0.0319634703196347 0.3257229832572298
14 0.2762557077625571 0.3455098934550989 0.0091324200913242 0.0517503805175038
16 0.5205479452054794 0.2070015220700152 0.0182648401826484 0.3165905631659056
16 0.18550228310502284 0.24581430745814306 0.019406392694063926 0.2115677321156773
6 0.6552511415525114 0.3249619482496195 0.02968036529680365 0.0715372907153729
16 0.07705479452054795 0.21232876712328766 0.023972602739726026 0.2146118721461187
10 0.05821917808219178 0.2831050228310502 0.0319634703196347 0.030441400304414
3 0.08732876712328767 0.365296803652968 0.1723744292237443 0.0395738203957382
0 0.6278538812785388 0.2701674277016743 0.0273972602739726 0.1232876712328767
16 0.8493150684931506 0.2899543378995434 0.0182648401826484 0.1080669710806697
10 0.03367579908675799 0.2762557077625571 0.026255707762557076 0.0289193302891933
14 0.9868721461187214 0.7313546423135464 0.026255707762557076 0.2754946727549467
7 0.5570776255707762 0.3485540334855403 0.0319634703196347 0.045662100456621
11 0.7294520547945206 0.3181126331811263 0.0410958904109589 0.0426179604261796
11 0.007420091324200913 0.3295281582952816 0.012557077625570776 0.0593607305936073
6 0.00684931506849315 0.3059360730593607 0.01141552511415525 0.0669710806697108
6 0.7659817351598174 0.350076103500761 0.05251141552511415 0.1187214611872146
6 0.5804794520547946 0.3188736681887367 0.021689497716894976 0.0715372907153729
10 0.013127853881278538 0.2815829528158295 0.019406392694063926 0.0273972602739726
10 0.15353881278538814 0.2732115677321157 0.04223744292237443 0.0289193302891933
15 0.8259132420091324 0.3462709284627093 0.014840182648401826 0.0289193302891933
15 0.4012557077625571 0.3531202435312024 0.017123287671232876 0.0334855403348554
15 0.4697488584474886 0.3538812785388128 0.017123287671232876 0.0319634703196347
15 0.6929223744292238 0.350076103500761 0.0136986301369863 0.0273972602739726
15 0.16552511415525115 0.3455098934550989 0.0182648401826484 0.0334855403348554
15 0.10787671232876712 0.3394216133942161 0.017123287671232876 0.030441400304414
15 0.09075342465753425 0.3378995433789954 0.017123287671232876 0.030441400304414
15 0.07534246575342465 0.3378995433789954 0.01598173515981735 0.030441400304414
15 0.05878995433789954 0.334855403348554 0.017123287671232876 0.030441400304414
