10 0.0375 0.4894613583138173 0.071875 0.08899297423887588
10 0.17265625 0.47540983606557374 0.0390625 0.07494145199063232
10 0.10546875 0.4847775175644028 0.0390625 0.05620608899297424
8 0.93671875 0.4238875878220141 0.1265625 0.13114754098360656
8 0.48828125 0.41920374707259955 0.1296875 0.12177985948477751
6 0.58359375 0.3407494145199063 0.1015625 0.2459016393442623
6 0.8546875 0.41100702576112413 0.0625 0.1990632318501171
6 0.81484375 0.3477751756440281 0.0484375 0.11943793911007025
6 0.9453125 0.4847775175644028 0.028125 0.10772833723653395
6 0.08515625 0.5199063231850117 0.0296875 0.14988290398126464
6 0.05703125 0.5374707259953162 0.0296875 0.1522248243559719
6 0.125 0.4812646370023419 0.01875 0.07728337236533958
6 0.1515625 0.4812646370023419 0.021875 0.07259953161592506
6 0.8765625 0.4718969555035129 0.0125 0.03981264637002342
6 0.97421875 0.4894613583138173 0.0109375 0.05620608899297424
9 0.240625 0.42271662763466045 0.209375 0.08665105386416862
16 0.41640625 0.24473067915690866 0.0296875 0.4847775175644028
6 0.4546875 0.4531615925058548 0.028125 0.06323185011709602
