6 0.8135416666666667 0.609375 0.01875 0.021875
6 0.6333333333333333 0.6765625 0.020833333333333332 0.040625
6 0.58125 0.9015625 0.03333333333333333 0.096875
6 0.5375 0.90234375 0.041666666666666664 0.0953125
6 0.6354166666666666 0.9078125 0.04583333333333333 0.10625
6 0.4125 0.92109375 0.041666666666666664 0.1015625
6 0.671875 0.640625 0.022916666666666665 0.053125
6 0.2875 0.66875 0.016666666666666666 0.03125
6 0.80625 0.63515625 0.020833333333333332 0.0453125
6 0.29583333333333334 0.92265625 0.04583333333333333 0.0984375
6 0.7552083333333334 0.6515625 0.022916666666666665 0.028125
5 0.8385416666666666 0.60703125 0.01875 0.0203125
11 0.8729166666666667 0.66328125 0.041666666666666664 0.0390625
11 0.9072916666666667 0.6640625 0.03125 0.034375
9 0.796875 0.6828125 0.17708333333333334 0.0375
6 0.16354166666666667 0.6984375 0.022916666666666665 0.03125
6 0.2625 0.66875 0.020833333333333332 0.0375
6 0.41770833333333335 0.6515625 0.027083333333333334 0.040625
6 0.4666666666666667 0.659375 0.025 0.015625
6 0.14479166666666668 0.69140625 0.01875 0.0296875
16 0.4875 0.63984375 0.016666666666666666 0.0703125
6 0.7729166666666667 0.64296875 0.020833333333333332 0.0171875
