13 0.44733333333333336 0.45616666666666666 0.43333333333333335 0.473
6 0.43416666666666665 0.11716666666666667 0.079 0.16766666666666666
11 0.6641666666666667 0.059666666666666666 0.047 0.07266666666666667
6 0.5515 0.0535 0.043 0.089
6 0.5295 0.050333333333333334 0.031 0.086
7 0.5186666666666667 0.081 0.05 0.05733333333333333
11 0.285 0.06566666666666666 0.106 0.06933333333333333
7 0.2065 0.08666666666666667 0.053 0.074
11 0.12916666666666668 0.089 0.055 0.11
6 0.09816666666666667 0.06333333333333334 0.034333333333333334 0.12333333333333334
13 0.8395 0.051666666666666666 0.071 0.06066666666666667
15 0.9146666666666666 0.07533333333333334 0.020666666666666667 0.022
15 0.9328333333333333 0.045 0.013666666666666667 0.017333333333333333
15 0.887 0.04616666666666667 0.014666666666666666 0.014333333333333333
0 0.9093333333333333 0.26616666666666666 0.18133333333333335 0.5316666666666666
18 0.3441666666666667 0.132 0.38233333333333336 0.246
0 0.6028333333333333 0.05 0.03233333333333333 0.09933333333333333
16 0.721 0.04466666666666667 0.03133333333333333 0.08866666666666667
4 0.8055 0.8703333333333333 0.387 0.25933333333333336
