14 0.5874693627450981 0.5428921568627451 0.04381127450980392 0.15931372549019607
14 0.38449754901960786 0.5547385620915033 0.041666666666666664 0.16013071895424835
6 0.4030330882352941 0.19914215686274508 0.021752450980392156 0.08537581699346405
6 0.3753063725490196 0.1983251633986928 0.027573529411764705 0.08700980392156862
6 0.41237745098039214 0.1809640522875817 0.013480392156862746 0.05800653594771242
6 0.7397365196078431 0.184640522875817 0.02420343137254902 0.04820261437908497
16 0.9624693627450981 0.15318627450980393 0.07506127450980392 0.3055555555555556
0 0.7745098039215687 0.21200980392156862 0.028186274509803922 0.19444444444444445
0 0.2571997549019608 0.09129901960784313 0.0272671568627451 0.18178104575163398
0 0.2930453431372549 0.10723039215686274 0.020526960784313725 0.1213235294117647
0 0.5499387254901961 0.13459967320261437 0.022058823529411766 0.1621732026143791
