7 0.2171875 0.7760416666666666 0.04375 0.035416666666666666
10 0.76171875 0.7958333333333333 0.2546875 0.24166666666666667
10 0.8921875 0.7020833333333333 0.065625 0.05416666666666667
10 0.975 0.6822916666666666 0.040625 0.05625
6 0.2203125 0.7625 0.040625 0.125
6 0.60703125 0.70625 0.0171875 0.0375
6 0.0859375 0.7270833333333333 0.009375 0.016666666666666666
6 0.071875 0.7614583333333333 0.028125 0.09375
6 0.303125 0.7447916666666666 0.0125 0.06041666666666667
6 0.3203125 0.734375 0.009375 0.04375
6 0.6296875 0.7072916666666667 0.009375 0.03958333333333333
6 0.01953125 0.76875 0.0203125 0.0875
6 0.49921875 0.709375 0.0109375 0.027083333333333334
6 0.68828125 0.696875 0.0109375 0.03125
10 0.53515625 0.7291666666666666 0.0921875 0.0625
10 0.70859375 0.703125 0.0453125 0.04375
10 0.94765625 0.6791666666666667 0.0171875 0.029166666666666667
10 0.84453125 0.6802083333333333 0.0296875 0.022916666666666665
6 0.09765625 0.7625 0.0171875 0.0875
6 0.6578125 0.7083333333333334 0.009375 0.03333333333333333
6 0.73515625 0.7302083333333333 0.0515625 0.04375
16 0.0453125 0.6875 0.025 0.39166666666666666
6 0.15078125 0.7697916666666667 0.0515625 0.15208333333333332
7 0.18125 0.7802083333333333 0.0375 0.03958333333333333
6 0.46953125 0.7177083333333333 0.0171875 0.03958333333333333
16 0.35703125 0.6958333333333333 0.0171875 0.2125
16 0.125 0.6270833333333333 0.015625 0.14166666666666666
