6 0.6044117647058823 0.23970588235294119 0.05392156862745098 0.09264705882352942
6 0.6529411764705882 0.2349264705882353 0.047058823529411764 0.09338235294117647
18 0.31519607843137254 0.26580882352941176 0.3480392156862745 0.18455882352941178
10 0.057352941176470586 0.20625 0.0892156862745098 0.03455882352941177
0 0.15735294117647058 0.1625 0.03431372549019608 0.08235294117647059
0 0.01568627450980392 0.15294117647058825 0.029411764705882353 0.13529411764705881
11 0.02303921568627451 0.2613970588235294 0.04411764705882353 0.06102941176470588
18 0.5348039215686274 0.21286764705882352 0.024509803921568627 0.03455882352941177
9 0.6583333333333333 0.19080882352941175 0.11862745098039215 0.09485294117647058
4 0.6892156862745098 0.638235294117647 0.4411764705882353 0.7235294117647059
