3 0.5005707762557078 0.7427701674277016 0.9988584474885844 0.5144596651445966
10 0.3601598173515982 0.4589041095890411 0.2705479452054795 0.1293759512937595
10 0.06335616438356165 0.4322678843226788 0.09018264840182648 0.0882800608828006
10 0.2271689497716895 0.4147640791476408 0.06621004566210045 0.0471841704718417
11 0.7391552511415526 0.4520547945205479 0.09703196347031963 0.076103500761035
6 0.18036529680365296 0.4284627092846271 0.03424657534246575 0.0867579908675799
6 0.627283105022831 0.4200913242009132 0.028538812785388126 0.1126331811263318
6 0.7351598173515982 0.4406392694063927 0.03424657534246575 0.1019786910197869
10 0.9486301369863014 0.4550989345509893 0.10273972602739725 0.15220700152207
0 0.819634703196347 0.3637747336377473 0.0365296803652968 0.2039573820395738
1 0.3065068493150685 0.2557077625570776 0.017123287671232876 0.0487062404870624
16 0.4372146118721461 0.20015220700152206 0.02511415525114155 0.3972602739726027
11 0.5713470319634704 0.4596651445966514 0.06278538812785388 0.076103500761035
1 0.3344748858447489 0.2541856925418569 0.01598173515981735 0.045662100456621
16 0.3898401826484018 0.2808219178082192 0.019406392694063926 0.2267884322678843
1 0.2762557077625571 0.256468797564688 0.01598173515981735 0.0471841704718417
6 0.1541095890410959 0.4292237442922374 0.02054794520547945 0.0852359208523592
3 0.1204337899543379 0.4665144596651446 0.2363013698630137 0.0410958904109589
1 0.4668949771689498 0.3165905631659056 0.01598173515981735 0.0395738203957382
6 0.567351598173516 0.4406392694063927 0.04337899543378995 0.1141552511415525
16 0.4138127853881279 0.2899543378995434 0.012557077625570776 0.2054794520547945
10 0.0182648401826484 0.4124809741248097 0.03424657534246575 0.0517503805175038
6 0.5028538812785388 0.4307458143074581 0.023972602739726026 0.1004566210045662
6 0.5296803652968036 0.4299847792998478 0.0228310502283105 0.1019786910197869
6 0.3047945205479452 0.4025875190258752 0.0182648401826484 0.0350076103500761
6 0.8698630136986302 0.4079147640791476 0.02511415525114155 0.0852359208523592
16 0.4611872146118721 0.3531202435312024 0.01141552511415525 0.1278538812785388
10 0.0839041095890411 0.3972602739726027 0.05593607305936073 0.0395738203957382
6 0.5428082191780822 0.4269406392694064 0.019406392694063926 0.0958904109589041
6 0.2825342465753425 0.4094368340943683 0.014840182648401826 0.045662100456621
6 0.5850456621004566 0.3980213089802131 0.017123287671232876 0.0441400304414003
6 0.5148401826484018 0.4292237442922374 0.0182648401826484 0.0943683409436834
10 0.2665525114155251 0.3987823439878234 0.030821917808219176 0.0273972602739726
6 0.4223744292237443 0.3942161339421613 0.01598173515981735 0.0182648401826484
6 0.5656392694063926 0.4003044140030441 0.023972602739726026 0.0547945205479452
