3 0.5079908675799086 0.678082191780822 0.9771689497716894 0.6407914764079148
10 0.9143835616438356 0.2990867579908676 0.17123287671232876 0.0898021308980213
16 0.03595890410958904 0.1735159817351598 0.04680365296803653 0.3409436834094368
11 0.8932648401826484 0.6484018264840182 0.2134703196347032 0.4383561643835616
0 0.1963470319634703 0.2678843226788432 0.02511415525114155 0.0974124809741248
11 0.5844748858447488 0.3181126331811263 0.0547945205479452 0.0639269406392694
0 0.7705479452054794 0.2519025875190259 0.01598173515981735 0.0684931506849315
11 0.6204337899543378 0.317351598173516 0.03538812785388128 0.0563165905631659
6 0.5850456621004566 0.2945205479452055 0.030821917808219176 0.0745814307458143
0 0.3304794520547945 0.2656012176560122 0.012557077625570776 0.0867579908675799
9 0.547945205479452 0.2663622526636225 0.0593607305936073 0.0517503805175038
11 0.4634703196347032 0.3135464231354642 0.04337899543378995 0.0517503805175038
14 0.2728310502283105 0.319634703196347 0.01141552511415525 0.0578386605783866
14 0.0656392694063927 0.3105022831050228 0.007990867579908675 0.0395738203957382
6 0.6147260273972602 0.2929984779299848 0.026255707762557076 0.0715372907153729
14 0.12899543378995434 0.3074581430745814 0.00684931506849315 0.0334855403348554
6 0.964041095890411 0.515220700152207 0.06963470319634703 0.4368340943683409
14 0.1815068493150685 0.3249619482496195 0.01141552511415525 0.0654490106544901
2 0.23230593607305935 0.21993911719939116 0.012557077625570776 0.0289193302891933
14 0.3407534246575342 0.3059360730593607 0.007990867579908675 0.0426179604261796
3 0.21746575342465754 0.3333333333333333 0.22488584474885845 0.0334855403348554
14 0.3675799086757991 0.3082191780821918 0.0091324200913242 0.0471841704718417
14 0.3932648401826484 0.2831050228310502 0.010273972602739725 0.0487062404870624
6 0.4583333333333333 0.2907153729071537 0.023972602739726026 0.0639269406392694
16 0.3761415525114155 0.2389649923896499 0.007990867579908675 0.1035007610350076
14 0.0867579908675799 0.3051750380517504 0.0091324200913242 0.0289193302891933
14 0.4081050228310502 0.3097412480974125 0.007990867579908675 0.0410958904109589
14 0.17294520547945205 0.3066971080669711 0.007990867579908675 0.0350076103500761
0 0.8681506849315068 0.2496194824961948 0.010273972602739725 0.0669710806697108
16 0.3658675799086758 0.23972602739726026 0.010273972602739725 0.1019786910197869
6 0.4714611872146119 0.2876712328767123 0.0228310502283105 0.0639269406392694
7 0.8190639269406392 0.2747336377473364 0.017123287671232876 0.0228310502283105
0 0.2545662100456621 0.24124809741248096 0.01141552511415525 0.0684931506849315
0 0.4052511415525114 0.2541856925418569 0.01141552511415525 0.0669710806697108
7 0.8002283105022832 0.2724505327245053 0.01141552511415525 0.0243531202435312
16 0.6478310502283106 0.22602739726027396 0.010273972602739725 0.1202435312024353
16 0.4417808219178082 0.24277016742770166 0.0091324200913242 0.0928462709284627
16 0.5159817351598174 0.2328767123287671 0.00684931506849315 0.0943683409436834
7 0.6552511415525114 0.2770167427701674 0.01598173515981735 0.0213089802130898
16 0.2408675799086758 0.2511415525114155 0.0136986301369863 0.1126331811263318
3 0.4908675799086758 0.2998477929984779 0.13926940639269406 0.015220700152207
16 0.533675799086758 0.18797564687975646 0.007990867579908675 0.1171993911719939
6 0.41837899543379 0.2929984779299848 0.019406392694063926 0.0350076103500761
