10 0.26953125 0.10421545667447307 0.0609375 0.04449648711943794
10 0.4234375 0.11826697892271663 0.05 0.0585480093676815
10 0.6109375 0.13348946135831383 0.09375 0.0702576112412178
6 0.77578125 0.13348946135831383 0.0265625 0.11241217798594848
6 0.8078125 0.14168618266978922 0.025 0.10070257611241218
6 0.85390625 0.11826697892271663 0.0109375 0.04918032786885246
6 0.9265625 0.14168618266978922 0.021875 0.1053864168618267
10 0.4046875 0.1053864168618267 0.053125 0.05152224824355972
10 0.36171875 0.10772833723653395 0.0328125 0.03747072599531616
6 0.3375 0.10655737704918032 0.015625 0.06323185011709602
6 0.67109375 0.13348946135831383 0.0265625 0.07962529274004684
6 0.37890625 0.10304449648711944 0.0140625 0.03747072599531616
6 0.70234375 0.11007025761124122 0.0140625 0.05620608899297424
10 0.1921875 0.09133489461358314 0.046875 0.0234192037470726
10 0.32109375 0.11007025761124122 0.0296875 0.0468384074941452
11 0.4390625 0.5257611241217799 0.54375 0.5644028103044496
0 0.540625 0.0585480093676815 0.028125 0.11241217798594848
6 0.8359375 0.12295081967213115 0.01875 0.053864168618266976
6 0.9046875 0.14168618266978922 0.03125 0.09601873536299765
