3 0.5005707762557078 0.6666666666666666 0.9988584474885844 0.6636225266362252
10 0.1158675799086758 0.2983257229832572 0.22945205479452055 0.1248097412480974
10 0.5291095890410958 0.2937595129375951 0.10844748858447488 0.0943683409436834
6 0.3681506849315068 0.2800608828006088 0.023972602739726026 0.091324200913242
10 0.9195205479452054 0.2808219178082192 0.09931506849315068 0.0563165905631659
16 0.7437214611872146 0.19863013698630136 0.023972602739726026 0.2176560121765601
16 0.8886986301369864 0.1689497716894977 0.033105022831050226 0.2922374429223744
16 0.466324200913242 0.17123287671232876 0.019406392694063926 0.2998477929984779
16 0.8481735159817352 0.2579908675799087 0.01598173515981735 0.1141552511415525
0 0.03824200913242009 0.1659056316590563 0.026255707762557076 0.1491628614916286
16 0.13184931506849315 0.1948249619482496 0.012557077625570776 0.091324200913242
6 0.3253424657534247 0.2762557077625571 0.0182648401826484 0.0776255707762557
2 0.4537671232876712 0.17732115677321156 0.021689497716894976 0.0410958904109589
1 0.8498858447488584 0.1811263318112633 0.019406392694063926 0.045662100456621
16 0.2990867579908676 0.2694063926940639 0.0091324200913242 0.0700152207001522
3 0.785958904109589 0.3242009132420091 0.4280821917808219 0.0365296803652968
14 0.3984018264840183 0.2922374429223744 0.0091324200913242 0.030441400304414
