3 0.5 0.6727549467275494 0.997716894977169 0.654490106544901
10 0.3892694063926941 0.3082191780821918 0.2534246575342466 0.1293759512937595
10 0.83675799086758 0.4277016742770167 0.3242009132420091 0.3926940639269406
10 0.5764840182648402 0.24581430745814306 0.07534246575342465 0.0593607305936073
10 0.1324200913242009 0.2648401826484018 0.11187214611872145 0.0700152207001522
9 0.271689497716895 0.2359208523592085 0.08904109589041095 0.0852359208523592
6 0.2071917808219178 0.2701674277016743 0.030821917808219176 0.0958904109589041
16 0.7808219178082192 0.1308980213089802 0.0319634703196347 0.2526636225266362
10 0.3219178082191781 0.24124809741248096 0.0273972602739726 0.0350076103500761
3 0.136986301369863 0.319634703196347 0.271689497716895 0.0426179604261796
10 0.502283105022831 0.24124809741248096 0.08447488584474885 0.0441400304414003
6 0.2591324200913242 0.2602739726027397 0.0228310502283105 0.0700152207001522
6 0.11015981735159817 0.2709284627092846 0.033105022831050226 0.0943683409436834
16 0.3938356164383562 0.1643835616438356 0.0136986301369863 0.1582952815829528
2 0.4058219178082192 0.13013698630136986 0.019406392694063926 0.0502283105022831
16 0.3687214611872146 0.1263318112633181 0.01598173515981735 0.2404870624048706
16 0.8259132420091324 0.1811263318112633 0.017123287671232876 0.1126331811263318
10 0.339041095890411 0.23059360730593606 0.02968036529680365 0.0289193302891933
10 0.4811643835616438 0.22602739726027396 0.03767123287671233 0.0258751902587519
6 0.3436073059360731 0.2328767123287671 0.0182648401826484 0.030441400304414
10 0.5268264840182648 0.2207001522070015 0.04680365296803653 0.0213089802130898
10 0.20833333333333334 0.2503805175038052 0.03767123287671233 0.0563165905631659
15 0.7009132420091324 0.319634703196347 0.0228310502283105 0.0365296803652968
15 0.6147260273972602 0.3181126331811263 0.023972602739726026 0.0395738203957382
15 0.5713470319634704 0.317351598173516 0.023972602739726026 0.0380517503805175
15 0.5234018264840182 0.317351598173516 0.021689497716894976 0.0380517503805175
