12 0.435 0.65 0.23 0.37666666666666665
12 0.9158333333333334 0.2866666666666667 0.12833333333333333 0.18
12 0.7066666666666667 0.2175 0.09666666666666666 0.145
12 0.5541666666666667 0.16166666666666665 0.075 0.11666666666666667
12 0.4708333333333333 0.1275 0.06166666666666667 0.09833333333333333
12 0.41 0.10916666666666666 0.056666666666666664 0.095
12 0.2825 0.0725 0.045 0.07166666666666667
12 0.255 0.059166666666666666 0.03333333333333333 0.06833333333333333
12 0.22166666666666668 0.0525 0.04 0.065
12 0.18166666666666667 0.04083333333333333 0.03333333333333333 0.058333333333333334
9 0.5766666666666667 0.06583333333333333 0.36333333333333334 0.12833333333333333
10 0.3466666666666667 0.03166666666666667 0.10666666666666667 0.06
10 0.24833333333333332 0.021666666666666667 0.09333333333333334 0.04
