5 0.5465686274509803 0.2622549019607843 0.1715686274509804 0.1781045751633987
10 0.059640522875817 0.5620915032679739 0.04084967320261438 0.029411764705882353
10 0.1323529411764706 0.5326797385620915 0.06535947712418301 0.02287581699346405
10 0.12173202614379085 0.511437908496732 0.021241830065359478 0.0196078431372549
6 0.011437908496732025 0.6086601307189542 0.0196078431372549 0.07679738562091504
6 0.3472222222222222 0.5735294117647058 0.024509803921568627 0.06535947712418301
10 0.1511437908496732 0.5465686274509803 0.03431372549019608 0.024509803921568627
10 0.19362745098039216 0.559640522875817 0.04411764705882353 0.017973856209150325
9 0.19526143790849673 0.5866013071895425 0.06372549019607843 0.058823529411764705
10 0.14052287581699346 0.46895424836601307 0.016339869281045753 0.013071895424836602
16 0.39624183006535946 0.477124183006536 0.04738562091503268 0.6176470588235294
0 0.28594771241830064 0.5506535947712419 0.0392156862745098 0.10784313725490197
0 0.9550653594771242 0.3055555555555556 0.08986928104575163 0.6078431372549019
16 0.761437908496732 0.6013071895424836 0.0392156862745098 0.20588235294117646
0 0.821078431372549 0.16830065359477125 0.08006535947712418 0.28431372549019607
