10 0.7654109589041096 0.3584474885844749 0.11529680365296803 0.0989345509893455
10 0.8424657534246576 0.3386605783866058 0.08447488584474885 0.0715372907153729
3 0.4098173515981735 0.6993911719939118 0.817351598173516 0.6012176560121766
6 0.4235159817351598 0.3858447488584475 0.0410958904109589 0.1567732115677321
10 0.9172374429223744 0.3226788432267884 0.05365296803652968 0.0426179604261796
11 0.09817351598173515 0.3645357686453577 0.0547945205479452 0.0684931506849315
10 0.702054794520548 0.3363774733637747 0.04794520547945205 0.060882800608828
10 0.9657534246575342 0.3203957382039574 0.0684931506849315 0.0624048706240487
6 0.3093607305936073 0.3614916286149163 0.04337899543378995 0.1080669710806697
10 0.6746575342465754 0.3280060882800609 0.0365296803652968 0.0471841704718417
6 0.3864155251141553 0.3569254185692542 0.04223744292237443 0.1080669710806697
7 0.3070776255707763 0.4003044140030441 0.05707762557077625 0.0791476407914764
6 0.5953196347031964 0.3264840182648402 0.014840182648401826 0.0471841704718417
10 0.8818493150684932 0.3150684931506849 0.03767123287671233 0.0365296803652968
6 0.5251141552511416 0.3675799086757991 0.03424657534246575 0.1293759512937595
3 0.7779680365296804 0.3888888888888889 0.4440639269406393 0.0410958904109589
16 0.4788812785388128 0.2876712328767123 0.014840182648401826 0.2039573820395738
16 0.557648401826484 0.2762557077625571 0.014840182648401826 0.1872146118721461
10 0.7893835616438356 0.3112633181126332 0.05365296803652968 0.0319634703196347
16 0.0091324200913242 0.2777777777777778 0.01598173515981735 0.2359208523592085
14 0.4600456621004566 0.3736681887366819 0.0091324200913242 0.0441400304414003
16 0.4098173515981735 0.2633181126331811 0.01141552511415525 0.1430745814307458
0 0.567351598173516 0.3036529680365297 0.01598173515981735 0.1263318112633181
16 0.05422374429223744 0.20776255707762556 0.021689497716894976 0.3668188736681887
9 0.6598173515981736 0.3082191780821918 0.0410958904109589 0.0593607305936073
2 0.4018264840182648 0.22602739726027396 0.0228310502283105 0.0471841704718417
14 0.6535388127853882 0.350076103500761 0.007990867579908675 0.0426179604261796
