3 0.6278538812785388 0.7039573820395738 0.7442922374429224 0.5920852359208524
10 0.598744292237443 0.3576864535768645 0.07876712328767123 0.0578386605783866
10 0.2751141552511416 0.4048706240487062 0.3036529680365297 0.1156773211567732
10 0.877283105022831 0.3599695585996956 0.1815068493150685 0.0989345509893455
6 0.059931506849315065 0.3926940639269406 0.030821917808219176 0.0974124809741248
10 0.9235159817351598 0.4178082191780822 0.15296803652968036 0.1628614916286149
11 0.723744292237443 0.3850837138508371 0.04794520547945205 0.0578386605783866
10 0.4931506849315068 0.3614916286149163 0.04337899543378995 0.0319634703196347
16 0.1461187214611872 0.2511415525114155 0.02511415525114155 0.2770167427701674
16 0.9691780821917808 0.2024353120243531 0.02054794520547945 0.2983257229832572
6 0.011986301369863013 0.3919330289193303 0.021689497716894976 0.0867579908675799
16 0.21289954337899544 0.1917808219178082 0.028538812785388126 0.3592085235920852
2 0.4292237442922374 0.24124809741248096 0.0136986301369863 0.0380517503805175
6 0.7197488584474886 0.3691019786910198 0.026255707762557076 0.0684931506849315
2 0.651255707762557 0.2450532724505327 0.014840182648401826 0.0395738203957382
10 0.4029680365296804 0.3554033485540335 0.02511415525114155 0.0228310502283105
9 0.4309360730593607 0.3432267884322679 0.04452054794520548 0.0471841704718417
1 0.29337899543379 0.2929984779299848 0.0136986301369863 0.0319634703196347
10 0.3573059360730594 0.3470319634703196 0.01598173515981735 0.015220700152207
16 0.7905251141552512 0.24277016742770166 0.010273972602739725 0.2054794520547945
16 0.627283105022831 0.2983257229832572 0.007990867579908675 0.0943683409436834
16 0.17636986301369864 0.2404870624048706 0.023972602739726026 0.2709284627092846
3 0.593607305936073 0.3850837138508371 0.3493150684931507 0.0273972602739726
16 0.3681506849315068 0.2617960426179604 0.012557077625570776 0.1917808219178082
16 0.3219178082191781 0.2922374429223744 0.0091324200913242 0.1004566210045662
10 0.3795662100456621 0.3508371385083714 0.019406392694063926 0.0167427701674277
16 0.5388127853881278 0.2952815829528158 0.0091324200913242 0.1308980213089802
16 0.384703196347032 0.2511415525114155 0.01141552511415525 0.2252663622526636
5 0.5587899543378996 0.2572298325722983 0.017123287671232876 0.0243531202435312
