12 0.947125 0.44616666666666666 0.07775 0.16033333333333333
12 0.70975 0.42983333333333335 0.062 0.14433333333333334
12 0.51925 0.398 0.05 0.11866666666666667
12 0.324 0.3665 0.0405 0.09433333333333334
12 0.24925 0.35833333333333334 0.0405 0.08866666666666667
12 0.161375 0.3395 0.03325 0.07566666666666666
12 0.215625 0.31633333333333336 0.03325 0.07066666666666667
11 0.16675 0.2743333333333333 0.078 0.088
11 0.08975 0.2755 0.04 0.05566666666666667
11 0.037625 0.2733333333333333 0.03775 0.056
7 0.025 0.2808333333333333 0.025 0.035
11 0.01375 0.25966666666666666 0.027 0.058
11 0.06925 0.27466666666666667 0.036 0.056
11 0.115125 0.2765 0.02225 0.04833333333333333
