6 0.7802511415525114 0.3713850837138508 0.03767123287671233 0.1278538812785388
1 0.7420091324200914 0.11491628614916286 0.03881278538812785 0.1293759512937595
3 0.5005707762557078 0.710806697108067 0.9988584474885844 0.578386605783866
11 0.3727168949771689 0.3828006088280061 0.09931506849315068 0.0837138508371385
11 0.776255707762557 0.3873668188736682 0.1141552511415525 0.0867579908675799
6 0.5639269406392694 0.3249619482496195 0.0273972602739726 0.1080669710806697
11 0.305365296803653 0.3378995433789954 0.05136986301369863 0.0487062404870624
0 0.3436073059360731 0.258751902587519 0.02968036529680365 0.1917808219178082
10 0.9360730593607306 0.4619482496194825 0.1278538812785388 0.2328767123287671
16 0.646689497716895 0.3036529680365297 0.017123287671232876 0.2146118721461187
10 0.09189497716894977 0.3089802130898021 0.09474885844748858 0.0517503805175038
16 0.5279680365296804 0.2656012176560122 0.014840182648401826 0.2694063926940639
1 0.5439497716894978 0.18493150684931506 0.026255707762557076 0.0563165905631659
6 0.3801369863013699 0.3592085235920852 0.045662100456621 0.1308980213089802
14 0.5930365296803652 0.3820395738203957 0.010273972602739725 0.060882800608828
14 0.54337899543379 0.3797564687975647 0.01141552511415525 0.0593607305936073
16 0.9457762557077626 0.3028919330289193 0.021689497716894976 0.1613394216133942
14 0.4988584474885845 0.3789954337899543 0.01141552511415525 0.0578386605783866
5 0.2534246575342466 0.20015220700152206 0.02968036529680365 0.0471841704718417
6 0.2585616438356164 0.3302891933028919 0.023972602739726026 0.0974124809741248
6 0.1615296803652968 0.3257229832572298 0.03995433789954338 0.0730593607305936
14 0.45662100456621 0.380517503805175 0.01141552511415525 0.060882800608828
0 0.3156392694063927 0.2701674277016743 0.019406392694063926 0.1171993911719939
10 0.3007990867579909 0.6400304414003044 0.5993150684931506 0.7199391171993912
0 0.050799086757990865 0.2526636225266362 0.021689497716894976 0.1035007610350076
6 0.2391552511415525 0.3280060882800609 0.023972602739726026 0.0989345509893455
0 0.1386986301369863 0.2678843226788432 0.023972602739726026 0.0974124809741248
14 0.644406392694064 0.3820395738203957 0.012557077625570776 0.0578386605783866
16 0.7585616438356164 0.1856925418569254 0.021689497716894976 0.3105022831050228
0 0.4103881278538813 0.2815829528158295 0.019406392694063926 0.0943683409436834
16 0.8287671232876712 0.1765601217656012 0.02054794520547945 0.350076103500761
16 0.8087899543378996 0.1704718417047184 0.033105022831050226 0.3378995433789954
6 0.0091324200913242 0.286910197869102 0.01598173515981735 0.0289193302891933
0 0.21404109589041095 0.2861491628614916 0.014840182648401826 0.076103500761035
13 0.7317351598173516 0.3668188736681887 0.04794520547945205 0.076103500761035
10 0.2922374429223744 0.3112633181126332 0.03424657534246575 0.0350076103500761
