0 0.8549019607843137 0.4158088235294118 0.2803921568627451 0.8301470588235295
0 0.36911764705882355 0.23272058823529412 0.05784313725490196 0.17720588235294119
0 0.7495098039215686 0.23786764705882352 0.05 0.14779411764705883
7 0.6715686274509803 0.2988970588235294 0.043137254901960784 0.03897058823529412
0 0.5681372549019608 0.2113970588235294 0.03235294117647059 0.12426470588235294
0 0.5225490196078432 0.21029411764705883 0.03137254901960784 0.12205882352941176
0 0.6612745098039216 0.21213235294117647 0.04019607843137255 0.11838235294117647
16 0.4950980392156863 0.2783088235294118 0.011764705882352941 0.08308823529411764
16 0.4137254901960784 0.22316176470588237 0.023529411764705882 0.1801470588235294
0 0.16666666666666666 0.25036764705882353 0.052941176470588235 0.13602941176470587
0 0.6132352941176471 0.21176470588235294 0.030392156862745098 0.11323529411764706
0 0.6911764705882353 0.24044117647058824 0.0196078431372549 0.04852941176470588
0 0.4441176470588235 0.22242647058823528 0.029411764705882353 0.08455882352941177
3 0.3034313725490196 0.3613970588235294 0.6049019607843137 0.06102941176470588
