15 0.42133333333333334 0.397 0.042666666666666665 0.048666666666666664
15 0.5473333333333333 0.3835 0.042666666666666665 0.043666666666666666
15 0.4995 0.329 0.026333333333333334 0.028666666666666667
15 0.6233333333333333 0.37566666666666665 0.03866666666666667 0.04133333333333333
15 0.6978333333333333 0.3655 0.036333333333333336 0.03966666666666667
15 0.6738333333333333 0.3565 0.027666666666666666 0.037
15 0.635 0.3443333333333333 0.029333333333333333 0.03333333333333333
15 0.6151666666666666 0.3373333333333333 0.025666666666666667 0.030666666666666665
15 0.5946666666666667 0.328 0.026 0.030666666666666665
10 0.6406666666666667 0.2375 0.056 0.044333333333333336
6 0.214 0.25933333333333336 0.04066666666666666 0.04733333333333333
6 0.877 0.2931666666666667 0.051333333333333335 0.143
15 0.9528333333333333 0.2976666666666667 0.025666666666666667 0.034
6 0.9305 0.2705 0.035 0.09166666666666666
6 0.9716666666666667 0.26266666666666666 0.04666666666666667 0.048666666666666664
6 0.8125 0.24883333333333332 0.03966666666666667 0.04766666666666667
14 0.8121666666666667 0.29 0.010333333333333333 0.048
14 0.8016666666666666 0.28733333333333333 0.010666666666666666 0.048
14 0.7938333333333333 0.2866666666666667 0.007 0.048666666666666664
6 0.7938333333333333 0.2345 0.017 0.027666666666666666
6 0.5973333333333334 0.23116666666666666 0.014666666666666666 0.015666666666666666
10 0.5506666666666666 0.24233333333333335 0.020666666666666667 0.03266666666666666
11 0.5245 0.23966666666666667 0.027 0.04933333333333333
13 0.20066666666666666 0.3468333333333333 0.16266666666666665 0.137
0 0.31216666666666665 0.24966666666666668 0.07833333333333334 0.32
