10 0.1386986301369863 0.4315068493150685 0.22945205479452055 0.1232876712328767
6 0.6843607305936074 0.6286149162861492 0.2089041095890411 0.593607305936073
7 0.384703196347032 0.7983257229832572 0.3926940639269406 0.3972602739726027
10 0.8601598173515982 0.4041095890410959 0.22031963470319635 0.0989345509893455
7 0.6917808219178082 0.7191780821917808 0.3424657534246575 0.3668188736681887
10 0.285958904109589 0.3919330289193303 0.04452054794520548 0.0410958904109589
10 0.4823059360730594 0.4771689497716895 0.3550228310502283 0.1963470319634703
16 0.5348173515981736 0.2907153729071537 0.014840182648401826 0.0882800608828006
10 0.2574200913242009 0.4048706240487062 0.04223744292237443 0.0517503805175038
1 0.2791095890410959 0.2617960426179604 0.012557077625570776 0.0365296803652968
1 0.24771689497716895 0.2640791476407915 0.0136986301369863 0.0380517503805175
10 0.3224885844748858 0.3858447488584475 0.033105022831050226 0.0258751902587519
1 0.22773972602739725 0.2633181126331811 0.012557077625570776 0.0365296803652968
6 0.4098173515981735 0.6133942161339422 0.2625570776255708 0.6301369863013698
16 0.375 0.3066971080669711 0.010273972602739725 0.1202435312024353
16 0.4263698630136986 0.1735159817351598 0.017123287671232876 0.2557077625570776
3 0.4628995433789954 0.7427701674277016 0.9235159817351598 0.502283105022831
1 0.6295662100456622 0.3264840182648402 0.012557077625570776 0.0319634703196347
16 0.03424657534246575 0.3371385083713851 0.0091324200913242 0.0928462709284627
16 0.6244292237442922 0.3386605783866058 0.01141552511415525 0.0837138508371385
6 0.007420091324200913 0.3972602739726027 0.012557077625570776 0.0395738203957382
6 0.3418949771689498 0.3888888888888889 0.010273972602739725 0.0228310502283105
10 0.625 0.4939117199391172 0.4531963470319635 0.2267884322678843
6 0.3573059360730594 0.3774733637747336 0.01141552511415525 0.0213089802130898
10 0.7791095890410958 0.3926940639269406 0.05821917808219178 0.0334855403348554
9 0.4571917808219178 0.4231354642313546 0.3070776255707763 0.1735159817351598
10 0.8904109589041096 0.4482496194824962 0.2191780821917808 0.1537290715372907
9 0.3544520547945205 0.3706240487062405 0.03538812785388128 0.0350076103500761
6 0.04452054794520548 0.3926940639269406 0.01141552511415525 0.0395738203957382
