6 0.2980392156862745 0.08786764705882352 0.08823529411764706 0.1375
10 0.1392156862745098 0.052941176470588235 0.09215686274509804 0.054411764705882354
6 0.45294117647058824 0.05661764705882353 0.045098039215686274 0.07058823529411765
11 0.296078431372549 0.14191176470588235 0.08823529411764706 0.10882352941176471
11 0.453921568627451 0.08161764705882353 0.041176470588235294 0.054411764705882354
0 0.19852941176470587 0.028308823529411765 0.04019607843137255 0.05514705882352941
16 0.1450980392156863 0.04375 0.054901960784313725 0.08602941176470588
6 0.5480392156862746 0.026470588235294117 0.01764705882352941 0.026470588235294117
0 0.2985294117647059 0.026470588235294117 0.030392156862745098 0.051470588235294115
0 0.37745098039215685 0.02389705882352941 0.01764705882352941 0.04632352941176471
0 0.3980392156862745 0.021323529411764706 0.01764705882352941 0.041176470588235294
0 0.4161764705882353 0.01801470588235294 0.014705882352941176 0.03455882352941177
6 0.8338235294117647 0.5205882352941177 0.020588235294117647 0.026470588235294117
0 0.3416666666666667 0.02022058823529412 0.020588235294117647 0.03897058823529412
7 0.09264705882352942 0.1363970588235294 0.09313725490196079 0.04338235294117647
11 0.5122549019607843 0.046691176470588236 0.016666666666666666 0.027205882352941177
6 0.5205882352941177 0.039705882352941174 0.027450980392156862 0.033823529411764704
11 0.5475490196078432 0.06985294117647059 0.03431372549019608 0.057352941176470586
4 0.4235294117647059 0.580514705882353 0.2529411764705882 0.8330882352941177
