3 0.6883561643835616 0.69558599695586 0.6232876712328768 0.60882800608828
10 0.9554794520547946 0.3409436834094368 0.08904109589041095 0.1035007610350076
16 0.19406392694063926 0.21080669710806696 0.0365296803652968 0.4185692541856925
11 0.11929223744292237 0.4474885844748858 0.2271689497716895 0.1643835616438356
2 0.9703196347031964 0.121765601217656 0.0228310502283105 0.060882800608828
10 0.589041095890411 0.3188736681887367 0.0684931506849315 0.0532724505327245
6 0.10901826484018265 0.4071537290715373 0.08333333333333333 0.1902587519025875
0 0.841324200913242 0.2792998477929985 0.0182648401826484 0.0867579908675799
14 0.4948630136986301 0.3523592085235921 0.010273972602739725 0.0502283105022831
16 0.4075342465753425 0.19863013698630136 0.0228310502283105 0.3942161339421613
14 0.4492009132420091 0.3584474885844749 0.010273972602739725 0.0563165905631659
10 0.521689497716895 0.3051750380517504 0.0365296803652968 0.0410958904109589
1 0.5388127853881278 0.20471841704718416 0.0182648401826484 0.0441400304414003
0 0.771689497716895 0.2815829528158295 0.01141552511415525 0.0791476407914764
6 0.4817351598173516 0.3158295281582953 0.02054794520547945 0.0715372907153729
0 0.5753424657534246 0.2952815829528158 0.0182648401826484 0.1248097412480974
6 0.7146118721461188 0.2968036529680365 0.0091324200913242 0.030441400304414
3 0.7905251141552512 0.3774733637747336 0.3915525114155251 0.0487062404870624
0 0.9275114155251142 0.2572298325722983 0.019406392694063926 0.1035007610350076
6 0.2482876712328767 0.3523592085235921 0.030821917808219176 0.1232876712328767
16 0.5393835616438356 0.3036529680365297 0.012557077625570776 0.1415525114155251
0 0.6843607305936074 0.2823439878234399 0.010273972602739725 0.0563165905631659
0 0.511986301369863 0.2899543378995434 0.010273972602739725 0.0837138508371385
10 0.5490867579908676 0.3082191780821918 0.0410958904109589 0.0410958904109589
6 0.7243150684931506 0.2945205479452055 0.010273972602739725 0.0350076103500761
6 0.4971461187214612 0.2998477929984779 0.012557077625570776 0.0426179604261796
