6 0.4703125 0.5895833333333333 0.1875 0.4791666666666667
6 0.2296875 0.69375 0.23125 0.4625
6 0.59609375 0.41354166666666664 0.0578125 0.15208333333333332
6 0.4296875 0.3770833333333333 0.046875 0.2125
6 0.39375 0.3802083333333333 0.04375 0.21458333333333332
6 0.38125 0.38125 0.0375 0.20833333333333334
6 0.33671875 0.3802083333333333 0.0515625 0.21041666666666667
6 0.2640625 0.340625 0.06875 0.11875
6 0.653125 0.4 0.09375 0.275
6 0.778125 0.4197916666666667 0.06875 0.12291666666666666
6 0.84140625 0.4114583333333333 0.0515625 0.13958333333333334
6 0.93046875 0.41354166666666664 0.0640625 0.13125
6 0.53828125 0.378125 0.0515625 0.21041666666666667
6 0.05078125 0.3614583333333333 0.0484375 0.18958333333333333
6 0.0859375 0.30625 0.0375 0.07083333333333333
6 0.1 0.41770833333333335 0.06875 0.15208333333333332
6 0.13046875 0.33229166666666665 0.0390625 0.13125
6 0.15625 0.3802083333333333 0.046875 0.18958333333333333
6 0.2046875 0.3802083333333333 0.05625 0.19375
6 0.26328125 0.43020833333333336 0.0640625 0.11875
6 0.30625 0.3770833333333333 0.034375 0.2
6 0.378125 0.3770833333333333 0.025 0.20416666666666666
6 0.7140625 0.41041666666666665 0.05 0.12083333333333333
6 0.82734375 0.36666666666666664 0.0546875 0.12916666666666668
16 0.05625 0.09479166666666666 0.025 0.18541666666666667
16 0.23984375 0.09791666666666667 0.0234375 0.19166666666666668
16 0.89375 0.09791666666666667 0.028125 0.19166666666666668
