14 0.3949652777777778 0.6452546296296297 0.05381944444444445 0.29050925925925924
14 0.6019965277777778 0.5329861111111112 0.035590277777777776 0.1909722222222222
14 0.7074652777777778 0.47685185185185186 0.03125 0.14583333333333334
14 0.7725694444444444 0.4409722222222222 0.026041666666666668 0.11574074074074074
14 0.8159722222222222 0.41724537037037035 0.020833333333333332 0.09606481481481481
10 0.9583333333333334 0.3246527777777778 0.057291666666666664 0.059027777777777776
6 0.8841145833333334 0.3177083333333333 0.014756944444444444 0.05439814814814815
11 0.7387152777777778 0.3929398148148148 0.05555555555555555 0.10069444444444445
7 0.6532118055555556 0.4212962962962963 0.07378472222222222 0.13194444444444445
12 0.5633680555555556 0.42997685185185186 0.06076388888888889 0.03819444444444445
11 0.08680555555555555 0.43113425925925924 0.0642361111111111 0.13541666666666666
16 0.3433159722222222 0.25752314814814814 0.04774305555555555 0.5127314814814815
11 0.03515625 0.41898148148148145 0.0685763888888889 0.10185185185185185
6 0.0837673611111111 0.3680555555555556 0.06510416666666667 0.13657407407407407
10 0.9900173611111112 0.3194444444444444 0.016493055555555556 0.034722222222222224
0 0.8780381944444444 0.2760416666666667 0.026909722222222224 0.10300925925925926
16 0.9283854166666666 0.20601851851851852 0.028645833333333332 0.24074074074074073
6 0.9327256944444444 0.30960648148148145 0.014756944444444444 0.02199074074074074
