11 0.8852941176470588 0.48125 0.22941176470588234 0.24632352941176472
6 0.17058823529411765 0.31691176470588234 0.07647058823529412 0.1661764705882353
0 0.4632352941176471 0.19117647058823528 0.09705882352941177 0.3764705882352941
6 0.7892156862745098 0.2514705882352941 0.023529411764705882 0.04852941176470588
0 0.6955882352941176 0.23051470588235295 0.04215686274509804 0.13455882352941176
11 0.9254901960784314 0.30183823529411763 0.12941176470588237 0.07573529411764705
6 0.8284313725490197 0.2639705882352941 0.03333333333333333 0.07941176470588235
0 0.7480392156862745 0.23198529411764707 0.06666666666666667 0.1036764705882353
18 0.6441176470588236 0.26029411764705884 0.07058823529411765 0.07352941176470588
11 0.75 0.2676470588235294 0.047058823529411764 0.033823529411764704
4 0.5053921568627451 0.6580882352941176 0.6774509803921569 0.6808823529411765
0 0.9514705882352941 0.22941176470588234 0.05588235294117647 0.12058823529411765
11 0.8877450980392156 0.28161764705882353 0.09901960784313725 0.058823529411764705
9 0.8852941176470588 0.2261029411764706 0.058823529411764705 0.03455882352941177
6 0.9147058823529411 0.23970588235294119 0.023529411764705882 0.020588235294117647
6 0.7534313725490196 0.2566176470588235 0.026470588235294117 0.039705882352941174
16 0.9852941176470589 0.30661764705882355 0.029411764705882353 0.09705882352941177
0 0.8044117647058824 0.22242647058823528 0.016666666666666666 0.06544117647058824
6 0.8602941176470589 0.2426470588235294 0.016666666666666666 0.025
6 0.8818627450980392 0.23455882352941176 0.026470588235294117 0.023529411764705882
10 0.9828431372549019 0.2529411764705882 0.03431372549019608 0.03676470588235294
11 0.7151960784313726 0.2551470588235294 0.026470588235294117 0.026470588235294117
