9 0.39296875 0.8164705882352942 0.3859375 0.2164705882352941
6 0.68984375 0.7929411764705883 0.0484375 0.11764705882352941
10 0.7375 0.7941176470588235 0.075 0.07294117647058823
10 0.6875 0.7752941176470588 0.046875 0.058823529411764705
10 0.65859375 0.7717647058823529 0.0140625 0.042352941176470586
10 0.6515625 0.7647058823529411 0.015625 0.03294117647058824
10 0.66875 0.7729411764705882 0.015625 0.04941176470588235
10 0.59453125 0.7647058823529411 0.0234375 0.018823529411764704
10 0.571875 0.7658823529411765 0.025 0.01647058823529412
16 0.290625 0.5741176470588235 0.015625 0.3341176470588235
16 0.9375 0.5658823529411765 0.040625 0.5388235294117647
1 0.73671875 0.4811764705882353 0.0359375 0.08235294117647059
1 0.95078125 0.6282352941176471 0.0171875 0.06588235294117648
9 0.65234375 0.7447058823529412 0.0328125 0.06823529411764706
10 0.62109375 0.7658823529411765 0.0328125 0.04470588235294118
