5 0.5421875 0.4635416666666667 0.1 0.15208333333333332
6 0.7015625 0.58125 0.05 0.17083333333333334
6 0.65546875 0.5927083333333333 0.0328125 0.13958333333333334
10 0.08359375 0.5885416666666666 0.0953125 0.06041666666666667
16 0.6 0.6375 0.05 0.425
0 0.15390625 0.48854166666666665 0.0609375 0.6770833333333334
16 0.3703125 0.571875 0.05625 0.49375
5 0.0609375 0.5208333333333334 0.015625 0.03333333333333333
16 0.45703125 0.49166666666666664 0.0359375 0.725
16 0.5421875 0.7 0.021875 0.31666666666666665
