5 0.41171875 0.16108786610878661 0.1484375 0.20920502092050208
10 0.47734375 0.5094142259414226 0.0265625 0.02301255230125523
10 0.9171875 0.4989539748953975 0.1625 0.0899581589958159
6 0.9421875 0.5658995815899581 0.0625 0.23221757322175732
6 0.12109375 0.5 0.0234375 0.06276150627615062
10 0.45078125 0.5125523012552301 0.0265625 0.016736401673640166
19 0.17890625 0.502092050209205 0.0140625 0.03347280334728033
6 0.6609375 0.551255230125523 0.053125 0.2280334728033473
10 0.39296875 0.5010460251046025 0.0359375 0.043933054393305436
16 0.415625 0.5543933054393305 0.03125 0.502092050209205
16 0.25546875 0.6056485355648535 0.0203125 0.17364016736401675
