3 0.4406392694063927 0.7572298325722984 0.8789954337899544 0.4855403348554033
10 0.07134703196347032 0.5098934550989346 0.1404109589041096 0.1704718417047184
11 0.7311643835616438 0.4901065449010654 0.06963470319634703 0.060882800608828
1 0.08561643835616438 0.15144596651445966 0.03424657534246575 0.1019786910197869
6 0.7311643835616438 0.4710806697108067 0.033105022831050226 0.0837138508371385
16 0.20776255707762556 0.3546423135464231 0.02511415525114155 0.3165905631659056
6 0.2471461187214612 0.4665144596651446 0.023972602739726026 0.0806697108066971
6 0.773972602739726 0.4604261796042618 0.0228310502283105 0.0837138508371385
2 0.5559360730593608 0.3515981735159817 0.01598173515981735 0.0426179604261796
1 0.13926940639269406 0.1689497716894977 0.0319634703196347 0.0974124809741248
16 0.5519406392694064 0.439117199391172 0.012557077625570776 0.1354642313546423
3 0.8755707762557078 0.5038051750380518 0.24885844748858446 0.0365296803652968
16 0.03538812785388128 0.2846270928462709 0.02511415525114155 0.289193302891933
6 0.6381278538812786 0.4649923896499239 0.0228310502283105 0.0806697108066971
16 0.1769406392694064 0.439117199391172 0.0136986301369863 0.1445966514459665
6 0.6638127853881278 0.4589041095890411 0.021689497716894976 0.0806697108066971
14 0.6044520547945206 0.4893455098934551 0.007990867579908675 0.0441400304414003
16 0.78824200913242 0.3546423135464231 0.014840182648401826 0.2557077625570776
14 0.6484018264840182 0.4885844748858447 0.0091324200913242 0.0426179604261796
16 0.7009132420091324 0.2359208523592085 0.0182648401826484 0.4596651445966514
6 0.7328767123287672 0.4375951293759513 0.0182648401826484 0.0410958904109589
0 0.1569634703196347 0.4345509893455099 0.017123287671232876 0.1537290715372907
16 0.7985159817351598 0.3538812785388128 0.014840182648401826 0.2541856925418569
14 0.9178082191780822 0.4649923896499239 0.0091324200913242 0.0410958904109589
8 0.8590182648401826 0.4155251141552511 0.021689497716894976 0.0213089802130898
0 0.021118721461187213 0.3622526636225266 0.017123287671232876 0.1278538812785388
0 0.3818493150684932 0.4337899543378995 0.014840182648401826 0.0547945205479452
10 0.9452054794520548 0.4269406392694064 0.0228310502283105 0.0197869101978691
10 0.9840182648401826 0.4277016742770167 0.0319634703196347 0.030441400304414
10 0.9218036529680366 0.4277016742770167 0.028538812785388126 0.0243531202435312
8 0.8310502283105022 0.4147640791476408 0.0228310502283105 0.0136986301369863
