10 0.331 0.9461538461538461 0.198 0.1076923076923077
10 0.126 0.9492307692307692 0.2 0.09538461538461539
10 0.672 0.8815384615384615 0.048 0.04
10 0.252 0.8923076923076924 0.072 0.09230769230769231
10 0.388 0.8938461538461538 0.048 0.052307692307692305
10 0.766 0.9 0.06 0.052307692307692305
10 0.903 0.9215384615384615 0.142 0.052307692307692305
10 0.668 0.9415384615384615 0.116 0.08615384615384615
10 0.553 0.9061538461538462 0.062 0.046153846153846156
10 0.785 0.9292307692307692 0.074 0.08615384615384615
10 0.04 0.9676923076923077 0.076 0.06461538461538462
16 0.631 0.6184615384615385 0.03 0.7323076923076923
16 0.704 0.5061538461538462 0.04 0.9384615384615385
16 0.362 0.6784615384615384 0.028 0.6369230769230769
16 0.126 0.8876923076923077 0.02 0.19384615384615383
1 0.363 0.6892307692307692 0.03 0.11076923076923077
5 0.129 0.7507692307692307 0.046 0.07384615384615385
10 0.859 0.9707692307692307 0.278 0.05846153846153846
10 0.465 0.8953846153846153 0.05 0.055384615384615386
