3 0.4503424657534247 0.65220700152207 0.8984018264840182 0.6925418569254186
10 0.08732876712328767 0.2914764079147641 0.1723744292237443 0.1445966514459665
10 0.8995433789954338 0.2374429223744292 0.1232876712328767 0.0578386605783866
0 0.18093607305936074 0.19863013698630136 0.023972602739726026 0.1628614916286149
14 0.6449771689497716 0.2663622526636225 0.0091324200913242 0.060882800608828
0 0.678082191780822 0.21385083713850836 0.01598173515981735 0.0898021308980213
2 0.7157534246575342 0.1659056316590563 0.01141552511415525 0.0273972602739726
0 0.5525114155251142 0.2085235920852359 0.0136986301369863 0.0821917808219178
0 0.8213470319634704 0.2054794520547945 0.012557077625570776 0.0974124809741248
14 0.7271689497716894 0.2541856925418569 0.0091324200913242 0.0517503805175038
16 0.4708904109589041 0.13622526636225266 0.019406392694063926 0.2694063926940639
14 0.5627853881278538 0.2694063926940639 0.0091324200913242 0.0547945205479452
14 0.5468036529680366 0.2549467275494673 0.0091324200913242 0.0319634703196347
0 0.12100456621004566 0.21841704718417046 0.01598173515981735 0.0745814307458143
10 0.018835616438356163 0.3257229832572298 0.03538812785388128 0.1278538812785388
14 0.7831050228310502 0.2572298325722983 0.0091324200913242 0.045662100456621
16 0.4577625570776256 0.14231354642313546 0.0228310502283105 0.2815829528158295
14 0.615296803652968 0.2503805175038052 0.00684931506849315 0.0289193302891933
14 0.7745433789954338 0.22907153729071536 0.010273972602739725 0.0563165905631659
0 0.91837899543379 0.17732115677321156 0.012557077625570776 0.0624048706240487
16 0.9811643835616438 0.17884322678843226 0.014840182648401826 0.1202435312024353
14 0.6535388127853882 0.24885844748858446 0.007990867579908675 0.0289193302891933
14 0.9897260273972602 0.2313546423135464 0.00684931506849315 0.0273972602739726
14 0.9697488584474886 0.23211567732115676 0.005707762557077625 0.0258751902587519
16 0.7203196347031964 0.1993911719939117 0.0091324200913242 0.121765601217656
14 0.5684931506849316 0.2511415525114155 0.00684931506849315 0.0243531202435312
3 0.644406392694064 0.2747336377473364 0.20205479452054795 0.0319634703196347
