10 0.8729166666666667 0.72109375 0.25416666666666665 0.2078125
10 0.38645833333333335 0.57578125 0.014583333333333334 0.0078125
6 0.921875 0.6046875 0.035416666666666666 0.034375
6 0.015625 0.63203125 0.027083333333333334 0.0984375
6 0.06770833333333333 0.6375 0.07291666666666667 0.109375
6 0.9479166666666666 0.60546875 0.029166666666666667 0.0359375
6 0.5479166666666667 0.5828125 0.0125 0.025
10 0.4270833333333333 0.57890625 0.03333333333333333 0.0171875
9 0.6854166666666667 0.60703125 0.17083333333333334 0.0609375
10 0.3645833333333333 0.58125 0.029166666666666667 0.015625
8 0.34375 0.56640625 0.025 0.0296875
16 0.5791666666666667 0.6890625 0.07083333333333333 0.521875
16 0.15104166666666666 0.6046875 0.01875 0.078125
1 0.5427083333333333 0.2890625 0.18125 0.275
