7 0.608 0.744 0.048 0.13866666666666666
10 0.437 0.6986666666666667 0.146 0.17066666666666666
10 0.635 0.6733333333333333 0.17 0.07733333333333334
10 0.739 0.6653333333333333 0.114 0.06666666666666667
10 0.534 0.6813333333333333 0.1 0.07733333333333334
10 0.677 0.6693333333333333 0.094 0.08
6 0.603 0.692 0.054 0.19466666666666665
6 0.836 0.688 0.088 0.22933333333333333
10 0.066 0.74 0.04 0.12
10 0.955 0.6533333333333333 0.086 0.07466666666666667
9 0.702 0.616 0.088 0.058666666666666666
0 0.289 0.4706666666666667 0.046 0.312
16 0.031 0.5013333333333333 0.058 0.9973333333333333
16 0.201 0.42533333333333334 0.042 0.8453333333333334
5 0.071 0.128 0.054 0.08533333333333333
5 0.072 0.256 0.048 0.064
5 0.229 0.43866666666666665 0.03 0.034666666666666665
14 0.278 0.8693333333333333 0.088 0.256
14 0.879 0.6813333333333333 0.022 0.07733333333333334
14 0.902 0.68 0.024 0.07466666666666667
14 0.927 0.6813333333333333 0.026 0.07733333333333334
14 0.964 0.6853333333333333 0.028 0.09066666666666667
14 0.991 0.6866666666666666 0.018 0.088
