16 0.9775735294117647 0.03529411764705882 0.02426470588235294 0.06862745098039216
4 0.8125 0.7558823529411764 0.25 0.48823529411764705
4 0.6426470588235295 0.5338235294117647 0.5426470588235294 0.19705882352941176
4 0.48970588235294116 0.4357843137254902 0.22794117647058823 0.16568627450980392
4 0.4919117647058823 0.36323529411764705 0.2 0.06372549019607843
4 0.5400735294117647 0.2725490196078431 0.2977941176470588 0.19019607843137254
11 0.9768382352941176 0.1426470588235294 0.04632352941176471 0.15588235294117647
11 0.9569852941176471 0.1034313725490196 0.07279411764705883 0.08725490196078431
0 0.9393382352941176 0.050980392156862744 0.04485294117647059 0.1
0 0.9176470588235294 0.04411764705882353 0.023529411764705882 0.08627450980392157
6 0.8477941176470588 0.04068627450980392 0.011764705882352941 0.04411764705882353
10 0.8238970588235294 0.03284313725490196 0.021323529411764706 0.03431372549019608
18 0.8830882352941176 0.03480392156862745 0.04852941176470588 0.05784313725490196
11 0.8915441176470589 0.050980392156862744 0.028676470588235293 0.03725490196078431
