3 0.5 0.6141552511415526 0.997716894977169 0.771689497716895
10 0.19920091324200914 0.18493150684931506 0.13812785388127855 0.0989345509893455
7 0.07819634703196347 0.22602739726027396 0.11301369863013698 0.0898021308980213
10 0.3407534246575342 0.15144596651445966 0.07876712328767123 0.0715372907153729
11 0.4788812785388128 0.2039573820395738 0.07420091324200913 0.0852359208523592
16 0.14098173515981735 0.13470319634703196 0.017123287671232876 0.1050228310502283
6 0.478310502283105 0.167427701674277 0.04337899543378995 0.121765601217656
16 0.192351598173516 0.06925418569254185 0.026255707762557076 0.1354642313546423
6 0.2979452054794521 0.16666666666666666 0.0319634703196347 0.0989345509893455
7 0.7808219178082192 0.15753424657534246 0.0365296803652968 0.0837138508371385
16 0.6409817351598174 0.10426179604261795 0.019406392694063926 0.2054794520547945
16 0.10616438356164383 0.1004566210045662 0.03424657534246575 0.197869101978691
6 0.07648401826484018 0.1887366818873668 0.045662100456621 0.1400304414003044
14 0.10159817351598173 0.18340943683409436 0.0091324200913242 0.0410958904109589
7 0.8304794520547946 0.16057838660578386 0.04452054794520548 0.0806697108066971
11 0.6192922374429224 0.1567732115677321 0.028538812785388126 0.0730593607305936
0 0.5821917808219178 0.1035007610350076 0.02511415525114155 0.197869101978691
16 0.3544520547945205 0.0593607305936073 0.017123287671232876 0.1156773211567732
7 0.7442922374429224 0.16514459665144596 0.03881278538812785 0.0745814307458143
16 0.5188356164383562 0.1248097412480974 0.014840182648401826 0.1796042617960426
16 0.6912100456621004 0.10121765601217655 0.017123287671232876 0.1993911719939117
14 0.4063926940639269 0.1841704718417047 0.0091324200913242 0.0578386605783866
16 0.5393835616438356 0.1248097412480974 0.014840182648401826 0.1704718417047184
14 0.4138127853881279 0.18340943683409436 0.010273972602739725 0.0563165905631659
7 0.7100456621004566 0.1598173515981735 0.0319634703196347 0.0852359208523592
10 0.4634703196347032 0.13470319634703196 0.06621004566210045 0.0471841704718417
6 0.030821917808219176 0.15296803652968036 0.0228310502283105 0.0593607305936073
3 0.19748858447488585 0.22907153729071536 0.3926940639269406 0.0471841704718417
9 0.9240867579908676 0.11187214611872145 0.15182648401826485 0.2207001522070015
13 0.6775114155251142 0.1659056316590563 0.05365296803652968 0.0730593607305936
6 0.9651826484018264 0.06621004566210045 0.033105022831050226 0.0410958904109589
