10 0.298 0.7610526315789473 0.036 0.04
10 0.239 0.7705263157894737 0.106 0.06315789473684211
10 0.037 0.7578947368421053 0.066 0.05052631578947368
9 0.097 0.7557894736842106 0.078 0.05052631578947368
10 0.349 0.7663157894736842 0.086 0.06736842105263158
16 0.834 0.4052631578947368 0.108 0.7557894736842106
16 0.683 0.6178947368421053 0.042 0.28842105263157897
16 0.237 0.6442105263157895 0.022 0.1726315789473684
1 0.484 0.5547368421052632 0.04 0.056842105263157895
1 0.629 0.5326315789473685 0.022 0.05894736842105263
1 0.825 0.6557894736842105 0.03 0.035789473684210524
