3 0.2888127853881279 0.7123287671232876 0.5753424657534246 0.5753424657534246
10 0.9252283105022832 0.4071537290715373 0.11301369863013698 0.0715372907153729
6 0.410958904109589 0.4322678843226788 0.05251141552511415 0.1796042617960426
10 0.09246575342465753 0.3987823439878234 0.17579908675799086 0.0974124809741248
6 0.5662100456621004 0.4277016742770167 0.0410958904109589 0.15220700152207
6 0.4571917808219178 0.4330289193302892 0.03995433789954338 0.1719939117199391
6 0.3333333333333333 0.4345509893455099 0.0410958904109589 0.1537290715372907
6 0.7368721461187214 0.4277016742770167 0.04452054794520548 0.1643835616438356
10 0.039383561643835614 0.4581430745814307 0.07648401826484018 0.2861491628614916
10 0.3453196347031963 0.3926940639269406 0.10844748858447488 0.0578386605783866
16 0.7323059360730594 0.2914764079147641 0.010273972602739725 0.1111111111111111
8 0.9583333333333334 0.380517503805175 0.08333333333333333 0.0669710806697108
16 0.6569634703196348 0.3135464231354642 0.014840182648401826 0.1887366818873668
16 0.2813926940639269 0.20776255707762556 0.017123287671232876 0.4094368340943683
16 0.3213470319634703 0.2861491628614916 0.010273972602739725 0.1613394216133942
16 0.8396118721461188 0.3112633181126332 0.010273972602739725 0.1780821917808219
16 0.6021689497716894 0.3759512937595129 0.007990867579908675 0.0791476407914764
10 0.5273972602739726 0.3812785388127854 0.01598173515981735 0.0228310502283105
10 0.5376712328767124 0.3828006088280061 0.0182648401826484 0.0258751902587519
16 0.4982876712328767 0.3401826484018265 0.010273972602739725 0.1232876712328767
11 0.6974885844748858 0.4155251141552511 0.0273972602739726 0.0487062404870624
6 0.6980593607305936 0.4041095890410959 0.023972602739726026 0.0654490106544901
1 0.5981735159817352 0.3219178082191781 0.01141552511415525 0.0289193302891933
10 0.9897260273972602 0.4056316590563166 0.02054794520547945 0.0350076103500761
16 0.7705479452054794 0.3767123287671233 0.00684931506849315 0.0715372907153729
