14 0.9175 0.6533333333333333 0.04 0.11333333333333333
14 0.8475 0.5683333333333334 0.03 0.08333333333333333
14 0.80875 0.5283333333333333 0.0225 0.06333333333333334
14 0.1425 0.5466666666666666 0.02 0.08
14 0.25625 0.5133333333333333 0.0225 0.06
14 0.33 0.49 0.015 0.04666666666666667
10 0.66125 0.40166666666666667 0.0875 0.043333333333333335
10 0.4875 0.4033333333333333 0.075 0.04
6 0.68125 0.4266666666666667 0.0275 0.09333333333333334
11 0.60875 0.44333333333333336 0.0325 0.04666666666666667
6 0.6075 0.4033333333333333 0.03 0.06
6 0.70875 0.40166666666666667 0.0225 0.043333333333333335
7 0.71375 0.43166666666666664 0.0525 0.03666666666666667
14 0.78375 0.5033333333333333 0.0175 0.05333333333333334
14 0.38 0.4766666666666667 0.015 0.04
14 0.7625 0.485 0.015 0.05
