13 0.39375 0.4638888888888889 0.140625 0.32222222222222224
16 0.5705729166666667 0.3763888888888889 0.0296875 0.6638888888888889
16 0.18307291666666667 0.25 0.05364583333333333 0.4981481481481482
10 0.27760416666666665 0.24166666666666667 0.09166666666666666 0.14074074074074075
11 0.87734375 0.3 0.09739583333333333 0.19074074074074074
11 0.07317708333333334 0.20833333333333334 0.044270833333333336 0.05740740740740741
11 0.7419270833333333 0.27824074074074073 0.09114583333333333 0.1527777777777778
13 0.67421875 0.5574074074074075 0.17447916666666666 0.45185185185185184
13 0.5403645833333334 0.5032407407407408 0.1578125 0.36574074074074076
11 0.63359375 0.2671296296296296 0.0734375 0.13796296296296295
11 0.6880208333333333 0.2662037037037037 0.06979166666666667 0.13240740740740742
18 0.39427083333333335 0.2263888888888889 0.10104166666666667 0.14722222222222223
11 0.9846354166666667 0.33194444444444443 0.030729166666666665 0.1824074074074074
11 0.5908854166666667 0.2800925925925926 0.03802083333333333 0.10833333333333334
11 0.5565104166666667 0.274537037037037 0.033854166666666664 0.11203703703703703
11 0.5005208333333333 0.2638888888888889 0.07916666666666666 0.11851851851851852
11 0.45677083333333335 0.26435185185185184 0.03958333333333333 0.09907407407407408
11 0.22083333333333333 0.2324074074074074 0.04375 0.07962962962962963
11 0.33932291666666664 0.2439814814814815 0.0453125 0.08611111111111111
0 0.5234375 0.17407407407407408 0.022916666666666665 0.3037037037037037
0 0.8 0.1935185185185185 0.030208333333333334 0.3851851851851852
3 0.7921875 0.6513888888888889 0.415625 0.4083333333333333
