12 0.8406408094435076 0.7689015691868759 0.1045531197301855 0.25106990014265335
12 0.23102866779089376 0.6048502139800286 0.0657672849915683 0.15406562054208273
10 0.5826306913996627 0.39372325249643364 0.23608768971332209 0.15406562054208273
14 0.7769814502529511 0.3930099857346648 0.016020236087689713 0.09843081312410841
5 0.5139123102866779 0.28031383737517834 0.021079258010118045 0.04992867332382311
16 0.2238617200674536 0.21968616262482168 0.04131534569983136 0.43366619115549215
0 0.040893760539629 0.1804564907275321 0.05311973018549747 0.35805991440798857
0 0.1648397976391231 0.2268188302425107 0.026138279932546374 0.268188302425107
0 0.1163575042158516 0.1840228245363766 0.05902192242833052 0.3651925820256776
16 0.9384485666104553 0.12268188302425106 0.03035413153456998 0.24251069900142652
