10 0.11073059360730593 0.3127853881278539 0.2191780821917808 0.1263318112633181
3 0.5319634703196348 0.6514459665144596 0.9292237442922374 0.5570776255707762
10 0.3618721461187215 0.3340943683409437 0.22146118721461186 0.0898021308980213
10 0.7905251141552512 0.3249619482496195 0.09474885844748858 0.0715372907153729
11 0.04737442922374429 0.4901065449010654 0.09246575342465753 0.319634703196347
16 0.2517123287671233 0.17579908675799086 0.03767123287671233 0.3485540334855403
16 0.3458904109589041 0.15296803652968036 0.0182648401826484 0.2785388127853881
16 0.1877853881278539 0.2222222222222222 0.010273972602739725 0.0639269406392694
2 0.5547945205479452 0.2100456621004566 0.01598173515981735 0.0395738203957382
16 0.5702054794520548 0.1948249619482496 0.014840182648401826 0.2009132420091324
6 0.4965753424657534 0.3066971080669711 0.01141552511415525 0.0380517503805175
6 0.5416666666666666 0.2975646879756469 0.014840182648401826 0.0410958904109589
3 0.7928082191780822 0.3675799086757991 0.3984018264840183 0.0319634703196347
16 0.08276255707762557 0.1552511415525114 0.023972602739726026 0.1856925418569254
6 0.5125570776255708 0.3310502283105023 0.0273972602739726 0.0837138508371385
16 0.410958904109589 0.14840182648401826 0.01598173515981735 0.2907153729071537
6 0.569634703196347 0.3219178082191781 0.02054794520547945 0.0684931506849315
16 0.4292237442922374 0.16362252663622526 0.01598173515981735 0.2663622526636225
11 0.5131278538812786 0.3455098934550989 0.028538812785388126 0.0547945205479452
6 0.5542237442922374 0.3249619482496195 0.017123287671232876 0.0684931506849315
16 0.555365296803653 0.2633181126331811 0.010273972602739725 0.0639269406392694
6 0.4360730593607306 0.289193302891933 0.01598173515981735 0.0334855403348554
7 0.5582191780821918 0.3447488584474886 0.05707762557077625 0.0441400304414003
