10 0.10554371002132196 0.5625 0.19402985074626866 0.115625
10 0.7505330490405118 0.553125 0.22174840085287847 0.125
10 0.6716417910447762 0.4296875 0.17484008528784648 0.08125
10 0.21641791044776118 0.428125 0.15991471215351813 0.09375
10 0.5373134328358209 0.3546875 0.13646055437100213 0.084375
10 0.12153518123667377 0.31953125 0.11513859275053305 0.0703125
10 0.7185501066098081 0.8671875 0.34541577825159914 0.1875
10 0.5149253731343284 0.5953125 0.21535181236673773 0.1375
10 0.6098081023454158 0.2703125 0.11940298507462686 0.071875
10 0.2995735607675906 0.3796875 0.053304904051172705 0.08125
10 0.16417910447761194 0.25625 0.09381663113006397 0.05625
10 0.47121535181236673 0.3015625 0.07249466950959488 0.06875
10 0.3272921108742004 0.2375 0.08315565031982942 0.046875
5 0.9456289978678039 0.2640625 0.04477611940298507 0.03125
10 0.08955223880597014 0.22421875 0.08955223880597014 0.0609375
10 0.5607675906183369 0.240625 0.10660980810234541 0.053125
10 0.21108742004264391 0.22734375 0.07249466950959488 0.0515625
10 0.17484008528784648 0.1625 0.06823027718550106 0.034375
10 0.2547974413646055 0.16953125 0.07036247334754797 0.0390625
10 0.2697228144989339 0.21796875 0.06183368869936034 0.0359375
10 0.4946695095948827 0.225 0.06823027718550106 0.040625
10 0.47761194029850745 0.21015625 0.07249466950959488 0.0421875
