6 0.54140625 0.5333333333333333 0.0578125 0.1
6 0.27265625 0.5614583333333333 0.0140625 0.052083333333333336
10 0.03515625 0.6510416666666666 0.0671875 0.14791666666666667
19 0.1171875 0.61875 0.01875 0.05
6 0.45546875 0.5489583333333333 0.0359375 0.04791666666666667
16 0.8890625 0.3927083333333333 0.0375 0.45208333333333334
12 0.83203125 0.6052083333333333 0.0203125 0.04375
16 0.109375 0.390625 0.03125 0.4979166666666667
3 0.278125 0.8416666666666667 0.553125 0.31666666666666665
1 0.2671875 0.353125 0.021875 0.06458333333333334
6 0.284375 0.565625 0.015625 0.04791666666666667
