16 0.9137254901960784 0.17720588235294119 0.049019607843137254 0.23676470588235293
3 0.8098039215686275 0.4886029411764706 0.3803921568627451 0.3448529411764706
0 0.49558823529411766 0.2452205882352941 0.03431372549019608 0.13897058823529412
14 0.5014705882352941 0.3551470588235294 0.026470588235294117 0.07352941176470588
16 0.6700980392156862 0.20330882352941176 0.028431372549019607 0.22279411764705884
6 0.538235294117647 0.27904411764705883 0.03333333333333333 0.06397058823529411
0 0.8294117647058824 0.24191176470588235 0.03725490196078431 0.11470588235294117
0 0.9367647058823529 0.23345588235294118 0.04607843137254902 0.09485294117647058
0 0.3156862745098039 0.5003676470588235 0.615686274509804 0.9992647058823529
14 0.5583333333333333 0.35404411764705884 0.022549019607843137 0.08455882352941177
5 0.6769607843137255 0.16029411764705884 0.022549019607843137 0.033823529411764704
2 0.8838235294117647 0.19816176470588234 0.026470588235294117 0.03308823529411765
11 0.9921568627450981 0.2867647058823529 0.01568627450980392 0.03676470588235294
11 0.9514705882352941 0.2672794117647059 0.020588235294117647 0.022794117647058822
6 0.9529411764705882 0.2525735294117647 0.0196078431372549 0.019852941176470587
6 0.9901960784313726 0.2610294117647059 0.0196078431372549 0.033823529411764704
