8 0.44140625 0.596875 0.2265625 0.14375
10 0.171875 0.6385416666666667 0.084375 0.08125
10 0.0515625 0.6520833333333333 0.096875 0.09583333333333334
10 0.7625 0.5947916666666667 0.04375 0.022916666666666665
10 0.5828125 0.6302083333333334 0.084375 0.06041666666666667
10 0.66953125 0.6083333333333333 0.0390625 0.041666666666666664
10 0.684375 0.6010416666666667 0.034375 0.035416666666666666
10 0.82265625 0.6125 0.0578125 0.025
10 0.81484375 0.7458333333333333 0.2171875 0.25416666666666665
10 0.721875 0.584375 0.021875 0.010416666666666666
10 0.74296875 0.5802083333333333 0.0109375 0.010416666666666666
10 0.690625 0.5864583333333333 0.03125 0.01875
10 0.8140625 0.5916666666666667 0.025 0.016666666666666666
9 0.6296875 0.6104166666666667 0.065625 0.0625
16 0.92421875 0.4395833333333333 0.0390625 0.6
16 0.04375 0.4552083333333333 0.021875 0.29791666666666666
0 0.8828125 0.5604166666666667 0.028125 0.19166666666666668
