3 0.627283105022831 0.7245053272450532 0.7454337899543378 0.5509893455098934
10 0.1815068493150685 0.3295281582952816 0.0547945205479452 0.0441400304414003
16 0.9594748858447488 0.2267884322678843 0.03995433789954338 0.441400304414003
2 0.1267123287671233 0.0958904109589041 0.0273972602739726 0.076103500761035
6 0.6090182648401826 0.363013698630137 0.021689497716894976 0.0715372907153729
6 0.11358447488584475 0.3424657534246575 0.023972602739726026 0.0791476407914764
2 0.559931506849315 0.2732115677321157 0.014840182648401826 0.0380517503805175
1 0.0228310502283105 0.091324200913242 0.0273972602739726 0.076103500761035
7 0.420662100456621 0.3850837138508371 0.021689497716894976 0.0517503805175038
16 0.5234018264840182 0.3219178082191781 0.012557077625570776 0.1841704718417047
16 0.5502283105022832 0.2861491628614916 0.01598173515981735 0.2465753424657534
16 0.605593607305936 0.2625570776255708 0.012557077625570776 0.1506849315068493
6 0.420662100456621 0.3592085235920852 0.026255707762557076 0.0669710806697108
14 0.5958904109589042 0.4140030441400304 0.01141552511415525 0.0639269406392694
10 0.9286529680365296 0.3576864535768645 0.11073059360730593 0.0547945205479452
16 0.6352739726027398 0.2070015220700152 0.019406392694063926 0.380517503805175
14 0.723744292237443 0.4193302891933029 0.01141552511415525 0.0654490106544901
10 0.04052511415525114 0.3264840182648402 0.05821917808219178 0.0441400304414003
14 0.6535388127853882 0.4185692541856925 0.012557077625570776 0.0639269406392694
16 0.3230593607305936 0.18797564687975646 0.0182648401826484 0.3668188736681887
16 0.6763698630136986 0.3333333333333333 0.007990867579908675 0.0882800608828006
16 0.21746575342465754 0.2389649923896499 0.026255707762557076 0.2983257229832572
14 0.875 0.4254185692541857 0.010273972602739725 0.0593607305936073
16 0.4982876712328767 0.3089802130898021 0.012557077625570776 0.2191780821917808
16 0.24885844748858446 0.2846270928462709 0.01141552511415525 0.1004566210045662
2 0.5171232876712328 0.2770167427701674 0.01141552511415525 0.0273972602739726
16 0.3932648401826484 0.2983257229832572 0.007990867579908675 0.0882800608828006
11 0.2728310502283105 0.350076103500761 0.05251141552511415 0.0334855403348554
16 0.3373287671232877 0.2952815829528158 0.010273972602739725 0.1278538812785388
10 0.023401826484018264 0.3333333333333333 0.04452054794520548 0.0578386605783866
7 0.11187214611872145 0.3645357686453577 0.02054794520547945 0.0471841704718417
6 0.17009132420091325 0.3242009132420091 0.02054794520547945 0.0273972602739726
