17 0.19140625 0.46875 0.0546875 0.05
10 0.30390625 0.43333333333333335 0.1359375 0.09166666666666666
10 0.17734375 0.41875 0.0328125 0.0625
6 0.19921875 0.4270833333333333 0.0234375 0.1375
6 0.34453125 0.396875 0.0203125 0.04791666666666667
6 0.4125 0.40729166666666666 0.01875 0.08958333333333333
6 0.228125 0.403125 0.0125 0.052083333333333336
19 0.51328125 0.5333333333333333 0.2296875 0.7625
9 0.9390625 0.4875 0.121875 0.175
10 0.215625 0.4239583333333333 0.015625 0.03958333333333333
9 0.0828125 0.43125 0.1625 0.2125
16 0.103125 0.38125 0.034375 0.6583333333333333
0 0.6984375 0.36875 0.05625 0.22916666666666666
