3 0.5005707762557078 0.6506849315068494 0.9988584474885844 0.6925418569254186
6 0.07134703196347032 0.4642313546423135 0.1404109589041096 0.5905631659056316
10 0.2654109589041096 0.271689497716895 0.07876712328767123 0.0624048706240487
6 0.3344748858447489 0.3089802130898021 0.0639269406392694 0.15220700152207
9 0.1740867579908676 0.2549467275494673 0.06278538812785388 0.0654490106544901
11 0.339041095890411 0.3683409436834094 0.05707762557077625 0.106544901065449
10 0.2300228310502283 0.2625570776255708 0.05365296803652968 0.0624048706240487
10 0.11643835616438356 0.271689497716895 0.1187214611872146 0.0898021308980213
6 0.4457762557077626 0.2694063926940639 0.019406392694063926 0.076103500761035
0 0.6769406392694064 0.1902587519025875 0.0228310502283105 0.1400304414003044
16 0.764269406392694 0.17427701674277016 0.021689497716894976 0.2207001522070015
6 0.5582191780821918 0.2656012176560122 0.0182648401826484 0.0684931506849315
11 0.9703196347031964 0.2792998477929985 0.0593607305936073 0.0532724505327245
0 0.9018264840182648 0.2070015220700152 0.0365296803652968 0.1643835616438356
16 0.6289954337899544 0.2085235920852359 0.0182648401826484 0.1856925418569254
10 0.3835616438356164 0.2519025875190259 0.0228310502283105 0.0258751902587519
2 0.4589041095890411 0.1887366818873668 0.01141552511415525 0.030441400304414
11 0.4765981735159817 0.3066971080669711 0.03767123287671233 0.0837138508371385
2 0.2831050228310502 0.0974124809741248 0.01598173515981735 0.0487062404870624
11 0.5079908675799086 0.2831050228310502 0.0365296803652968 0.045662100456621
16 0.7231735159817352 0.2252663622526636 0.007990867579908675 0.060882800608828
6 0.4794520547945205 0.2861491628614916 0.03881278538812785 0.1126331811263318
10 0.3019406392694064 0.2503805175038052 0.03538812785388128 0.0289193302891933
16 0.4537671232876712 0.20776255707762556 0.007990867579908675 0.0776255707762557
16 0.5057077625570776 0.1232876712328767 0.0136986301369863 0.2343987823439878
14 0.7054794520547946 0.2861491628614916 0.0091324200913242 0.0395738203957382
14 0.6872146118721462 0.286910197869102 0.0091324200913242 0.0410958904109589
10 0.3995433789954338 0.2480974124809741 0.01598173515981735 0.0213089802130898
6 0.9743150684931506 0.2663622526636225 0.028538812785388126 0.060882800608828
8 0.3219178082191781 0.228310502283105 0.045662100456621 0.0213089802130898
10 0.3607305936073059 0.2480974124809741 0.01598173515981735 0.0243531202435312
16 0.420662100456621 0.2252663622526636 0.010273972602739725 0.0943683409436834
6 0.5017123287671232 0.2648401826484018 0.019406392694063926 0.0517503805175038
10 0.3447488584474886 0.24885844748858446 0.02054794520547945 0.0258751902587519
6 0.5176940639269406 0.2633181126331811 0.014840182648401826 0.0395738203957382
3 0.2939497716894977 0.2983257229832572 0.2614155251141553 0.0213089802130898
0 0.430365296803653 0.2328767123287671 0.01598173515981735 0.121765601217656
