6 0.34921875 0.6875 0.0234375 0.09166666666666666
10 0.653125 0.6510416666666666 0.175 0.17291666666666666
10 0.609375 0.428125 0.115625 0.06875
10 0.5171875 0.5479166666666667 0.11875 0.12083333333333333
10 0.47734375 0.4552083333333333 0.0734375 0.08125
10 0.4125 0.47604166666666664 0.1 0.10208333333333333
10 0.59375 0.74375 0.209375 0.19583333333333333
10 0.29921875 0.4197916666666667 0.0421875 0.06041666666666667
10 0.7078125 0.5677083333333334 0.203125 0.12708333333333333
10 0.53515625 0.4822916666666667 0.0984375 0.08125
10 0.896875 0.5708333333333333 0.196875 0.12916666666666668
10 0.259375 0.471875 0.05625 0.06875
6 0.2234375 0.5052083333333334 0.01875 0.07291666666666667
6 0.2 0.48333333333333334 0.021875 0.07083333333333333
10 0.85859375 0.8885416666666667 0.2734375 0.22291666666666668
10 0.44765625 0.6135416666666667 0.1265625 0.13958333333333334
10 0.72890625 0.5239583333333333 0.1390625 0.07708333333333334
10 0.56953125 0.40625 0.0703125 0.0625
10 0.51953125 0.39479166666666665 0.0765625 0.06041666666666667
10 0.35703125 0.5583333333333333 0.0921875 0.09166666666666666
10 0.30234375 0.49895833333333334 0.0765625 0.07708333333333334
10 0.2375 0.44166666666666665 0.05 0.05416666666666667
10 0.340625 0.44895833333333335 0.053125 0.05625
