3 0.5005707762557078 0.6765601217656012 0.9988584474885844 0.5525114155251142
6 0.13470319634703196 0.4855403348554033 0.1050228310502283 0.3409436834094368
10 0.934931506849315 0.3470319634703196 0.1278538812785388 0.0852359208523592
6 0.571917808219178 0.502283105022831 0.08904109589041095 0.350076103500761
6 0.2009132420091324 0.4360730593607306 0.0730593607305936 0.2389649923896499
11 0.4297945205479452 0.3789954337899543 0.06278538812785388 0.0487062404870624
10 0.6501141552511416 0.3432267884322679 0.06050228310502283 0.0563165905631659
9 0.7391552511415526 0.334855403348554 0.10616438356164383 0.091324200913242
16 0.3978310502283105 0.18949771689497716 0.023972602739726026 0.3759512937595129
2 0.735730593607306 0.20624048706240486 0.017123287671232876 0.0441400304414003
7 0.7591324200913242 0.3713850837138508 0.0273972602739726 0.045662100456621
6 0.7568493150684932 0.3462709284627093 0.0273972602739726 0.0837138508371385
13 0.5273972602739726 0.3691019786910198 0.02968036529680365 0.0380517503805175
16 0.4668949771689498 0.2572298325722983 0.01141552511415525 0.1613394216133942
16 0.1598173515981735 0.271689497716895 0.0182648401826484 0.1841704718417047
6 0.4320776255707763 0.3645357686453577 0.021689497716894976 0.0624048706240487
0 0.8327625570776256 0.3036529680365297 0.017123287671232876 0.1263318112633181
16 0.09474885844748858 0.19101978691019786 0.0273972602739726 0.3485540334855403
16 0.5702054794520548 0.2800608828006088 0.010273972602739725 0.0882800608828006
0 0.9526255707762558 0.2404870624048706 0.023972602739726026 0.1248097412480974
16 0.12899543378995434 0.22298325722983256 0.0182648401826484 0.1902587519025875
2 0.3253424657534247 0.2694063926940639 0.0136986301369863 0.0365296803652968
5 0.8481735159817352 0.2610350076103501 0.02054794520547945 0.0289193302891933
16 0.9811643835616438 0.2237442922374429 0.019406392694063926 0.1643835616438356
16 0.5450913242009132 0.1856925418569254 0.017123287671232876 0.365296803652968
3 0.6843607305936074 0.380517503805175 0.16095890410958905 0.0213089802130898
14 0.8584474885844748 0.3569254185692542 0.00684931506849315 0.0289193302891933
16 0.8470319634703196 0.3188736681887367 0.0091324200913242 0.0898021308980213
0 0.6021689497716894 0.3143074581430746 0.014840182648401826 0.1050228310502283
16 0.3373287671232877 0.3165905631659056 0.012557077625570776 0.1552511415525114
16 0.7768264840182648 0.2747336377473364 0.007990867579908675 0.1019786910197869
6 0.6210045662100456 0.34779299847793 0.0228310502283105 0.0502283105022831
