11 0.7488970588235294 0.1284313725490196 0.2801470588235294 0.2549019607843137
11 0.663235294117647 0.05588235294117647 0.16029411764705884 0.10980392156862745
13 0.9496323529411764 0.2142156862745098 0.10073529411764706 0.39705882352941174
15 0.8216911764705882 0.796078431372549 0.15808823529411764 0.2372549019607843
15 0.10294117647058823 0.7637254901960784 0.15441176470588236 0.2196078431372549
4 0.4764705882352941 0.7053921568627451 0.4632352941176471 0.4715686274509804
18 0.4948529411764706 0.10784313725490197 0.15588235294117647 0.21372549019607842
0 0.6665441176470588 0.17941176470588235 0.08602941176470588 0.3568627450980392
18 0.3360294117647059 0.025980392156862746 0.09264705882352942 0.05
15 0.7827205882352941 0.12205882352941176 0.03602941176470588 0.05392156862745098
18 0.15330882352941178 0.060784313725490195 0.14191176470588235 0.11960784313725491
11 0.6110294117647059 0.024019607843137256 0.0838235294117647 0.04607843137254902
9 0.08014705882352942 0.21274509803921568 0.1588235294117647 0.4235294117647059
4 0.44816176470588237 0.5338235294117647 0.22720588235294117 0.7578431372549019
