11 0.80425 0.7788333333333334 0.389 0.441
11 0.63225 0.5503333333333333 0.275 0.228
10 0.90325 0.558 0.1935 0.304
16 0.914 0.202 0.0585 0.398
10 0.83675 0.37066666666666664 0.125 0.044
6 0.741875 0.36383333333333334 0.00825 0.029666666666666668
6 0.765625 0.368 0.01325 0.028
6 0.731 0.36566666666666664 0.01 0.024
6 0.715375 0.35633333333333334 0.00725 0.024666666666666667
10 0.689375 0.3655 0.06475 0.028333333333333332
13 0.523125 0.49033333333333334 0.14325 0.18466666666666667
10 0.591375 0.3928333333333333 0.07925 0.073
10 0.518125 0.37933333333333336 0.08925 0.06066666666666667
11 0.391375 0.39116666666666666 0.03575 0.051666666666666666
6 0.361625 0.38066666666666665 0.02275 0.08533333333333333
6 0.332625 0.38666666666666666 0.02125 0.076
6 0.303125 0.383 0.02025 0.08133333333333333
6 0.266375 0.38 0.02375 0.08133333333333333
6 0.196375 0.38466666666666666 0.03775 0.114
10 0.03925 0.4206666666666667 0.0725 0.15066666666666667
19 0.445375 0.4225 0.01525 0.033
4 0.317125 0.7896666666666666 0.16975 0.4146666666666667
0 0.605875 0.355 0.05275 0.30333333333333334
7 0.600125 0.5345 0.20525 0.193
6 0.725125 0.36583333333333334 0.00875 0.023666666666666666
0 0.464375 0.3478333333333333 0.02625 0.14166666666666666
18 0.4265 0.3895 0.038 0.08966666666666667
6 0.336125 0.3516666666666667 0.01925 0.03133333333333333
6 0.35225 0.36933333333333335 0.012 0.06466666666666666
6 0.2945 0.3486666666666667 0.01 0.02266666666666667
0 0.419 0.3165 0.018 0.060333333333333336
