16 0.11067708333333333 0.15 0.0203125 0.18888888888888888
10 0.039322916666666666 0.3055555555555556 0.07447916666666667 0.11851851851851852
10 0.1078125 0.287962962962963 0.08125 0.08333333333333333
10 0.15338541666666666 0.2796296296296296 0.03697916666666667 0.06481481481481481
10 0.20260416666666667 0.26990740740740743 0.04375 0.05092592592592592
10 0.24401041666666667 0.26296296296296295 0.024479166666666666 0.037037037037037035
10 0.43776041666666665 0.3074074074074074 0.12864583333333332 0.16111111111111112
10 0.37864583333333335 0.26666666666666666 0.04479166666666667 0.08888888888888889
12 0.45208333333333334 0.4356481481481482 0.05 0.1361111111111111
12 0.7453125 0.8055555555555556 0.13854166666666667 0.3888888888888889
11 0.8729166666666667 0.27824074074074073 0.140625 0.16018518518518518
11 0.6833333333333333 0.27546296296296297 0.078125 0.06574074074074074
0 0.63125 0.15555555555555556 0.03958333333333333 0.30925925925925923
0 0.5276041666666667 0.17222222222222222 0.030208333333333334 0.24814814814814815
0 0.471875 0.1787037037037037 0.023958333333333335 0.13333333333333333
