10 0.309375 0.6583710407239819 0.615625 0.6334841628959276
10 0.56171875 0.5882352941176471 0.1890625 0.4434389140271493
10 0.73984375 0.36538461538461536 0.0890625 0.11085972850678733
10 0.6265625 0.3891402714932127 0.09375 0.1085972850678733
10 0.20859375 0.8042986425339367 0.4140625 0.36425339366515835
6 0.96015625 0.5158371040723982 0.0765625 0.45701357466063347
6 0.42734375 0.33144796380090497 0.0296875 0.06561085972850679
6 0.3703125 0.3167420814479638 0.046875 0.07239819004524888
6 0.57890625 0.34502262443438914 0.0171875 0.06561085972850679
6 0.053125 0.2658371040723982 0.034375 0.12895927601809956
6 0.471875 0.33597285067873306 0.021875 0.06561085972850679
6 0.51015625 0.32918552036199095 0.0109375 0.033936651583710405
10 0.784375 0.3925339366515837 0.034375 0.10180995475113122
9 0.77421875 0.3009049773755656 0.0640625 0.08144796380090498
6 0.48984375 0.332579185520362 0.0171875 0.06334841628959276
6 0.84375 0.49660633484162897 0.1125 0.5361990950226244
6 0.39921875 0.3156108597285068 0.0265625 0.042986425339366516
10 0.63515625 0.34502262443438914 0.0671875 0.05656108597285068
9 0.93984375 0.2579185520361991 0.1203125 0.22624434389140272
6 0.68984375 0.6131221719457014 0.0859375 0.12217194570135746
