6 0.796078431372549 0.19154411764705884 0.1 0.20955882352941177
15 0.6274509803921569 0.3911764705882353 0.07254901960784314 0.060294117647058824
17 0.6166666666666667 0.26948529411764705 0.043137254901960784 0.06544117647058824
0 0.24215686274509804 0.07830882352941176 0.050980392156862744 0.14044117647058824
11 0.09558823529411764 0.21066176470588235 0.18725490196078431 0.12426470588235294
0 0.28284313725490196 0.07316176470588236 0.03823529411764706 0.12720588235294117
15 0.26519607843137255 0.3801470588235294 0.07156862745098039 0.058823529411764705
11 0.24166666666666667 0.1610294117647059 0.11666666666666667 0.0661764705882353
16 0.056372549019607844 0.08639705882352941 0.0696078431372549 0.1713235294117647
15 0.942156862745098 0.4 0.09215686274509804 0.058823529411764705
0 0.1450980392156863 0.07977941176470588 0.0803921568627451 0.15808823529411764
6 0.40784313725490196 0.1161764705882353 0.01568627450980392 0.03235294117647059
10 0.1769607843137255 0.11985294117647059 0.10294117647058823 0.047058823529411764
15 0.03284313725490196 0.36433823529411763 0.06372549019607843 0.05808823529411765
4 0.4568627450980392 0.27647058823529413 0.1392156862745098 0.2338235294117647
11 0.30049019607843136 0.14448529411764705 0.07156862745098039 0.04632352941176471
0 0.30980392156862746 0.07463235294117647 0.023529411764705882 0.09779411764705882
16 0.10049019607843138 0.07977941176470588 0.05392156862745098 0.15073529411764705
11 0.1803921568627451 0.2025735294117647 0.08627450980392157 0.1036764705882353
10 0.271078431372549 0.1150735294117647 0.03627450980392157 0.02426470588235294
0 0.3235294117647059 0.07977941176470588 0.01764705882352941 0.08014705882352942
10 0.23284313725490197 0.11948529411764706 0.061764705882352944 0.03897058823529412
11 0.4534313725490196 0.11948529411764706 0.030392156862745098 0.02426470588235294
16 0.03284313725490196 0.31433823529411764 0.06372549019607843 0.15514705882352942
18 0.0857843137254902 0.1161764705882353 0.11078431372549019 0.05588235294117647
0 0.34705882352941175 0.09375 0.01568627450980392 0.04779411764705882
