15 0.312125 0.6036666666666667 0.11875 0.176
15 0.4515 0.48 0.0775 0.11666666666666667
15 0.52775 0.42283333333333334 0.0625 0.08766666666666667
15 0.60325 0.38616666666666666 0.0515 0.07366666666666667
14 0.68725 0.34983333333333333 0.0245 0.07366666666666667
14 0.752625 0.35183333333333333 0.01875 0.079
14 0.80825 0.3566666666666667 0.024 0.08133333333333333
14 0.879625 0.383 0.02125 0.07933333333333334
14 0.866125 0.36633333333333334 0.02025 0.07066666666666667
14 0.722375 0.3248333333333333 0.01525 0.05566666666666667
15 0.70825 0.3308333333333333 0.0245 0.04033333333333333
15 0.674375 0.32766666666666666 0.02825 0.044
15 0.64625 0.30233333333333334 0.0225 0.03133333333333333
14 0.668 0.2921666666666667 0.01 0.034333333333333334
16 0.56375 0.14283333333333334 0.019 0.2763333333333333
6 0.72775 0.23233333333333334 0.009 0.024666666666666667
