14 0.3458333333333333 0.5291666666666667 0.03229166666666667 0.1361111111111111
14 0.5950520833333334 0.5263888888888889 0.03177083333333333 0.14907407407407408
11 0.37994791666666666 0.29398148148148145 0.0234375 0.03611111111111111
11 0.39375 0.2967592592592593 0.0125 0.03796296296296296
11 0.46119791666666665 0.2986111111111111 0.011979166666666667 0.03611111111111111
11 0.4825520833333333 0.2972222222222222 0.0109375 0.03888888888888889
11 0.49895833333333334 0.2972222222222222 0.011458333333333333 0.040740740740740744
11 0.5533854166666666 0.29768518518518516 0.030729166666666665 0.030555555555555555
11 0.5763020833333333 0.29907407407407405 0.009895833333333333 0.03333333333333333
11 0.6091145833333333 0.2935185185185185 0.0234375 0.03333333333333333
11 0.6231770833333333 0.2949074074074074 0.0203125 0.03611111111111111
