14 0.25466666666666665 0.747 0.10933333333333334 0.3
14 0.436 0.499 0.06933333333333333 0.17
14 0.5 0.4155 0.042666666666666665 0.115
14 0.528 0.374 0.032 0.084
14 0.5506666666666666 0.3495 0.02666666666666667 0.071
10 0.09466666666666666 0.416 0.18133333333333335 0.34
10 0.20266666666666666 0.263 0.3973333333333333 0.248
10 0.9286666666666666 0.2665 0.06 0.047
6 0.6166666666666667 0.255 0.02 0.048
10 0.416 0.255 0.176 0.12
14 0.556 0.2945 0.016 0.035
6 0.7486666666666667 0.256 0.02 0.042
7 0.7706666666666667 0.277 0.04533333333333334 0.034
6 0.6333333333333333 0.251 0.018666666666666668 0.038
14 0.5746666666666667 0.317 0.016 0.05
14 0.586 0.307 0.014666666666666666 0.044
14 0.5066666666666667 0.2695 0.008 0.023
14 0.5166666666666667 0.264 0.009333333333333334 0.028
10 0.99 0.2605 0.017333333333333333 0.035
10 0.958 0.2525 0.03866666666666667 0.021
10 0.848 0.245 0.02666666666666667 0.02
0 0.8893333333333333 0.2215 0.08533333333333333 0.227
0 0.8306666666666667 0.2425 0.06933333333333333 0.123
0 0.776 0.2225 0.048 0.103
6 0.686 0.256 0.02266666666666667 0.046
7 0.758 0.2775 0.052 0.031
4 0.794 0.681 0.316 0.638
16 0.8073333333333333 0.2385 0.03333333333333333 0.105
