3 0.651255707762557 0.7602739726027398 0.6974885844748858 0.4794520547945205
6 0.7779680365296804 0.4961948249619482 0.06506849315068493 0.2252663622526636
10 0.12728310502283105 0.4193302891933029 0.05821917808219178 0.0350076103500761
1 0.6917808219178082 0.2800608828006088 0.0228310502283105 0.0547945205479452
10 0.1769406392694064 0.4178082191780822 0.0410958904109589 0.0319634703196347
10 0.23573059360730594 0.4170471841704718 0.04223744292237443 0.0273972602739726
11 0.039383561643835614 0.4383561643835616 0.04223744292237443 0.0395738203957382
6 0.04280821917808219 0.4246575342465753 0.019406392694063926 0.045662100456621
10 0.03995433789954338 0.4231354642313546 0.0684931506849315 0.0426179604261796
1 0.4035388127853881 0.3280060882800609 0.007990867579908675 0.0258751902587519
16 0.6735159817351598 0.2861491628614916 0.02054794520547945 0.395738203957382
10 0.2608447488584475 0.4124809741248097 0.026255707762557076 0.0243531202435312
2 0.3681506849315068 0.3280060882800609 0.010273972602739725 0.0258751902587519
14 0.5348173515981736 0.4809741248097412 0.012557077625570776 0.0669710806697108
16 0.6027397260273972 0.3919330289193303 0.00684931506849315 0.0898021308980213
10 0.2825342465753425 0.4132420091324201 0.019406392694063926 0.0167427701674277
16 0.4463470319634703 0.332572298325723 0.0091324200913242 0.1537290715372907
16 0.432648401826484 0.3698630136986301 0.00684931506849315 0.0882800608828006
14 0.6329908675799086 0.4840182648401826 0.012557077625570776 0.076103500761035
