3 0.5878995433789954 0.726027397260274 0.8242009132420092 0.5449010654490106
13 0.6775114155251142 0.410958904109589 0.04223744292237443 0.0578386605783866
10 0.9646118721461188 0.4178082191780822 0.0684931506849315 0.1354642313546423
1 0.6050228310502284 0.2998477929984779 0.0182648401826484 0.045662100456621
1 0.14098173515981735 0.19254185692541856 0.019406392694063926 0.0502283105022831
10 0.09360730593607305 0.3774733637747336 0.04794520547945205 0.0334855403348554
16 0.8287671232876712 0.21841704718417046 0.02054794520547945 0.4337899543378995
16 0.593607305936073 0.3150684931506849 0.01598173515981735 0.2557077625570776
10 0.023972602739726026 0.3972602739726027 0.045662100456621 0.0517503805175038
14 0.5273972602739726 0.426179604261796 0.0091324200913242 0.0487062404870624
10 0.028538812785388126 0.3767123287671233 0.0502283105022831 0.0258751902587519
10 0.18036529680365296 0.3637747336377473 0.03881278538812785 0.0182648401826484
14 0.24029680365296804 0.4368340943683409 0.007990867579908675 0.0395738203957382
14 0.24942922374429224 0.4360730593607306 0.007990867579908675 0.0380517503805175
10 0.13184931506849315 0.3721461187214612 0.05593607305936073 0.0319634703196347
16 0.2813926940639269 0.2853881278538813 0.017123287671232876 0.2207001522070015
16 0.2300228310502283 0.2701674277016743 0.019406392694063926 0.2298325722983257
10 0.21404109589041095 0.3660578386605784 0.030821917808219176 0.0228310502283105
16 0.375 0.3515981735159817 0.010273972602739725 0.167427701674277
3 0.05707762557077625 0.4193302891933029 0.11187214611872145 0.0197869101978691
7 0.2608447488584475 0.4063926940639269 0.033105022831050226 0.0365296803652968
10 0.24429223744292236 0.3675799086757991 0.02968036529680365 0.0289193302891933
10 0.3036529680365297 0.365296803652968 0.0273972602739726 0.0243531202435312
16 0.2197488584474886 0.2617960426179604 0.019406392694063926 0.2404870624048706
