3 0.5005707762557078 0.7191780821917808 0.9988584474885844 0.5616438356164384
9 0.8327625570776256 0.3668188736681887 0.3344748858447489 0.3105022831050228
10 0.2071917808219178 0.410958904109589 0.2180365296803653 0.1126331811263318
11 0.1603881278538813 0.6445966514459666 0.3162100456621005 0.3576864535768645
11 0.4857305936073059 0.4200913242009132 0.07876712328767123 0.0578386605783866
6 0.4058219178082192 0.4063926940639269 0.023972602739726026 0.076103500761035
6 0.1552511415525114 0.5722983257229832 0.1735159817351598 0.4079147640791476
16 0.4343607305936073 0.2161339421613394 0.023972602739726026 0.426179604261796
11 0.0747716894977169 0.4277016742770167 0.06050228310502283 0.045662100456621
13 0.5644977168949772 0.4101978691019787 0.030821917808219176 0.0380517503805175
11 0.4035388127853881 0.4193302891933029 0.06050228310502283 0.0502283105022831
16 0.13812785388127855 0.213089802130898 0.0273972602739726 0.3105022831050228
16 0.5085616438356164 0.2945205479452055 0.010273972602739725 0.1567732115677321
2 0.3635844748858447 0.3089802130898021 0.014840182648401826 0.0365296803652968
6 0.4897260273972603 0.4010654490106545 0.0273972602739726 0.0745814307458143
16 0.2014840182648402 0.2831050228310502 0.014840182648401826 0.1400304414003044
16 0.6084474885844748 0.3417047184170472 0.01141552511415525 0.1232876712328767
16 0.1752283105022831 0.2686453576864536 0.014840182648401826 0.1780821917808219
6 0.07705479452054795 0.410958904109589 0.023972602739726026 0.0547945205479452
6 0.6495433789954338 0.395738203957382 0.01598173515981735 0.0639269406392694
16 0.3755707762557078 0.3515981735159817 0.0091324200913242 0.136986301369863
6 0.09417808219178082 0.4033485540334855 0.019406392694063926 0.045662100456621
16 0.5844748858447488 0.20624048706240486 0.01598173515981735 0.4063926940639269
0 0.6335616438356164 0.3584474885844749 0.01598173515981735 0.1293759512937595
