7 0.29921875 0.7016509433962265 0.0421875 0.1391509433962264
11 0.3765625 0.6709905660377359 0.078125 0.16273584905660377
6 0.30234375 0.6379716981132075 0.0515625 0.20047169811320756
6 0.4453125 0.660377358490566 0.025 0.17452830188679244
6 0.16484375 0.5636792452830188 0.0421875 0.2028301886792453
6 0.83203125 0.589622641509434 0.0265625 0.07547169811320754
6 0.15078125 0.47995283018867924 0.0203125 0.08726415094339622
9 0.57890625 0.6179245283018868 0.2515625 0.41037735849056606
6 0.190625 0.5424528301886793 0.025 0.09905660377358491
6 0.8 0.6084905660377359 0.046875 0.09905660377358491
6 0.375 0.6591981132075472 0.084375 0.19103773584905662
6 0.09609375 0.46226415094339623 0.0609375 0.24056603773584906
6 0.1328125 0.5023584905660378 0.046875 0.17452830188679244
6 0.03515625 0.3278301886792453 0.0671875 0.25943396226415094
6 0.98046875 0.5801886792452831 0.0359375 0.13679245283018868
0 0.20390625 0.29952830188679247 0.0265625 0.2169811320754717
0 0.2328125 0.3455188679245283 0.0375 0.25235849056603776
0 0.75390625 0.44693396226415094 0.0296875 0.14386792452830188
0 0.928125 0.4740566037735849 0.025 0.14622641509433962
6 0.9359375 0.6002358490566038 0.040625 0.10613207547169812
6 0.884375 0.6120283018867925 0.046875 0.09198113207547169
6 0.740625 0.6214622641509434 0.040625 0.07311320754716981
6 0.75625 0.5990566037735849 0.025 0.04716981132075472
6 0.84296875 0.6179245283018868 0.0421875 0.08490566037735849
6 0.253125 0.6745283018867925 0.040625 0.13679245283018868
6 0.52734375 0.43985849056603776 0.0390625 0.04009433962264151
6 0.5765625 0.4410377358490566 0.034375 0.05188679245283019
6 0.6421875 0.4693396226415094 0.05 0.07547169811320754
