5 0.878125 0.33958333333333335 0.04375 0.058333333333333334
10 0.78984375 0.5760416666666667 0.2171875 0.21041666666666667
10 0.36171875 0.45 0.0765625 0.07916666666666666
10 0.6609375 0.4427083333333333 0.059375 0.07291666666666667
10 0.39140625 0.44375 0.0609375 0.08333333333333333
19 0.08203125 0.47708333333333336 0.0203125 0.05
5 0.73125 0.3729166666666667 0.01875 0.029166666666666667
16 0.8796875 0.44375 0.01875 0.15833333333333333
16 0.184375 0.35625 0.015625 0.30833333333333335
0 0.90234375 0.34791666666666665 0.0484375 0.32916666666666666
0 0.14609375 0.2760416666666667 0.0578125 0.39375
0 0.22734375 0.3489583333333333 0.0703125 0.25625
10 0.496875 0.4479166666666667 0.040625 0.025
