7 0.45546875 0.528125 0.8140625 0.6979166666666666
8 0.178125 0.26145833333333335 0.246875 0.11875
6 0.7578125 0.2625 0.040625 0.15833333333333333
6 0.72578125 0.27395833333333336 0.0328125 0.13958333333333334
6 0.82265625 0.25833333333333336 0.0515625 0.1875
6 0.875 0.26875 0.046875 0.1625
6 0.48125 0.2791666666666667 0.03125 0.11666666666666667
6 0.6765625 0.29270833333333335 0.03125 0.11041666666666666
6 0.528125 0.284375 0.025 0.10625
6 0.50859375 0.28125 0.0171875 0.1
6 0.28515625 0.28854166666666664 0.0265625 0.06041666666666667
6 0.02421875 0.28958333333333336 0.0140625 0.0625
8 0.334375 0.24375 0.1 0.16666666666666666
1 0.6515625 0.13958333333333334 0.021875 0.0625
16 0.67421875 0.178125 0.0234375 0.35208333333333336
13 0.9640625 0.27708333333333335 0.04375 0.10833333333333334
