7 0.4609375 0.64453125 0.26953125 0.5140625
10 0.1845703125 0.2265625 0.056640625 0.034375
10 0.2548828125 0.2296875 0.076171875 0.05
6 0.4501953125 0.4453125 0.369140625 0.7125
10 0.1513671875 0.22578125 0.029296875 0.0234375
10 0.2255859375 0.22109375 0.025390625 0.0296875
10 0.0537109375 0.221875 0.072265625 0.05
10 0.1298828125 0.21328125 0.056640625 0.0359375
13 0.833984375 0.28046875 0.0390625 0.0515625
13 0.6767578125 0.271875 0.044921875 0.046875
16 0.7509765625 0.1234375 0.029296875 0.24375
0 0.87109375 0.1296875 0.02734375 0.10625
