10 0.27109375 0.4825174825174825 0.3796875 0.16317016317016317
10 0.9125 0.5932400932400932 0.175 0.2867132867132867
10 0.4640625 0.42773892773892774 0.15 0.09557109557109557
9 0.7640625 0.45104895104895104 0.109375 0.13752913752913754
19 0.05 0.6188811188811189 0.0375 0.09090909090909091
10 0.95078125 0.4289044289044289 0.0828125 0.04195804195804196
16 0.62265625 0.2564102564102564 0.0296875 0.5034965034965035
0 0.8015625 0.32284382284382285 0.028125 0.18414918414918416
16 0.578125 0.289044289044289 0.015625 0.289044289044289
0 0.49453125 0.3076923076923077 0.0296875 0.14918414918414918
6 0.90234375 0.4393939393939394 0.0265625 0.04895104895104895
