3 0.3464611872146119 0.7077625570776256 0.6906392694063926 0.5814307458143074
16 0.757420091324201 0.2085235920852359 0.04452054794520548 0.4079147640791476
8 0.8852739726027398 0.3668188736681887 0.07648401826484018 0.0730593607305936
10 0.043949771689497714 0.3744292237442922 0.08561643835616438 0.1430745814307458
10 0.5850456621004566 0.3706240487062405 0.05821917808219178 0.0502283105022831
11 0.71175799086758 0.4079147640791476 0.05365296803652968 0.0395738203957382
10 0.9452054794520548 0.3888888888888889 0.0547945205479452 0.0410958904109589
10 0.6843607305936074 0.3759512937595129 0.06963470319634703 0.045662100456621
16 0.6678082191780822 0.286910197869102 0.02511415525114155 0.2389649923896499
10 0.5159817351598174 0.3637747336377473 0.04794520547945205 0.0517503805175038
16 0.2659817351598174 0.2252663622526636 0.02054794520547945 0.2648401826484018
6 0.4280821917808219 0.3835616438356164 0.02511415525114155 0.0821917808219178
16 0.7751141552511416 0.3226788432267884 0.02511415525114155 0.1735159817351598
10 0.02682648401826484 0.3105022831050228 0.05136986301369863 0.0395738203957382
10 0.7585616438356164 0.3789954337899543 0.06050228310502283 0.0487062404870624
8 0.3664383561643836 0.3280060882800609 0.1598173515981735 0.0928462709284627
16 0.8567351598173516 0.2770167427701674 0.026255707762557076 0.1887366818873668
3 0.9257990867579908 0.4246575342465753 0.14840182648401826 0.0273972602739726
16 0.7026255707762558 0.3394216133942161 0.014840182648401826 0.1187214611872146
13 0.4977168949771689 0.3828006088280061 0.0273972602739726 0.0350076103500761
10 0.10559360730593607 0.3158295281582953 0.09246575342465753 0.0441400304414003
9 0.2254566210045662 0.3112633181126332 0.11986301369863013 0.0593607305936073
0 0.1050228310502283 0.2831050228310502 0.01598173515981735 0.1095890410958904
16 0.4218036529680365 0.286910197869102 0.019406392694063926 0.1872146118721461
7 0.3430365296803653 0.3675799086757991 0.023972602739726026 0.0380517503805175
11 0.8396118721461188 0.408675799086758 0.028538812785388126 0.0380517503805175
2 0.6963470319634704 0.3127853881278539 0.0136986301369863 0.0289193302891933
16 0.8401826484018264 0.3203957382039574 0.01598173515981735 0.0958904109589041
6 0.7128995433789954 0.3980213089802131 0.023972602739726026 0.0532724505327245
6 0.833904109589041 0.3919330289193303 0.017123287671232876 0.0502283105022831
0 0.3824200913242009 0.3371385083713851 0.01141552511415525 0.1019786910197869
6 0.8447488584474886 0.3911719939117199 0.02054794520547945 0.0487062404870624
16 0.1495433789954338 0.19406392694063926 0.01598173515981735 0.2907153729071537
12 0.6341324200913242 0.3850837138508371 0.007990867579908675 0.0243531202435312
14 0.5662100456621004 0.3995433789954338 0.00684931506849315 0.0289193302891933
9 0.978310502283105 0.3668188736681887 0.0410958904109589 0.0334855403348554
14 0.6050228310502284 0.4010654490106545 0.00684931506849315 0.0289193302891933
0 0.2328767123287671 0.3112633181126332 0.0228310502283105 0.0745814307458143
16 0.4001141552511416 0.3424657534246575 0.014840182648401826 0.0974124809741248
16 0.4121004566210046 0.0669710806697108 0.0182648401826484 0.1308980213089802
16 0.78824200913242 0.3257229832572298 0.014840182648401826 0.0639269406392694
