12 0.0825 0.5770877944325482 0.13166666666666665 0.5246252676659529
12 0.2125 0.6413276231263383 0.23166666666666666 0.6445396145610278
12 0.4083333333333333 0.5802997858672377 0.18666666666666668 0.5396145610278372
12 0.5775 0.6498929336188437 0.22833333333333333 0.6445396145610278
12 0.7125 0.5770877944325482 0.14833333333333334 0.5331905781584583
12 0.8875 0.6520342612419701 0.225 0.6659528907922913
16 0.7441666666666666 0.15738758029978586 0.03833333333333333 0.31049250535331907
16 0.5066666666666667 0.11670235546038545 0.03 0.2291220556745182
16 0.8308333333333333 0.10920770877944326 0.025 0.21413276231263384
0 0.6666666666666666 0.15417558886509636 0.08333333333333333 0.30406852248394006
16 0.6625 0.17987152034261242 0.035 0.3554603854389722
12 0.9641666666666666 0.576017130620985 0.07166666666666667 0.5481798715203426
