10 0.67109375 0.16863207547169812 0.0796875 0.08254716981132075
10 0.4046875 0.1474056603773585 0.11875 0.049528301886792456
10 0.103125 0.18985849056603774 0.03125 0.08254716981132075
6 0.4875 0.21226415094339623 0.040625 0.15566037735849056
6 0.05546875 0.2205188679245283 0.0546875 0.2099056603773585
6 0.59375 0.17099056603773585 0.034375 0.049528301886792456
6 0.7359375 0.18985849056603774 0.034375 0.14386792452830188
6 0.69609375 0.1875 0.0421875 0.11556603773584906
6 0.0875 0.2275943396226415 0.03125 0.17688679245283018
6 0.290625 0.23113207547169812 0.028125 0.08018867924528301
6 0.6171875 0.16391509433962265 0.021875 0.054245283018867926
10 0.93125 0.20754716981132076 0.1375 0.2028301886792453
10 0.18828125 0.19339622641509435 0.0609375 0.08490566037735849
10 0.02109375 0.16391509433962265 0.0390625 0.07783018867924528
0 0.14453125 0.16863207547169812 0.0828125 0.2617924528301887
0 0.31484375 0.11320754716981132 0.0421875 0.18867924528301888
0 0.55078125 0.08608490566037735 0.0484375 0.16745283018867924
6 0.790625 0.13443396226415094 0.021875 0.02830188679245283
