16 0.2046875 0.12407407407407407 0.023958333333333335 0.2462962962962963
10 0.1828125 0.33240740740740743 0.35520833333333335 0.37222222222222223
12 0.3927083333333333 0.6027777777777777 0.10208333333333333 0.3277777777777778
12 0.46640625 0.5375 0.08072916666666667 0.2935185185185185
12 0.41953125 0.5027777777777778 0.04635416666666667 0.2537037037037037
12 0.8015625 0.375 0.04583333333333333 0.12962962962962962
16 0.8984375 0.1375 0.023958333333333335 0.27314814814814814
16 0.871875 0.1037037037037037 0.0125 0.20555555555555555
12 0.82109375 0.25833333333333336 0.018229166666666668 0.05740740740740741
11 0.81171875 0.23425925925925925 0.08385416666666666 0.08888888888888889
11 0.66640625 0.2263888888888889 0.07447916666666667 0.09351851851851851
10 0.42630208333333336 0.23935185185185184 0.0765625 0.0824074074074074
10 0.48203125 0.23333333333333334 0.0546875 0.07222222222222222
10 0.51796875 0.22916666666666666 0.0390625 0.06388888888888888
10 0.59140625 0.2199074074074074 0.028645833333333332 0.05462962962962963
10 0.6138020833333333 0.21574074074074073 0.04114583333333333 0.05740740740740741
0 0.55625 0.19768518518518519 0.053125 0.39351851851851855
12 0.5432291666666667 0.5208333333333334 0.06354166666666666 0.23981481481481481
5 0.8721354166666667 0.06157407407407407 0.0265625 0.04537037037037037
11 0.7106770833333333 0.23055555555555557 0.0296875 0.06666666666666667
11 0.7302083333333333 0.225 0.025 0.06481481481481481
