14 0.16620370370370371 0.5881944444444445 0.06759259259259259 0.1361111111111111
14 0.6712962962962963 0.5809027777777778 0.05925925925925926 0.13541666666666666
14 0.6319444444444444 0.4947916666666667 0.041666666666666664 0.10208333333333333
14 0.6050925925925926 0.44340277777777776 0.032407407407407406 0.08402777777777778
14 0.5587962962962963 0.3611111111111111 0.023148148148148147 0.05277777777777778
14 0.40370370370370373 0.3295138888888889 0.018518518518518517 0.04097222222222222
10 0.9569444444444445 0.24166666666666667 0.0787037037037037 0.030555555555555555
10 0.8027777777777778 0.2375 0.05185185185185185 0.02361111111111111
14 0.5365740740740741 0.33055555555555555 0.01574074074074074 0.03888888888888889
14 0.5532407407407407 0.3489583333333333 0.01574074074074074 0.04652777777777778
14 0.5435185185185185 0.33993055555555557 0.016666666666666666 0.04236111111111111
