3 0.5405251141552512 0.6788432267884322 0.9121004566210046 0.6423135464231354
0 0.8538812785388128 0.1993911719939117 0.0182648401826484 0.136986301369863
0 0.6740867579908676 0.23515981735159816 0.019406392694063926 0.1872146118721461
0 0.6398401826484018 0.2374429223744292 0.014840182648401826 0.1095890410958904
7 0.583904109589041 0.3127853881278539 0.030821917808219176 0.0684931506849315
0 0.8681506849315068 0.22907153729071536 0.017123287671232876 0.0806697108066971
0 0.589041095890411 0.24277016742770166 0.01141552511415525 0.0776255707762557
16 0.7745433789954338 0.2343987823439878 0.019406392694063926 0.197869101978691
14 0.509703196347032 0.3219178082191781 0.010273972602739725 0.0532724505327245
0 0.827054794520548 0.1902587519025875 0.012557077625570776 0.1582952815829528
0 0.6073059360730594 0.2404870624048706 0.0136986301369863 0.0852359208523592
16 0.4041095890410959 0.1050228310502283 0.0091324200913242 0.167427701674277
0 0.6221461187214612 0.23820395738203956 0.01141552511415525 0.1050228310502283
16 0.5342465753424658 0.18797564687975646 0.01141552511415525 0.2024353120243531
16 0.545662100456621 0.1902587519025875 0.0091324200913242 0.182648401826484
0 0.7026255707762558 0.2222222222222222 0.014840182648401826 0.0943683409436834
0 0.7928082191780822 0.19710806697108066 0.017123287671232876 0.1689497716894977
0 0.5998858447488584 0.24124809741248096 0.010273972602739725 0.0745814307458143
