0 0.37107843137254903 0.16875 0.08137254901960785 0.24191176470588235
6 0.257843137254902 0.19044117647058822 0.03137254901960784 0.041176470588235294
0 0.4534313725490196 0.15808823529411764 0.04215686274509804 0.17794117647058824
19 0.7401960784313726 0.225 0.023529411764705882 0.041176470588235294
0 0.4887254901960784 0.13897058823529412 0.028431372549019607 0.16911764705882354
6 0.14852941176470588 0.19191176470588237 0.03823529411764706 0.05
10 0.7093137254901961 0.1849264705882353 0.10490196078431373 0.03602941176470588
0 0.8803921568627451 0.14926470588235294 0.041176470588235294 0.13529411764705881
6 0.5416666666666666 0.1849264705882353 0.014705882352941176 0.027205882352941177
11 0.15245098039215688 0.2099264705882353 0.03431372549019608 0.03602941176470588
11 0.25980392156862747 0.2088235294117647 0.029411764705882353 0.033823529411764704
0 0.7401960784313726 0.16691176470588234 0.03333333333333333 0.08970588235294118
16 0.7769607843137255 0.14595588235294119 0.030392156862745098 0.11691176470588235
6 0.5196078431372549 0.1827205882352941 0.01568627450980392 0.02426470588235294
11 0.5171568627450981 0.19154411764705884 0.03627450980392157 0.01838235294117647
10 0.18627450980392157 0.18713235294117647 0.03333333333333333 0.016911764705882352
14 0.10049019607843138 0.2172794117647059 0.020588235294117647 0.04485294117647059
14 0.0857843137254902 0.21875 0.018627450980392157 0.04926470588235294
3 0.25098039215686274 0.22683823529411765 0.2823529411764706 0.027205882352941177
4 0.17892156862745098 0.8205882352941176 0.3558823529411765 0.3588235294117647
4 0.45784313725490194 0.29301470588235295 0.09607843137254903 0.08602941176470588
15 0.8774509803921569 0.2841911764705882 0.0392156862745098 0.03602941176470588
15 0.3176470588235294 0.28566176470588234 0.03333333333333333 0.03455882352941177
15 0.5514705882352942 0.2889705882352941 0.03431372549019608 0.027941176470588237
13 0.5656862745098039 0.18676470588235294 0.0196078431372549 0.01764705882352941
6 0.596078431372549 0.18345588235294116 0.013725490196078431 0.030147058823529412
11 0.6848039215686275 0.19301470588235295 0.04019607843137255 0.03602941176470588
11 0.7558823529411764 0.19264705882352942 0.027450980392156862 0.033823529411764704
8 0.7068627450980393 0.17205882352941176 0.2196078431372549 0.061764705882352944
15 0.4107843137254902 0.24338235294117647 0.01764705882352941 0.020588235294117647
