15 0.9333333333333333 0.5841911764705883 0.13333333333333333 0.11985294117647059
0 0.7529411764705882 0.13345588235294117 0.06862745098039216 0.2639705882352941
4 0.7215686274509804 0.5636029411764706 0.5411764705882353 0.8683823529411765
0 0.2568627450980392 0.09338235294117647 0.06470588235294118 0.18529411764705883
15 0.7598039215686274 0.38676470588235295 0.08235294117647059 0.07794117647058824
11 0.8450980392156863 0.18088235294117647 0.0803921568627451 0.09411764705882353
6 0.8465686274509804 0.15183823529411763 0.07352941176470588 0.10514705882352941
16 0.6754901960784314 0.10183823529411765 0.060784313725490195 0.20220588235294118
15 0.6754901960784314 0.30367647058823527 0.054901960784313725 0.052941176470588235
0 0.5740196078431372 0.08970588235294118 0.030392156862745098 0.10441176470588236
15 0.7122549019607843 0.20661764705882352 0.026470588235294117 0.025
0 0.6392156862745098 0.09926470588235294 0.049019607843137254 0.15
0 0.375 0.06360294117647058 0.03627450980392157 0.11838235294117647
0 0.41911764705882354 0.05588235294117647 0.020588235294117647 0.09705882352941177
0 0.9666666666666667 0.07058823529411765 0.056862745098039215 0.11176470588235295
16 0.29754901960784313 0.0661764705882353 0.024509803921568627 0.13088235294117648
0 0.43529411764705883 0.06323529411764706 0.01568627450980392 0.07647058823529412
11 0.6833333333333333 0.11875 0.01568627450980392 0.025735294117647058
11 0.5485294117647059 0.11176470588235295 0.04019607843137255 0.030882352941176472
0 0.5524509803921569 0.07169117647058823 0.016666666666666666 0.05808823529411765
10 0.8142156862745098 0.09338235294117647 0.04607843137254902 0.023529411764705882
6 0.6004901960784313 0.08786764705882352 0.010784313725490196 0.021323529411764706
11 0.45098039215686275 0.08897058823529412 0.03725490196078431 0.023529411764705882
6 0.6872549019607843 0.09595588235294118 0.013725490196078431 0.025735294117647058
11 0.6009803921568627 0.09227941176470589 0.00980392156862745 0.013970588235294118
0 0.5343137254901961 0.07316176470588236 0.00980392156862745 0.04338235294117647
10 0.29362745098039217 0.0724264705882353 0.026470588235294117 0.025735294117647058
15 0.6014705882352941 0.1375 0.014705882352941176 0.013235294117647059
10 0.907843137254902 0.1036764705882353 0.08431372549019608 0.033823529411764704
