17 0.44916666666666666 0.6487964989059081 0.041666666666666664 0.10284463894967177
6 0.4791666666666667 0.5153172866520788 0.058333333333333334 0.1772428884026258
6 0.34833333333333333 0.5328227571115973 0.05333333333333334 0.22975929978118162
6 0.505 0.4540481400437637 0.023333333333333334 0.08971553610503283
6 0.8083333333333333 0.5984682713347921 0.1 0.49671772428884026
6 0.6141666666666666 0.43216630196936545 0.028333333333333332 0.09846827133479212
6 0.5966666666666667 0.5579868708971554 0.08 0.2538293216630197
6 0.2916666666666667 0.5317286652078774 0.07333333333333333 0.26695842450765866
6 0.9441666666666667 0.5032822757111597 0.06166666666666667 0.26695842450765866
6 0.44583333333333336 0.4759299781181619 0.065 0.212253829321663
6 0.8858333333333334 0.5568927789934355 0.135 0.5054704595185996
6 0.4066666666666667 0.5098468271334792 0.05333333333333334 0.19693654266958424
6 0.16 0.5667396061269147 0.11 0.38074398249452956
6 0.38916666666666666 0.412472647702407 0.025 0.06345733041575492
6 0.045 0.5601750547045952 0.056666666666666664 0.350109409190372
6 0.09 0.5525164113785558 0.05 0.24288840262582057
6 0.18916666666666668 0.4923413566739606 0.045 0.14442013129102846
6 0.24 0.486870897155361 0.04666666666666667 0.20350109409190373
6 0.5391666666666667 0.5273522975929978 0.06166666666666667 0.2100656455142232
6 0.6875 0.5076586433260394 0.06833333333333333 0.2800875273522976
6 0.6608333333333334 0.5415754923413567 0.058333333333333334 0.22975929978118162
6 0.08083333333333333 0.38949671772428884 0.041666666666666664 0.08315098468271334
