6 0.51328125 0.5538641686182669 0.5203125 0.6346604215456675
6 0.884375 0.26229508196721313 0.05625 0.1451990632318501
6 0.17421875 0.21428571428571427 0.1046875 0.19437939110070257
6 0.2421875 0.23185011709601874 0.04375 0.1451990632318501
6 0.26328125 0.24473067915690866 0.0515625 0.11943793911007025
6 0.059375 0.20374707259953162 0.115625 0.1873536299765808
6 0.9265625 0.2505854800936768 0.034375 0.07494145199063232
6 0.94609375 0.3009367681498829 0.0390625 0.053864168618266976
10 0.96328125 0.2728337236533958 0.0546875 0.03981264637002342
10 0.32265625 0.24824355971896955 0.0734375 0.04215456674473068
16 0.27265625 0.10655737704918032 0.0265625 0.20843091334894615
10 0.80703125 0.25644028103044497 0.0921875 0.053864168618266976
