3 0.5011415525114156 0.682648401826484 0.997716894977169 0.5799086757990868
16 0.046232876712328765 0.1750380517503805 0.04452054794520548 0.3470319634703196
14 0.7220319634703196 0.3401826484018265 0.019406392694063926 0.0684931506849315
16 0.5884703196347032 0.2503805175038052 0.021689497716894976 0.2633181126331811
0 0.8710045662100456 0.2694063926940639 0.0319634703196347 0.228310502283105
14 0.8110730593607306 0.3485540334855403 0.021689497716894976 0.060882800608828
16 0.3527397260273973 0.228310502283105 0.0182648401826484 0.289193302891933
1 0.3635844748858447 0.13165905631659056 0.026255707762557076 0.0684931506849315
14 0.6295662100456622 0.3280060882800609 0.017123287671232876 0.0745814307458143
14 0.9006849315068494 0.3592085235920852 0.0228310502283105 0.0487062404870624
16 0.016552511415525113 0.23668188736681886 0.026255707762557076 0.1902587519025875
10 0.8281963470319634 0.2937595129375951 0.05593607305936073 0.0365296803652968
14 0.9823059360730594 0.3683409436834094 0.019406392694063926 0.0365296803652968
