6 0.5053921568627451 0.054044117647058826 0.04803921568627451 0.10661764705882353
10 0.6078431372549019 0.017279411764705883 0.09411764705882353 0.03308823529411765
0 0.3205882352941177 0.03235294117647059 0.050980392156862744 0.06323529411764706
0 0.1803921568627451 0.046691176470588236 0.058823529411764705 0.09191176470588236
6 0.5308823529411765 0.015808823529411764 0.020588235294117647 0.030147058823529412
6 0.44019607843137254 0.021691176470588235 0.03137254901960784 0.04191176470588235
16 0.3931372549019608 0.023529411764705882 0.021568627450980392 0.045588235294117645
17 0.3681372549019608 0.15 0.04803921568627451 0.10735294117647058
4 0.6127450980392157 0.5514705882352942 0.44313725490196076 0.8970588235294118
9 0.02696078431372549 0.030882352941176472 0.05196078431372549 0.060294117647058824
8 0.24509803921568626 0.020588235294117647 0.11568627450980393 0.039705882352941174
10 0.4161764705882353 0.020955882352941175 0.09901960784313725 0.03308823529411765
11 0.4411764705882353 0.06286764705882353 0.09019607843137255 0.06691176470588235
11 0.5313725490196078 0.04375 0.025490196078431372 0.03161764705882353
11 0.3348039215686274 0.07426470588235294 0.12254901960784313 0.06911764705882353
11 0.3029411764705882 0.08455882352941177 0.13137254901960785 0.07647058823529412
7 0.2730392156862745 0.10477941176470588 0.12450980392156863 0.06838235294117648
11 0.19901960784313724 0.08308823529411764 0.08431372549019608 0.039705882352941174
6 0.18872549019607843 0.060294117647058824 0.04019607843137255 0.052941176470588235
11 0.04264705882352941 0.19926470588235295 0.08333333333333333 0.16911764705882354
11 0.09803921568627451 0.1698529411764706 0.14901960784313725 0.13529411764705881
11 0.12745098039215685 0.1411764705882353 0.24705882352941178 0.12794117647058822
