10 0.56484375 0.44895833333333335 0.3296875 0.16875
10 0.89140625 0.4010416666666667 0.1265625 0.07708333333333334
10 0.7609375 0.39375 0.121875 0.10833333333333334
10 0.44296875 0.3572916666666667 0.1015625 0.03125
10 0.515625 0.35833333333333334 0.046875 0.041666666666666664
11 0.36796875 0.665625 0.5390625 0.43125
11 0.86953125 0.4822916666666667 0.1078125 0.20625
10 0.2828125 0.41770833333333335 0.221875 0.13541666666666666
10 0.659375 0.375 0.103125 0.075
10 0.4046875 0.44166666666666665 0.178125 0.14166666666666666
10 0.9578125 0.3802083333333333 0.08125 0.09791666666666667
10 0.8875 0.35104166666666664 0.046875 0.01875
10 0.16796875 0.384375 0.2078125 0.08125
10 0.57734375 0.35520833333333335 0.1015625 0.03958333333333333
10 0.17109375 0.4166666666666667 0.1859375 0.1
9 0.34375 0.31979166666666664 0.125 0.08125
16 0.31328125 0.15729166666666666 0.0171875 0.23125
10 0.07265625 0.38645833333333335 0.1328125 0.09375
10 0.1421875 0.328125 0.053125 0.04791666666666667
10 0.2 0.33125 0.046875 0.029166666666666667
