0 0.6897058823529412 0.042279411764705885 0.07549019607843137 0.08308823529411764
11 0.6107843137254902 0.019852941176470587 0.11960784313725491 0.03823529411764706
14 0.4602941176470588 0.03051470588235294 0.020588235294117647 0.05955882352941176
0 0.23872549019607844 0.03051470588235294 0.05784313725490196 0.05955882352941176
6 0.025490196078431372 0.027573529411764705 0.049019607843137254 0.05367647058823529
11 0.2607843137254902 0.02536764705882353 0.14313725490196078 0.04926470588235294
10 0.14019607843137255 0.011397058823529411 0.09607843137254903 0.021323529411764706
7 0.3299019607843137 0.01948529411764706 0.05 0.0375
16 0.45931372549019606 0.03051470588235294 0.022549019607843137 0.05955882352941176
6 0.16911764705882354 0.015073529411764706 0.026470588235294117 0.028676470588235293
7 0.3573529411764706 0.014705882352941176 0.03431372549019608 0.027941176470588237
16 0.3269607843137255 0.27205882352941174 0.09901960784313725 0.27058823529411763
11 0.32598039215686275 0.020588235294117647 0.05196078431372549 0.039705882352941174
4 0.5323529411764706 0.6573529411764706 0.43529411764705883 0.6852941176470588
14 0.5558823529411765 0.030147058823529412 0.013725490196078431 0.058823529411764705
15 0.3622549019607843 0.05661764705882353 0.03235294117647059 0.027941176470588237
15 0.18480392156862746 0.054044117647058826 0.026470588235294117 0.027205882352941177
15 0.09362745098039216 0.05808823529411765 0.028431372549019607 0.027941176470588237
15 0.049019607843137254 0.047058823529411764 0.029411764705882353 0.026470588235294117
15 0.0838235294117647 0.03713235294117647 0.022549019607843137 0.01838235294117647
15 0.11176470588235295 0.033823529411764704 0.025490196078431372 0.023529411764705882
15 0.13970588235294118 0.027941176470588237 0.024509803921568627 0.022058823529411766
15 0.16372549019607843 0.023161764705882354 0.021568627450980392 0.022794117647058822
15 0.1843137254901961 0.020588235294117647 0.01764705882352941 0.01764705882352941
