4 0.4818627450980392 0.5746323529411764 0.36176470588235293 0.8448529411764706
11 0.8431372549019608 0.1297794117647059 0.30196078431372547 0.15808823529411764
15 0.5137254901960784 0.14448529411764705 0.03333333333333333 0.03308823529411765
6 0.5774509803921568 0.03786764705882353 0.025490196078431372 0.05808823529411765
15 0.6588235294117647 0.13897058823529412 0.03137254901960784 0.03235294117647059
7 0.9401960784313725 0.22058823529411764 0.11960784313725491 0.14705882352941177
11 0.788235294117647 0.04154411764705882 0.0196078431372549 0.027205882352941177
11 0.711764705882353 0.06507352941176471 0.10392156862745099 0.05514705882352941
0 0.8622549019607844 0.05073529411764706 0.10490196078431373 0.1
7 0.4073529411764706 0.06323529411764706 0.09117647058823529 0.04852941176470588
15 0.3338235294117647 0.14926470588235294 0.03431372549019608 0.033823529411764704
10 0.9877450980392157 0.027205882352941177 0.022549019607843137 0.022058823529411766
15 0.5583333333333333 0.08125 0.018627450980392157 0.016911764705882352
15 0.4745098039215686 0.08235294117647059 0.0196078431372549 0.01764705882352941
10 0.8269607843137254 0.022794117647058822 0.028431372549019607 0.01764705882352941
0 0.7083333333333334 0.023529411764705882 0.04019607843137255 0.045588235294117645
6 0.788235294117647 0.025 0.0196078431372549 0.022058823529411766
16 0.6338235294117647 0.04007352941176471 0.04411764705882353 0.07867647058823529
11 0.4392156862745098 0.05808823529411765 0.07450980392156863 0.045588235294117645
11 0.9068627450980392 0.14926470588235294 0.18627450980392157 0.1588235294117647
