3 0.4046803652968037 0.7199391171993912 0.8070776255707762 0.5570776255707762
6 0.7534246575342466 0.4216133942161339 0.04794520547945205 0.1430745814307458
6 0.3784246575342466 0.4375951293759513 0.033105022831050226 0.1415525114155251
6 0.4457762557077626 0.4345509893455099 0.04680365296803653 0.1719939117199391
7 0.5639269406392694 0.4977168949771689 0.1050228310502283 0.1095890410958904
6 0.6740867579908676 0.4528158295281583 0.05136986301369863 0.1841704718417047
6 0.5787671232876712 0.4497716894977169 0.05251141552511415 0.2085235920852359
6 0.4788812785388128 0.426179604261796 0.030821917808219176 0.1187214611872146
7 0.16666666666666666 0.4071537290715373 0.0319634703196347 0.0319634703196347
10 0.1843607305936073 0.3820395738203957 0.07420091324200913 0.045662100456621
6 0.5159817351598174 0.4079147640791476 0.0228310502283105 0.0943683409436834
6 0.714041095890411 0.4246575342465753 0.033105022831050226 0.1278538812785388
7 0.10388127853881278 0.4140030441400304 0.0410958904109589 0.045662100456621
11 0.872716894977169 0.4277016742770167 0.08333333333333333 0.0547945205479452
10 0.6255707762557078 0.3942161339421613 0.0776255707762557 0.0547945205479452
6 0.2636986301369863 0.3949771689497717 0.02511415525114155 0.0745814307458143
6 0.6187214611872146 0.4208523592085236 0.0319634703196347 0.1019786910197869
7 0.2648401826484018 0.4200913242009132 0.0228310502283105 0.0517503805175038
2 0.6666666666666666 0.3226788432267884 0.0136986301369863 0.0334855403348554
2 0.3150684931506849 0.24885844748858446 0.01141552511415525 0.0380517503805175
10 0.5205479452054794 0.3858447488584475 0.0639269406392694 0.0471841704718417
6 0.1643835616438356 0.3873668188736682 0.02054794520547945 0.0532724505327245
6 0.017123287671232876 0.3896499238964992 0.02968036529680365 0.0700152207001522
7 0.02454337899543379 0.4193302891933029 0.04680365296803653 0.0532724505327245
6 0.09931506849315068 0.3888888888888889 0.0273972602739726 0.0624048706240487
6 0.5393835616438356 0.4041095890410959 0.023972602739726026 0.0776255707762557
6 0.8755707762557078 0.4155251141552511 0.02968036529680365 0.076103500761035
9 0.2631278538812785 0.3607305936073059 0.04680365296803653 0.0426179604261796
16 0.571917808219178 0.2975646879756469 0.0136986301369863 0.1141552511415525
9 0.3578767123287671 0.3569254185692542 0.03767123287671233 0.0289193302891933
16 0.4081050228310502 0.3165905631659056 0.012557077625570776 0.167427701674277
11 0.3270547945205479 0.3926940639269406 0.023972602739726026 0.0273972602739726
6 0.2437214611872146 0.3888888888888889 0.019406392694063926 0.0532724505327245
16 0.430365296803653 0.3165905631659056 0.01141552511415525 0.1004566210045662
16 0.9908675799086758 0.3683409436834094 0.01141552511415525 0.076103500761035
6 0.3675799086757991 0.3789954337899543 0.0136986301369863 0.0365296803652968
10 0.023972602739726026 0.3691019786910198 0.045662100456621 0.0410958904109589
6 0.06449771689497717 0.3843226788432268 0.026255707762557076 0.0563165905631659
10 0.9560502283105022 0.3911719939117199 0.08789954337899543 0.0426179604261796
11 0.0656392694063927 0.3987823439878234 0.03767123287671233 0.0365296803652968
10 0.4817351598173516 0.3729071537290715 0.03424657534246575 0.0243531202435312
10 0.3150684931506849 0.3767123287671233 0.02968036529680365 0.0289193302891933
6 0.3561643835616438 0.380517503805175 0.01141552511415525 0.0334855403348554
7 0.24429223744292236 0.4071537290715373 0.02511415525114155 0.0350076103500761
3 0.2825342465753425 0.3987823439878234 0.1723744292237443 0.0213089802130898
10 0.2979452054794521 0.3744292237442922 0.0228310502283105 0.0213089802130898
6 0.4195205479452055 0.3820395738203957 0.017123287671232876 0.0487062404870624
6 0.3287671232876712 0.3797564687975647 0.01598173515981735 0.0319634703196347
7 0.3567351598173516 0.3942161339421613 0.014840182648401826 0.0273972602739726
16 0.4537671232876712 0.3234398782343988 0.007990867579908675 0.0593607305936073
16 0.6626712328767124 0.3318112633181126 0.010273972602739725 0.0943683409436834
6 0.6929223744292238 0.4231354642313546 0.02054794520547945 0.121765601217656
16 0.007990867579908675 0.3006088280060883 0.0136986301369863 0.1171993911719939
16 0.464041095890411 0.1993911719939117 0.014840182648401826 0.3287671232876712
6 0.557648401826484 0.3995433789954338 0.021689497716894976 0.0593607305936073
6 0.3972602739726027 0.3774733637747336 0.01141552511415525 0.0517503805175038
