16 0.9115 0.4530612244897959 0.065 0.8925170068027211
16 0.511 0.610204081632653 0.046 0.5346938775510204
16 0.3685 0.6938775510204082 0.029 0.3782312925170068
16 0.3 0.7442176870748299 0.02 0.2857142857142857
16 0.2575 0.7761904761904762 0.019 0.22448979591836735
16 0.227 0.7986394557823129 0.014 0.17687074829931973
16 0.0825 0.7755102040816326 0.015 0.1523809523809524
18 0.1055 0.882312925170068 0.021 0.04217687074829932
11 0.0845 0.8891156462585034 0.013 0.02857142857142857
10 0.0685 0.8707482993197279 0.021 0.021768707482993196
5 0.7475 0.5931972789115646 0.045 0.08979591836734693
5 0.7475 0.6877551020408164 0.049 0.08843537414965986
0 0.985 0.7306122448979592 0.03 0.3292517006802721
0 0.8255 0.7598639455782313 0.027 0.2571428571428571
0 0.688 0.7938775510204081 0.03 0.18095238095238095
0 0.591 0.8136054421768707 0.02 0.12789115646258503
0 0.638 0.8054421768707483 0.026 0.1523809523809524
