10 0.4674657534246575 0.4140030441400304 0.2545662100456621 0.1156773211567732
11 0.4189497716894977 0.6210045662100456 0.2465753424657534 0.2404870624048706
11 0.6375570776255708 0.6818873668188736 0.3504566210045662 0.3165905631659056
3 0.4988584474885845 0.7092846270928462 0.9931506849315068 0.5692541856925418
10 0.610730593607306 0.4025875190258752 0.05707762557077625 0.0654490106544901
6 0.6301369863013698 0.60882800608828 0.14383561643835616 0.3409436834094368
0 0.19406392694063926 0.3698630136986301 0.0182648401826484 0.1248097412480974
1 0.6769406392694064 0.2191780821917808 0.0182648401826484 0.0517503805175038
16 0.29337899543379 0.2176560121765601 0.02054794520547945 0.426179604261796
6 0.4429223744292237 0.5532724505327246 0.10730593607305935 0.2572298325722983
14 0.0410958904109589 0.4398782343987823 0.0136986301369863 0.0791476407914764
1 0.3025114155251142 0.3150684931506849 0.01598173515981735 0.0365296803652968
16 0.5062785388127854 0.24124809741248096 0.014840182648401826 0.2207001522070015
0 0.3550228310502283 0.3165905631659056 0.0136986301369863 0.0974124809741248
7 0.02682648401826484 0.654490106544901 0.05136986301369863 0.1917808219178082
16 0.577054794520548 0.1887366818873668 0.014840182648401826 0.3409436834094368
0 0.9155251141552512 0.3698630136986301 0.01141552511415525 0.0578386605783866
16 0.5450913242009132 0.23668188736681886 0.010273972602739725 0.2024353120243531
16 0.5565068493150684 0.2465753424657534 0.010273972602739725 0.2252663622526636
3 0.817351598173516 0.4155251141552511 0.365296803652968 0.0273972602739726
