10 0.35833333333333334 0.8359375 0.2625 0.075
10 0.9739583333333334 0.8 0.052083333333333336 0.05
10 0.903125 0.7984375 0.09375 0.0375
5 0.06875 0.7671875 0.029166666666666667 0.03125
16 0.5875 0.8640625 0.058333333333333334 0.26875
16 0.058333333333333334 0.825 0.016666666666666666 0.084375
0 0.03125 0.79609375 0.029166666666666667 0.1140625
14 0.703125 0.84609375 0.035416666666666666 0.0765625
14 0.7875 0.82890625 0.03333333333333333 0.0703125
14 0.9072916666666667 0.815625 0.03125 0.0625
9 0.896875 0.76328125 0.08958333333333333 0.0296875
