10 0.04739583333333333 0.30324074074074076 0.08854166666666667 0.14722222222222223
10 0.2552083333333333 0.2675925925925926 0.10833333333333334 0.09074074074074075
10 0.33125 0.2550925925925926 0.058333333333333334 0.06944444444444445
10 0.365625 0.24861111111111112 0.030208333333333334 0.05277777777777778
16 0.33697916666666666 0.1388888888888889 0.013541666666666667 0.1574074074074074
10 0.40729166666666666 0.24074074074074073 0.034375 0.040740740740740744
10 0.4434895833333333 0.23425925925925925 0.022395833333333334 0.03518518518518519
12 0.5153645833333333 0.4486111111111111 0.05260416666666667 0.21574074074074073
12 0.5315104166666667 0.3416666666666667 0.025520833333333333 0.09074074074074075
10 0.5638020833333334 0.2601851851851852 0.0921875 0.13148148148148148
12 0.6872395833333333 0.899074074074074 0.07239583333333334 0.19444444444444445
0 0.8033854166666666 0.1486111111111111 0.0546875 0.2953703703703704
0 0.6833333333333333 0.13240740740740742 0.03958333333333333 0.26296296296296295
0 0.6440104166666667 0.1412037037037037 0.03177083333333333 0.20462962962962963
0 0.6229166666666667 0.1638888888888889 0.023958333333333335 0.14444444444444443
