10 0.81953125 0.7426470588235294 0.1421875 0.17857142857142858
10 0.07734375 0.7815126050420168 0.1515625 0.1092436974789916
9 0.38828125 0.6334033613445378 0.3859375 0.4810924369747899
6 0.34296875 0.7258403361344538 0.1140625 0.34243697478991597
6 0.734375 0.7184873949579832 0.06875 0.226890756302521
12 0.45625 0.8340336134453782 0.059375 0.15126050420168066
12 0.59765625 0.8182773109243697 0.0671875 0.1407563025210084
12 0.65625 0.8046218487394958 0.053125 0.13025210084033614
12 0.69453125 0.7941176470588235 0.0484375 0.11764705882352941
12 0.74609375 0.7878151260504201 0.0484375 0.10084033613445378
16 0.65546875 0.40441176470588236 0.0328125 0.6743697478991597
16 0.70859375 0.5336134453781513 0.0328125 0.42016806722689076
5 0.775 0.5997899159663865 0.053125 0.06512605042016807
16 0.1125 0.3960084033613445 0.059375 0.7584033613445378
16 0.43515625 0.18277310924369747 0.0328125 0.36134453781512604
