7 0.66328125 0.4177215189873418 0.1609375 0.14828209764918626
10 0.29296875 0.6066907775768535 0.5828125 0.6347197106690777
6 0.659375 0.3471971066907776 0.08125 0.19529837251356238
6 0.60078125 0.31464737793851716 0.0109375 0.03616636528028933
10 0.7734375 0.32730560578661844 0.025 0.02531645569620253
19 0.5640625 0.31735985533453887 0.0125 0.023508137432188065
3 0.72265625 0.635623869801085 0.5546875 0.3887884267631103
3 0.8296875 0.35804701627486435 0.209375 0.04701627486437613
3 0.5375 0.3535262206148282 0.20625 0.04159132007233273
1 0.13515625 0.25587703435804704 0.0234375 0.027124773960216998
9 0.8140625 0.3182640144665461 0.021875 0.03616636528028933
5 0.975 0.32459312839059673 0.0125 0.0162748643761302
