14 0.908625 0.5118333333333334 0.04925 0.22166666666666668
7 0.972375 0.34833333333333333 0.05525 0.17133333333333334
14 0.76475 0.4696666666666667 0.0415 0.196
14 0.706 0.42533333333333334 0.0275 0.13133333333333333
14 0.673625 0.4513333333333333 0.03575 0.18
14 0.641 0.4053333333333333 0.027 0.13866666666666666
14 0.596375 0.44566666666666666 0.02825 0.14
14 0.52575 0.432 0.0265 0.12933333333333333
14 0.484 0.419 0.023 0.12733333333333333
14 0.435875 0.41233333333333333 0.02275 0.114
14 0.38075 0.391 0.023 0.11933333333333333
11 0.45775 0.3165 0.0605 0.165
11 0.360875 0.31266666666666665 0.09125 0.15733333333333333
11 0.2645 0.31816666666666665 0.083 0.15366666666666667
15 0.3035 0.8431666666666666 0.1925 0.31366666666666665
15 0.16275 0.7738333333333334 0.139 0.2623333333333333
14 0.2065 0.5828333333333333 0.0515 0.11566666666666667
14 0.077 0.715 0.075 0.33
11 0.13775 0.315 0.0625 0.10933333333333334
14 0.5795 0.4013333333333333 0.0195 0.11866666666666667
14 0.529375 0.3945 0.01975 0.105
14 0.478625 0.38166666666666665 0.02175 0.10666666666666667
13 0.218875 0.31033333333333335 0.06425 0.09666666666666666
