15 0.87625 0.8883333333333333 0.1475 0.21666666666666667
15 0.5875 0.7566666666666667 0.09 0.14
15 0.4225 0.6933333333333334 0.07 0.10666666666666667
15 0.3 0.6533333333333333 0.065 0.08666666666666667
15 0.19625 0.625 0.0525 0.07666666666666666
15 0.12 0.6083333333333333 0.05 0.07666666666666666
15 0.0425 0.5883333333333334 0.045 0.06333333333333334
10 0.225 0.5233333333333333 0.215 0.14666666666666667
16 0.93125 0.565 0.0325 0.39666666666666667
10 0.735 0.52 0.1 0.05333333333333334
10 0.63 0.5183333333333333 0.07 0.05
6 0.6075 0.53 0.02 0.07333333333333333
5 0.935 0.30333333333333334 0.085 0.11333333333333333
10 0.34875 0.5016666666666667 0.0675 0.03666666666666667
10 0.42 0.51 0.06 0.04
