11 0.5334558823529412 0.4514705882352941 0.44926470588235295 0.4323529411764706
6 0.1375 0.2872549019607843 0.07205882352941176 0.21372549019607842
11 0.924264705882353 0.29215686274509806 0.1514705882352941 0.22549019607843138
6 0.05073529411764706 0.20294117647058824 0.09411764705882353 0.2627450980392157
10 0.5636029411764706 0.10980392156862745 0.04632352941176471 0.029411764705882353
10 0.7220588235294118 0.10784313725490197 0.051470588235294115 0.049019607843137254
0 0.42205882352941176 0.1053921568627451 0.022058823529411766 0.08725490196078431
6 0.9397058823529412 0.17598039215686276 0.047058823529411764 0.10098039215686275
0 0.5933823529411765 0.08823529411764706 0.016176470588235296 0.11960784313725491
9 0.27536764705882355 0.11519607843137254 0.03308823529411765 0.05784313725490196
10 0.33933823529411766 0.13823529411764707 0.03455882352941177 0.050980392156862744
0 0.37022058823529413 0.10882352941176471 0.0125 0.052941176470588235
11 0.17904411764705883 0.17401960784313725 0.04926470588235294 0.059803921568627454
0 0.8246323529411764 0.37401960784313726 0.13602941176470587 0.6558823529411765
0 0.38823529411764707 0.11225490196078432 0.014705882352941176 0.06372549019607843
16 0.6764705882352942 0.0784313725490196 0.022058823529411766 0.15490196078431373
0 0.89375 0.0661764705882353 0.021323529411764706 0.09313725490196079
0 0.6981617647058823 0.07156862745098039 0.019852941176470587 0.1411764705882353
0 0.7889705882352941 0.056372549019607844 0.026470588235294117 0.11078431372549019
0 0.4801470588235294 0.14754901960784314 0.03529411764705882 0.10686274509803921
13 0.7084558823529412 0.28431372549019607 0.10955882352941176 0.20588235294117646
11 0.8654411764705883 0.6377450980392156 0.2691176470588235 0.5147058823529411
11 0.9286764705882353 0.736764705882353 0.1426470588235294 0.5264705882352941
12 0.22242647058823528 0.15196078431372548 0.009558823529411765 0.0196078431372549
12 0.24301470588235294 0.15441176470588236 0.009558823529411765 0.020588235294117647
12 0.2551470588235294 0.15294117647058825 0.008823529411764706 0.0196078431372549
4 0.49779411764705883 0.7774509803921569 0.2426470588235294 0.44509803921568625
11 0.43676470588235294 0.2857843137254902 0.12352941176470589 0.18137254901960784
11 0.6415441176470589 0.367156862745098 0.30073529411764705 0.2696078431372549
11 0.3948529411764706 0.20245098039215687 0.058823529411764705 0.10294117647058823
0 0.32941176470588235 0.12794117647058822 0.008823529411764706 0.07156862745098039
