10 0.93046875 0.3191747572815534 0.1078125 0.08495145631067962
6 0.46171875 0.4356796116504854 0.1640625 0.6140776699029126
6 0.278125 0.5825242718446602 0.240625 0.8058252427184466
6 0.12890625 0.49514563106796117 0.2546875 0.9854368932038835
6 0.66171875 0.5012135922330098 0.5171875 0.9975728155339806
10 0.978125 0.2912621359223301 0.04375 0.05339805825242718
10 0.903125 0.28398058252427183 0.084375 0.06310679611650485
6 0.615625 0.3470873786407767 0.040625 0.15048543689320387
6 0.56640625 0.35315533980582525 0.0546875 0.22572815533980584
6 0.3484375 0.32160194174757284 0.05625 0.23058252427184467
6 0.36640625 0.5 0.0734375 0.1553398058252427
6 0.65625 0.2912621359223301 0.05 0.10194174757281553
6 0.16015625 0.28883495145631066 0.0890625 0.18932038834951456
6 0.165625 0.20752427184466019 0.053125 0.08980582524271845
6 0.54140625 0.41504854368932037 0.0609375 0.14563106796116504
6 0.48671875 0.29975728155339804 0.0328125 0.08495145631067962
16 0.30859375 0.13106796116504854 0.0359375 0.25728155339805825
