5 0.84921875 0.33410672853828305 0.0890625 0.12993039443155452
10 0.66484375 0.5881670533642691 0.0640625 0.0765661252900232
10 0.50625 0.5719257540603249 0.0375 0.04408352668213457
10 0.6328125 0.580046403712297 0.028125 0.06496519721577726
10 0.44140625 0.5730858468677494 0.0296875 0.03248259860788863
10 0.4234375 0.580046403712297 0.015625 0.05104408352668213
9 0.384375 0.5707656612529002 0.071875 0.09744779582366589
6 0.55234375 0.5638051044083526 0.0109375 0.03248259860788863
6 0.28828125 0.5707656612529002 0.0203125 0.04176334106728538
10 0.4578125 0.5649651972157773 0.01875 0.025522041763341066
10 0.57109375 0.5649651972157773 0.0109375 0.030162412993039442
10 0.475 0.5614849187935035 0.01875 0.027842227378190254
0 0.8203125 0.6357308584686775 0.034375 0.25986078886310904
16 0.83828125 0.6206496519721578 0.0296875 0.3874709976798144
16 0.88515625 0.58584686774942 0.0265625 0.11832946635730858
9 0.55078125 0.5464037122969838 0.0359375 0.058004640371229696
19 0.265625 0.622969837587007 0.0125 0.03480278422273782
16 0.26171875 0.40023201856148494 0.0203125 0.41067285382830626
13 0.32890625 0.6078886310904872 0.0234375 0.05104408352668213
13 0.3703125 0.6032482598607889 0.028125 0.05104408352668213
13 0.5890625 0.5707656612529002 0.015625 0.03248259860788863
