3 0.4737442922374429 0.7488584474885844 0.9429223744292238 0.502283105022831
11 0.5656392694063926 0.4589041095890411 0.09703196347031963 0.0867579908675799
6 0.4549086757990868 0.4124809741248097 0.03767123287671233 0.1491628614916286
10 0.8481735159817352 0.3523592085235921 0.1552511415525114 0.1171993911719939
6 0.6809360730593608 0.4094368340943683 0.033105022831050226 0.1339421613394216
5 0.045662100456621 0.1537290715372907 0.06164383561643835 0.0882800608828006
10 0.9657534246575342 0.365296803652968 0.0684931506849315 0.0974124809741248
6 0.5616438356164384 0.4299847792998478 0.0502283105022831 0.1263318112633181
16 0.05194063926940639 0.3538812785388128 0.026255707762557076 0.3211567732115677
16 0.4840182648401826 0.2389649923896499 0.02511415525114155 0.4748858447488584
10 0.742579908675799 0.3767123287671233 0.09931506849315068 0.0867579908675799
11 0.7220319634703196 0.4170471841704718 0.05821917808219178 0.0700152207001522
1 0.5365296803652968 0.2313546423135464 0.0228310502283105 0.0639269406392694
16 0.5536529680365296 0.2709284627092846 0.0136986301369863 0.1856925418569254
16 0.610730593607306 0.2298325722983257 0.0273972602739726 0.45662100456621
14 0.33162100456621 0.4733637747336377 0.014840182648401826 0.0791476407914764
14 0.170662100456621 0.4817351598173516 0.014840182648401826 0.0837138508371385
11 0.6495433789954338 0.4147640791476408 0.03424657534246575 0.0776255707762557
6 0.7197488584474886 0.393455098934551 0.03538812785388128 0.0958904109589041
0 0.4081050228310502 0.3439878234398782 0.03767123287671233 0.2831050228310502
3 0.7363013698630136 0.4634703196347032 0.2237442922374429 0.0684931506849315
0 0.5268264840182648 0.3318112633181126 0.014840182648401826 0.1339421613394216
10 0.6135844748858448 0.3531202435312024 0.04908675799086758 0.045662100456621
6 0.579337899543379 0.3736681887366819 0.014840182648401826 0.0593607305936073
11 0.9023972602739726 0.5060882800608828 0.1495433789954338 0.1598173515981735
6 0.6295662100456622 0.3797564687975647 0.019406392694063926 0.0684931506849315
10 0.6655251141552512 0.3569254185692542 0.05707762557077625 0.0410958904109589
6 0.5930365296803652 0.3706240487062405 0.014840182648401826 0.0654490106544901
11 0.6284246575342466 0.3926940639269406 0.021689497716894976 0.0487062404870624
6 0.6484018264840182 0.3964992389649924 0.02968036529680365 0.1019786910197869
6 0.8972602739726028 0.3789954337899543 0.0730593607305936 0.076103500761035
16 0.3418949771689498 0.3219178082191781 0.023972602739726026 0.1354642313546423
9 0.83675799086758 0.2929984779299848 0.1232876712328767 0.0441400304414003
