12 0.384625 0.784 0.21175 0.432
12 0.891875 0.216 0.04775 0.09866666666666667
12 0.492375 0.19483333333333333 0.04225 0.08566666666666667
12 0.284125 0.16166666666666665 0.03225 0.068
6 0.214625 0.09866666666666667 0.04625 0.126
6 0.15925 0.06466666666666666 0.025 0.104
6 0.449375 0.11083333333333334 0.03175 0.13766666666666666
15 0.072875 0.10116666666666667 0.03175 0.044333333333333336
14 0.84975 0.1635 0.0135 0.07033333333333333
14 0.80575 0.16133333333333333 0.013 0.06666666666666667
14 0.78325 0.1605 0.011 0.06233333333333333
11 0.018375 0.0795 0.03525 0.06166666666666667
6 0.06375 0.04683333333333333 0.0135 0.049666666666666665
6 0.052375 0.03766666666666667 0.01175 0.032
6 0.1215 0.022833333333333334 0.0115 0.018333333333333333
6 0.192625 0.028666666666666667 0.02525 0.048
6 0.233125 0.029166666666666667 0.01875 0.049666666666666665
11 0.228625 0.08533333333333333 0.09325 0.084
6 0.48825 0.08583333333333333 0.0185 0.06433333333333334
6 0.376125 0.1085 0.03775 0.10166666666666667
11 0.371875 0.124 0.09575 0.08866666666666667
6 0.863125 0.0745 0.01625 0.067
6 0.830375 0.059 0.02325 0.038
6 0.765875 0.0575 0.02475 0.053
6 0.171125 0.049833333333333334 0.01925 0.08633333333333333
6 0.36525 0.07566666666666666 0.0235 0.07733333333333334
