16 0.611 0.42083333333333334 0.017 0.25166666666666665
15 0.759375 0.5283333333333333 0.07075 0.10466666666666667
15 0.43925 0.489 0.0415 0.062
11 0.68575 0.37666666666666665 0.0705 0.068
11 0.748375 0.37583333333333335 0.05125 0.053
15 0.95625 0.6128333333333333 0.053 0.15233333333333332
18 0.6145 0.36333333333333334 0.0565 0.096
16 0.445625 0.3495 0.01125 0.123
14 0.484125 0.4515 0.00975 0.05566666666666667
0 0.282125 0.4025 0.05325 0.3463333333333333
0 0.972625 0.6596666666666666 0.05475 0.6806666666666666
18 0.939 0.446 0.096 0.13
0 0.916125 0.38416666666666666 0.06275 0.20433333333333334
5 0.603 0.23633333333333334 0.0225 0.037333333333333336
5 0.631875 0.23866666666666667 0.02275 0.038
5 0.4845 0.39216666666666666 0.027 0.05633333333333333
0 0.561625 0.31733333333333336 0.06075 0.444
0 0.45525 0.2971666666666667 0.0485 0.37166666666666665
14 0.559125 0.5098333333333334 0.01825 0.08766666666666667
