8 0.65546875 0.7317813765182186 0.5640625 0.4716599190283401
6 0.1953125 0.7884615384615384 0.015625 0.05060728744939271
5 0.14921875 0.7388663967611336 0.0140625 0.020242914979757085
6 0.20625 0.7884615384615384 0.009375 0.038461538461538464
16 0.74296875 0.24898785425101214 0.0484375 0.4939271255060729
16 0.18203125 0.6690283400809717 0.0203125 0.31376518218623484
13 0.9484375 0.8279352226720648 0.05 0.10121457489878542
9 0.33359375 0.7975708502024291 0.0734375 0.11336032388663968
9 0.28125 0.7945344129554656 0.053125 0.10728744939271255
9 0.24609375 0.7945344129554656 0.0453125 0.0951417004048583
9 0.2140625 0.7945344129554656 0.034375 0.09109311740890688
