3 0.569634703196347 0.5449010654490106 0.860730593607306 0.9101978691019786
10 0.0884703196347032 0.06468797564687975 0.17465753424657535 0.0958904109589041
10 0.9383561643835616 0.0441400304414003 0.1232876712328767 0.0852359208523592
11 0.2973744292237443 0.0684931506849315 0.06735159817351598 0.0517503805175038
6 0.3007990867579909 0.04946727549467275 0.030821917808219176 0.0715372907153729
0 0.557648401826484 0.03881278538812785 0.019406392694063926 0.0745814307458143
0 0.3784246575342466 0.0380517503805175 0.014840182648401826 0.0730593607305936
14 0.24315068493150685 0.06164383561643835 0.0091324200913242 0.0471841704718417
16 0.4920091324200913 0.0395738203957382 0.0182648401826484 0.076103500761035
0 0.71175799086758 0.0350076103500761 0.019406392694063926 0.0669710806697108
12 0.19406392694063926 0.05403348554033485 0.0136986301369863 0.0289193302891933
12 0.20205479452054795 0.0669710806697108 0.01141552511415525 0.030441400304414
12 0.22602739726027396 0.05251141552511415 0.01141552511415525 0.0289193302891933
