10 0.3002336448598131 0.8671875 0.5957943925233645 0.265625
10 0.42289719626168226 0.79453125 0.09345794392523364 0.0234375
10 0.6728971962616822 0.78828125 0.14953271028037382 0.0421875
10 0.8142523364485982 0.78828125 0.0397196261682243 0.0171875
10 0.8481308411214953 0.7875 0.037383177570093455 0.01875
10 0.8925233644859814 0.7875 0.0514018691588785 0.025
10 0.9264018691588785 0.78671875 0.035046728971962614 0.0203125
10 0.9649532710280374 0.7859375 0.04672897196261682 0.025
10 0.7710280373831776 0.79140625 0.056074766355140186 0.0234375
10 0.522196261682243 0.79296875 0.07242990654205607 0.0171875
