8 0.57578125 0.46979166666666666 0.7421875 0.78125
8 0.95078125 0.503125 0.0921875 0.31875
6 0.15546875 0.5395833333333333 0.0265625 0.08333333333333333
6 0.14765625 0.5260416666666666 0.0140625 0.05625
6 0.29453125 0.4875 0.1109375 0.10416666666666667
6 0.103125 0.5229166666666667 0.021875 0.0625
9 0.17734375 0.49166666666666664 0.0859375 0.058333333333333334
6 0.0546875 0.5260416666666666 0.025 0.07708333333333334
9 0.05390625 0.49583333333333335 0.1046875 0.075
16 0.190625 0.525 0.0125 0.10416666666666667
