6 0.20703125 0.6440281030444965 0.0265625 0.1358313817330211
6 0.77109375 0.7833723653395784 0.0890625 0.405152224824356
6 0.73203125 0.6627634660421545 0.0296875 0.0936768149882904
6 0.27109375 0.6604215456674473 0.0265625 0.1358313817330211
6 0.46796875 0.5761124121779859 0.5640625 0.8477751756440282
6 0.2125 0.5925058548009368 0.025 0.05152224824355972
6 0.08671875 0.594847775175644 0.0109375 0.05152224824355972
6 0.0484375 0.7049180327868853 0.08125 0.3840749414519906
16 0.83828125 0.5351288056206089 0.0421875 0.41451990632318503
3 0.859375 0.8782201405152225 0.28125 0.234192037470726
1 0.81796875 0.5187353629976581 0.0234375 0.0585480093676815
