10 0.565625 0.54375 0.028125 0.0375
8 0.33828125 0.5052083333333334 0.2234375 0.30625
6 0.95625 0.625 0.021875 0.10833333333333334
6 0.93125 0.6166666666666667 0.0375 0.125
6 0.6921875 0.5760416666666667 0.01875 0.06041666666666667
6 0.66875 0.5739583333333333 0.025 0.07291666666666667
6 0.70625 0.5770833333333333 0.015625 0.058333333333333334
6 0.90234375 0.6322916666666667 0.0359375 0.09791666666666667
6 0.465625 0.5458333333333333 0.0125 0.041666666666666664
6 0.0296875 0.5604166666666667 0.021875 0.06666666666666667
6 0.0125 0.5625 0.021875 0.06666666666666667
6 0.32578125 0.39895833333333336 0.0265625 0.06458333333333334
6 0.73203125 0.5739583333333333 0.0140625 0.06041666666666667
16 0.72109375 0.334375 0.0265625 0.6645833333333333
9 0.16015625 0.5447916666666667 0.0984375 0.08125
16 0.20078125 0.5166666666666667 0.0171875 0.25
