6 0.10625 0.6606481481481481 0.04583333333333333 0.1287037037037037
6 0.25 0.6893518518518519 0.04791666666666667 0.15833333333333333
6 0.5575520833333333 0.7185185185185186 0.06822916666666666 0.20555555555555555
6 0.6955729166666667 0.7439814814814815 0.07864583333333333 0.2916666666666667
6 0.74140625 0.7425925925925926 0.09114583333333333 0.2740740740740741
11 0.70078125 0.8018518518518518 0.19322916666666667 0.26296296296296295
11 0.55859375 0.7726851851851851 0.1140625 0.18611111111111112
11 0.25755208333333335 0.7388888888888889 0.07447916666666667 0.12407407407407407
11 0.10625 0.7171296296296297 0.071875 0.10277777777777777
16 0.95234375 0.44814814814814813 0.0359375 0.7555555555555555
10 0.3671875 0.638425925925926 0.14375 0.12685185185185185
10 0.49973958333333335 0.6268518518518519 0.1421875 0.16666666666666666
10 0.9 0.6458333333333334 0.19791666666666666 0.20092592592592592
10 0.6234375 0.6208333333333333 0.18958333333333333 0.18425925925925926
10 0.23619791666666667 0.6277777777777778 0.1734375 0.1388888888888889
10 0.13203125 0.625462962962963 0.14947916666666666 0.10277777777777777
10 0.06171875 0.6143518518518518 0.1203125 0.10648148148148148
10 0.2830729166666667 0.6296296296296297 0.13802083333333334 0.12037037037037036
10 0.7203125 0.6486111111111111 0.19583333333333333 0.15833333333333333
10 0.9583333333333334 0.6689814814814815 0.08333333333333333 0.15648148148148147
0 0.17890625 0.5828703703703704 0.034895833333333334 0.28425925925925927
0 0.39739583333333334 0.5990740740740741 0.042708333333333334 0.29074074074074074
0 0.7346354166666667 0.5435185185185185 0.0421875 0.25925925925925924
