11 0.5856164383561644 0.6712328767123288 0.3835616438356164 0.3135464231354642
10 0.7591324200913242 0.4056316590563166 0.1141552511415525 0.0624048706240487
10 0.8601598173515982 0.3964992389649924 0.11757990867579908 0.0502283105022831
6 0.5753424657534246 0.5837138508371386 0.1643835616438356 0.4003044140030441
10 0.9657534246575342 0.4025875190258752 0.0684931506849315 0.0350076103500761
2 0.18036529680365296 0.2678843226788432 0.01598173515981735 0.0426179604261796
6 0.5291095890410958 0.4056316590563166 0.017123287671232876 0.0624048706240487
2 0.2853881278538813 0.2747336377473364 0.0136986301369863 0.0350076103500761
13 0.41837899543379 0.4056316590563166 0.019406392694063926 0.0319634703196347
6 0.5473744292237442 0.4025875190258752 0.017123287671232876 0.0532724505327245
16 0.8481735159817352 0.3059360730593607 0.01598173515981735 0.136986301369863
16 0.5416666666666666 0.2815829528158295 0.010273972602739725 0.2161339421613394
6 0.1232876712328767 0.3919330289193303 0.0136986301369863 0.0441400304414003
16 0.6700913242009132 0.3828006088280061 0.00684931506849315 0.0684931506849315
16 0.13812785388127855 0.3447488584474886 0.0091324200913242 0.1324200913242009
1 0.5707762557077626 0.3333333333333333 0.0091324200913242 0.0243531202435312
16 0.5776255707762558 0.3181126331811263 0.0091324200913242 0.1248097412480974
6 0.3984018264840183 0.395738203957382 0.0136986301369863 0.0395738203957382
16 0.3344748858447489 0.3485540334855403 0.0091324200913242 0.1248097412480974
6 0.5176940639269406 0.3980213089802131 0.012557077625570776 0.0441400304414003
3 0.7009132420091324 0.7092846270928462 0.5981735159817352 0.5722983257229832
3 0.23116438356164384 0.4170471841704718 0.19292237442922375 0.0182648401826484
