3 0.4480593607305936 0.728310502283105 0.8938356164383562 0.54337899543379
6 0.5353881278538812 0.3592085235920852 0.045662100456621 0.1582952815829528
6 0.5918949771689498 0.3576864535768645 0.04223744292237443 0.167427701674277
1 0.4029680365296804 0.15296803652968036 0.02968036529680365 0.0745814307458143
1 0.4315068493150685 0.10426179604261795 0.02511415525114155 0.0776255707762557
0 0.6312785388127854 0.2359208523592085 0.0365296803652968 0.4596651445966514
9 0.12557077625570776 0.2990867579908676 0.13470319634703196 0.0898021308980213
10 0.305365296803653 0.3112633181126332 0.05821917808219178 0.0380517503805175
10 0.030821917808219176 0.3219178082191781 0.0593607305936073 0.0654490106544901
10 0.22659817351598174 0.3150684931506849 0.06735159817351598 0.045662100456621
16 0.3818493150684932 0.1735159817351598 0.028538812785388126 0.3378995433789954
3 0.1769406392694064 0.3828006088280061 0.3515981735159817 0.0684931506849315
14 0.5468036529680366 0.4307458143074581 0.01598173515981735 0.0882800608828006
14 0.4520547945205479 0.4170471841704718 0.0136986301369863 0.0821917808219178
10 0.3613013698630137 0.3105022831050228 0.04680365296803653 0.0365296803652968
14 0.2699771689497717 0.3105022831050228 0.010273972602739725 0.0517503805175038
1 0.4052511415525114 0.09056316590563165 0.02054794520547945 0.0563165905631659
16 0.45662100456621 0.21080669710806696 0.0182648401826484 0.2450532724505327
13 0.3613013698630137 0.3759512937595129 0.03995433789954338 0.0730593607305936
9 0.8202054794520548 0.2526636225266362 0.3595890410958904 0.1187214611872146
15 0.9851598173515982 0.4771689497716895 0.02511415525114155 0.0502283105022831
8 0.2791095890410959 0.2823439878234399 0.1358447488584475 0.0471841704718417
10 0.4126712328767123 0.3051750380517504 0.03767123287671233 0.0258751902587519
16 0.4840182648401826 0.1354642313546423 0.0182648401826484 0.1278538812785388
16 0.4103881278538813 0.2557077625570776 0.012557077625570776 0.1308980213089802
