3 0.5005707762557078 0.7245053272450532 0.9988584474885844 0.5509893455098934
9 0.6872146118721462 0.3424657534246575 0.1552511415525114 0.1308980213089802
6 0.20947488584474885 0.4071537290715373 0.033105022831050226 0.1111111111111111
10 0.6535388127853882 0.3866057838660578 0.07876712328767123 0.0578386605783866
16 0.04223744292237443 0.2549467275494673 0.0365296803652968 0.4246575342465753
6 0.3458904109589041 0.4170471841704718 0.03424657534246575 0.0943683409436834
11 0.6073059360730594 0.4041095890410959 0.0273972602739726 0.0410958904109589
16 0.3127853881278539 0.213089802130898 0.02511415525114155 0.4200913242009132
11 0.9001141552511416 0.4056316590563166 0.04452054794520548 0.0654490106544901
10 0.7796803652968036 0.3729071537290715 0.03881278538812785 0.0547945205479452
0 0.2437214611872146 0.350076103500761 0.019406392694063926 0.1126331811263318
6 0.980593607305936 0.3789954337899543 0.02511415525114155 0.091324200913242
2 0.5587899543378996 0.21080669710806696 0.014840182648401826 0.0502283105022831
11 0.4549086757990868 0.426179604261796 0.06050228310502283 0.060882800608828
11 0.5108447488584474 0.4284627092846271 0.06506849315068493 0.0532724505327245
6 0.4594748858447489 0.4063926940639269 0.033105022831050226 0.091324200913242
10 0.5873287671232876 0.3789954337899543 0.05593607305936073 0.0517503805175038
3 0.7682648401826484 0.4284627092846271 0.4634703196347032 0.0532724505327245
0 0.08561643835616438 0.3150684931506849 0.0228310502283105 0.1400304414003044
6 0.507420091324201 0.4071537290715373 0.033105022831050226 0.0867579908675799
1 0.5371004566210046 0.21232876712328766 0.017123287671232876 0.0502283105022831
1 0.3287671232876712 0.2876712328767123 0.0182648401826484 0.0487062404870624
11 0.3487442922374429 0.4360730593607306 0.07876712328767123 0.0624048706240487
0 0.1324200913242009 0.3280060882800609 0.0228310502283105 0.1111111111111111
6 0.9052511415525114 0.380517503805175 0.03424657534246575 0.0669710806697108
0 0.15011415525114155 0.3226788432267884 0.017123287671232876 0.106544901065449
16 0.4925799086757991 0.2884322678843227 0.012557077625570776 0.1506849315068493
0 0.18493150684931506 0.3264840182648402 0.01598173515981735 0.1019786910197869
6 0.5405251141552512 0.3789954337899543 0.019406392694063926 0.0365296803652968
0 0.0091324200913242 0.3272450532724505 0.01598173515981735 0.1248097412480974
6 0.605593607305936 0.3858447488584475 0.019406392694063926 0.0532724505327245
11 0.5393835616438356 0.3995433789954338 0.021689497716894976 0.0350076103500761
16 0.476027397260274 0.2762557077625571 0.0136986301369863 0.1567732115677321
8 0.4828767123287671 0.3455098934550989 0.05251141552511415 0.0334855403348554
6 0.490296803652968 0.3797564687975647 0.012557077625570776 0.0350076103500761
16 0.3276255707762557 0.3592085235920852 0.0091324200913242 0.0974124809741248
0 0.1969178082191781 0.3295281582952816 0.010273972602739725 0.0898021308980213
9 0.5582191780821918 0.3645357686453577 0.045662100456621 0.0624048706240487
16 0.9069634703196348 0.3158295281582953 0.010273972602739725 0.0654490106544901
6 0.3864155251141553 0.3660578386605784 0.017123287671232876 0.0441400304414003
14 0.5827625570776256 0.3987823439878234 0.005707762557077625 0.0334855403348554
