6 0.026432291666666666 0.15324074074074073 0.04869791666666667 0.29907407407407405
12 0.6463541666666667 0.5699074074074074 0.12291666666666666 0.34444444444444444
12 0.441796875 0.2967592592592593 0.06588541666666667 0.18055555555555555
12 0.344921875 0.1597222222222222 0.04088541666666667 0.10833333333333334
12 0.3109375 0.11458333333333333 0.025 0.08287037037037037
12 0.2649739583333333 0.07546296296296297 0.01796875 0.05277777777777778
12 0.5709635416666666 0.046296296296296294 0.015885416666666666 0.05092592592592592
12 0.6451822916666666 0.05439814814814815 0.020572916666666666 0.06157407407407407
12 0.478125 0.033796296296296297 0.011458333333333333 0.03425925925925926
12 0.45 0.027777777777777776 0.010416666666666666 0.03425925925925926
12 0.4102864583333333 0.024305555555555556 0.009114583333333334 0.02824074074074074
8 0.308984375 0.02962962962962963 0.11223958333333334 0.058333333333333334
8 0.47578125 0.021064814814814814 0.14427083333333332 0.0412037037037037
10 0.958984375 0.1375 0.08203125 0.2740740740740741
10 0.6614583333333334 0.02060185185185185 0.09375 0.04027777777777778
10 0.9173177083333334 0.022916666666666665 0.05182291666666667 0.04490740740740741
