3 0.5 0.7184170471841704 0.997716894977169 0.563165905631659
10 0.2060502283105023 0.4284627092846271 0.3710045662100457 0.1628614916286149
10 0.8047945205479452 0.3523592085235921 0.05707762557077625 0.0441400304414003
2 0.6735159817351598 0.21993911719939116 0.0273972602739726 0.0806697108066971
2 0.329337899543379 0.2557077625570776 0.021689497716894976 0.0517503805175038
0 0.5742009132420092 0.3181126331811263 0.0273972602739726 0.2070015220700152
10 0.860730593607306 0.3508371385083714 0.0547945205479452 0.0441400304414003
9 0.7385844748858448 0.3409436834094368 0.045662100456621 0.045662100456621
6 0.1095890410958904 0.3691019786910198 0.0273972602739726 0.0654490106544901
10 0.7745433789954338 0.3447488584474886 0.030821917808219176 0.0319634703196347
11 0.3938356164383562 0.4056316590563166 0.0319634703196347 0.0806697108066971
6 0.5285388127853882 0.3751902587519026 0.02511415525114155 0.1050228310502283
6 0.2762557077625571 0.3356164383561644 0.0228310502283105 0.0319634703196347
6 0.6792237442922374 0.378234398782344 0.02968036529680365 0.0837138508371385
10 0.980593607305936 0.3622526636225266 0.03881278538812785 0.0974124809741248
10 0.6952054794520548 0.3424657534246575 0.0228310502283105 0.0243531202435312
3 0.8470319634703196 0.4071537290715373 0.3013698630136986 0.0441400304414003
0 0.9457762557077626 0.3036529680365297 0.017123287671232876 0.0806697108066971
11 0.6763698630136986 0.4018264840182648 0.04223744292237443 0.0517503805175038
0 0.8921232876712328 0.3120243531202435 0.014840182648401826 0.0791476407914764
16 0.317351598173516 0.2359208523592085 0.0182648401826484 0.2678843226788432
11 0.4811643835616438 0.3789954337899543 0.05136986301369863 0.0395738203957382
6 0.5136986301369864 0.3683409436834094 0.02054794520547945 0.0943683409436834
16 0.6672374429223744 0.3158295281582953 0.014840182648401826 0.1050228310502283
0 0.6529680365296804 0.3074581430745814 0.01598173515981735 0.0821917808219178
16 0.1969178082191781 0.1750380517503805 0.03995433789954338 0.3470319634703196
0 0.6678082191780822 0.3112633181126332 0.01598173515981735 0.0989345509893455
