5 0.18984375 0.6114583333333333 0.0671875 0.09375
10 0.1671875 0.46979166666666666 0.0875 0.03125
10 0.14140625 0.4822916666666667 0.0765625 0.027083333333333334
10 0.24921875 0.4739583333333333 0.0390625 0.022916666666666665
10 0.021875 0.48333333333333334 0.040625 0.03333333333333333
10 0.43359375 0.46458333333333335 0.0265625 0.025
10 0.40546875 0.4583333333333333 0.0171875 0.016666666666666666
16 0.284375 0.5072916666666667 0.03125 0.28541666666666665
16 0.39140625 0.50625 0.0296875 0.2125
16 0.45859375 0.49166666666666664 0.0234375 0.1875
16 0.5078125 0.49270833333333336 0.01875 0.15208333333333332
16 0.5453125 0.4875 0.021875 0.14166666666666666
16 0.57578125 0.484375 0.0171875 0.12291666666666666
16 0.5984375 0.478125 0.015625 0.11458333333333333
