11 0.2833333333333333 0.6314814814814815 0.26666666666666666 0.6425925925925926
10 0.27057291666666666 0.33194444444444443 0.11927083333333334 0.16574074074074074
10 0.10520833333333333 0.3226851851851852 0.15416666666666667 0.16203703703703703
10 0.8739583333333333 0.31157407407407406 0.2520833333333333 0.2212962962962963
6 0.7283854166666667 0.300462962962963 0.03177083333333333 0.15462962962962962
13 0.6580729166666667 0.387037037037037 0.07239583333333334 0.17777777777777778
6 0.60234375 0.2712962962962963 0.027604166666666666 0.09259259259259259
11 0.12760416666666666 0.5912037037037037 0.13854166666666667 0.3768518518518518
7 0.61484375 0.33194444444444443 0.05572916666666667 0.11944444444444445
11 0.41328125 0.3101851851851852 0.04114583333333333 0.1111111111111111
11 0.4661458333333333 0.324537037037037 0.0375 0.08796296296296297
11 0.503125 0.3148148148148148 0.053125 0.11481481481481481
0 0.13723958333333333 0.29444444444444445 0.028645833333333332 0.2962962962962963
0 0.3848958333333333 0.23657407407407408 0.030208333333333334 0.3194444444444444
16 0.58125 0.2462962962962963 0.022916666666666665 0.49074074074074076
11 0.4393229166666667 0.32592592592592595 0.034895833333333334 0.08148148148148149
7 0.5434895833333333 0.33564814814814814 0.034895833333333334 0.0824074074074074
11 0.5614583333333333 0.33055555555555555 0.022916666666666665 0.10555555555555556
11 0.35651041666666666 0.31805555555555554 0.03802083333333333 0.06944444444444445
11 0.36302083333333335 0.32731481481481484 0.029166666666666667 0.06018518518518518
11 0.68203125 0.32407407407407407 0.07239583333333334 0.1
