10 0.21328125 0.6229166666666667 0.0484375 0.05
6 0.0703125 0.6479166666666667 0.025 0.10416666666666667
6 0.034375 0.6427083333333333 0.03125 0.10208333333333333
6 0.10078125 0.63125 0.0234375 0.07916666666666666
10 0.3671875 0.621875 0.053125 0.03125
6 0.5125 0.6229166666666667 0.015625 0.058333333333333334
6 0.4796875 0.6229166666666667 0.015625 0.05
6 0.4671875 0.6197916666666666 0.0125 0.04375
6 0.43203125 0.6166666666666667 0.0109375 0.041666666666666664
6 0.4484375 0.621875 0.0125 0.04375
6 0.52578125 0.6229166666666667 0.0203125 0.058333333333333334
7 0.11796875 0.6666666666666666 0.0203125 0.0625
10 0.16328125 0.6177083333333333 0.0390625 0.022916666666666665
6 0.50625 0.6270833333333333 0.021875 0.058333333333333334
5 0.696875 0.43125 0.18125 0.3
16 0.63515625 0.8885416666666667 0.0359375 0.22291666666666668
16 0.78203125 0.8708333333333333 0.0421875 0.25833333333333336
16 0.5625 0.546875 0.0125 0.22708333333333333
14 0.41796875 0.6635416666666667 0.0234375 0.06458333333333334
14 0.35234375 0.6635416666666667 0.0234375 0.06875
14 0.29921875 0.665625 0.0203125 0.06875
14 0.23359375 0.6729166666666667 0.0203125 0.0625
14 0.16875 0.6739583333333333 0.025 0.06458333333333334
