6 0.222125 0.47483333333333333 0.05725 0.16166666666666665
6 0.26675 0.4673333333333333 0.0645 0.16466666666666666
6 0.436625 0.4535 0.03425 0.16233333333333333
6 0.468375 0.4575 0.02725 0.14766666666666667
6 0.558 0.45966666666666667 0.0495 0.17133333333333334
13 0.612625 0.514 0.08825 0.12666666666666668
6 0.68875 0.41483333333333333 0.058 0.18033333333333335
6 0.9275 0.4745 0.0525 0.20966666666666667
10 0.051 0.504 0.097 0.228
16 0.393 0.42433333333333334 0.0115 0.23733333333333334
6 0.532625 0.4031666666666667 0.01825 0.09166666666666666
11 0.355375 0.43833333333333335 0.08475 0.092
6 0.27125 0.39216666666666666 0.029 0.051666666666666666
6 0.0405 0.403 0.027 0.04133333333333333
6 0.977625 0.48233333333333334 0.04375 0.21666666666666667
0 0.768875 0.4136666666666667 0.07675 0.356
0 0.477375 0.3571666666666667 0.09675 0.39766666666666667
0 0.333 0.4098333333333333 0.037 0.243
7 0.222875 0.5155 0.07675 0.10166666666666667
7 0.269 0.5341666666666667 0.102 0.13233333333333333
