3 0.3710045662100457 0.7207001522070016 0.7351598173515982 0.5555555555555556
11 0.13070776255707764 0.6377473363774734 0.204337899543379 0.3287671232876712
6 0.4143835616438356 0.5266362252663622 0.08447488584474885 0.3013698630136986
10 0.684931506849315 0.3888888888888889 0.08904109589041095 0.1050228310502283
11 0.4189497716894977 0.5616438356164384 0.2465753424657534 0.2191780821917808
0 0.1598173515981735 0.3188736681887367 0.0273972602739726 0.1780821917808219
6 0.3601598173515982 0.4444444444444444 0.05821917808219178 0.1948249619482496
6 0.10388127853881278 0.5776255707762558 0.1415525114155251 0.3820395738203957
10 0.7528538812785388 0.3812785388127854 0.06050228310502283 0.0532724505327245
7 0.8515981735159818 0.3972602739726027 0.03424657534246575 0.0334855403348554
2 0.5039954337899544 0.2602739726027397 0.021689497716894976 0.0669710806697108
10 0.7968036529680366 0.365296803652968 0.06164383561643835 0.030441400304414
2 0.9360730593607306 0.2724505327245053 0.02054794520547945 0.0578386605783866
1 0.09703196347031963 0.2115677321156773 0.02511415525114155 0.0943683409436834
0 0.3367579908675799 0.2876712328767123 0.0228310502283105 0.1613394216133942
16 0.08333333333333333 0.2709284627092846 0.02054794520547945 0.2496194824961948
10 0.2728310502283105 0.4375951293759513 0.273972602739726 0.1506849315068493
16 0.9554794520547946 0.24277016742770166 0.0182648401826484 0.3089802130898021
2 0.3727168949771689 0.2800608828006088 0.017123287671232876 0.0426179604261796
6 0.11472602739726027 0.3576864535768645 0.019406392694063926 0.0547945205479452
6 0.19406392694063926 0.3614916286149163 0.01598173515981735 0.0502283105022831
6 0.4417808219178082 0.380517503805175 0.0182648401826484 0.0669710806697108
11 0.5485159817351598 0.3820395738203957 0.019406392694063926 0.0273972602739726
6 0.5268264840182648 0.3866057838660578 0.023972602739726026 0.0730593607305936
6 0.8515981735159818 0.380517503805175 0.0228310502283105 0.045662100456621
16 0.4971461187214612 0.3356164383561644 0.010273972602739725 0.0867579908675799
6 0.062214611872146115 0.3995433789954338 0.05593607305936073 0.0715372907153729
3 0.7557077625570776 0.4254185692541857 0.4885844748858447 0.0441400304414003
7 0.4874429223744292 0.4101978691019787 0.05251141552511415 0.0441400304414003
6 0.4748858447488584 0.3751902587519026 0.01598173515981735 0.0654490106544901
6 0.6364155251141552 0.3721461187214612 0.017123287671232876 0.0502283105022831
16 0.9252283105022832 0.3455098934550989 0.010273972602739725 0.0943683409436834
0 0.4594748858447489 0.3340943683409437 0.014840182648401826 0.0837138508371385
16 0.045662100456621 0.213089802130898 0.0319634703196347 0.3439878234398782
11 0.045662100456621 0.5144596651445966 0.08904109589041095 0.15220700152207
6 0.3864155251141553 0.3622526636225266 0.017123287671232876 0.0365296803652968
16 0.4954337899543379 0.2579908675799087 0.0136986301369863 0.2207001522070015
6 0.547945205479452 0.3706240487062405 0.0136986301369863 0.0350076103500761
16 0.3738584474885845 0.3318112633181126 0.010273972602739725 0.0578386605783866
10 0.507420091324201 0.3576864535768645 0.026255707762557076 0.0243531202435312
11 0.5291095890410958 0.4056316590563166 0.03767123287671233 0.0410958904109589
11 0.6375570776255708 0.3904109589041096 0.021689497716894976 0.0380517503805175
16 0.8909817351598174 0.3607305936073059 0.010273972602739725 0.0821917808219178
6 0.4172374429223744 0.3645357686453577 0.012557077625570776 0.0471841704718417
6 0.4029680365296804 0.3576864535768645 0.0182648401826484 0.0334855403348554
14 0.4554794520547945 0.3942161339421613 0.00684931506849315 0.0395738203957382
