7 0.6640625 0.37395833333333334 0.046875 0.07708333333333334
7 0.8953125 0.32395833333333335 0.10625 0.15625
7 0.40546875 0.378125 0.0453125 0.07291666666666667
7 0.50390625 0.34791666666666665 0.1140625 0.10833333333333334
7 0.7125 0.3697916666666667 0.05625 0.06875
6 0.23359375 0.56875 0.1453125 0.5
9 0.51640625 0.4427083333333333 0.9609375 0.51875
7 0.54296875 0.36875 0.0421875 0.07916666666666666
7 0.74296875 0.33958333333333335 0.0390625 0.12916666666666668
7 0.63984375 0.3770833333333333 0.0265625 0.058333333333333334
7 0.67265625 0.359375 0.0421875 0.09375
7 0.58515625 0.3458333333333333 0.0734375 0.125
7 0.3578125 0.35625 0.034375 0.125
7 0.7640625 0.3416666666666667 0.0625 0.12916666666666668
7 0.8125 0.33958333333333335 0.084375 0.1375
