3 0.519406392694064 0.5464231354642314 0.8698630136986302 0.9071537290715372
6 0.684931506849315 0.05403348554033485 0.0410958904109589 0.1050228310502283
6 0.15753424657534246 0.03120243531202435 0.0228310502283105 0.0593607305936073
7 0.08105022831050228 0.03729071537290715 0.0502283105022831 0.0410958904109589
7 0.4400684931506849 0.03576864535768645 0.033105022831050226 0.0532724505327245
6 0.13641552511415525 0.02968036529680365 0.021689497716894976 0.0563165905631659
7 0.20319634703196346 0.0319634703196347 0.0228310502283105 0.0517503805175038
14 0.3139269406392694 0.0532724505327245 0.0091324200913242 0.060882800608828
7 0.2979452054794521 0.0350076103500761 0.0182648401826484 0.0517503805175038
11 0.4982876712328767 0.0334855403348554 0.019406392694063926 0.0487062404870624
16 0.3898401826484018 0.0395738203957382 0.019406392694063926 0.076103500761035
16 0.7985159817351598 0.02815829528158295 0.019406392694063926 0.0532724505327245
11 0.3430365296803653 0.0365296803652968 0.028538812785388126 0.0487062404870624
7 0.1329908675799087 0.0380517503805175 0.05136986301369863 0.0426179604261796
11 0.410958904109589 0.0319634703196347 0.02054794520547945 0.0578386605783866
7 0.5325342465753424 0.03424657534246575 0.026255707762557076 0.0471841704718417
7 0.5918949771689498 0.0334855403348554 0.03538812785388128 0.045662100456621
7 0.4731735159817352 0.0334855403348554 0.014840182648401826 0.0517503805175038
7 0.238013698630137 0.03272450532724505 0.030821917808219176 0.0593607305936073
14 0.2363013698630137 0.0380517503805175 0.0091324200913242 0.0487062404870624
7 0.3710045662100457 0.04185692541856925 0.02054794520547945 0.0410958904109589
7 0.5616438356164384 0.0334855403348554 0.02968036529680365 0.0517503805175038
16 0.00684931506849315 0.0365296803652968 0.01141552511415525 0.0700152207001522
0 0.9708904109589042 0.0243531202435312 0.017123287671232876 0.045662100456621
11 0.6558219178082192 0.0273972602739726 0.023972602739726026 0.0517503805175038
