14 0.17546296296296296 0.6166666666666667 0.03425925925925926 0.11728395061728394
14 0.624537037037037 0.5450617283950617 0.021296296296296296 0.08271604938271605
14 0.5791666666666667 0.4759259259259259 0.01574074074074074 0.05308641975308642
14 0.5578703703703703 0.44382716049382714 0.012037037037037037 0.040740740740740744
14 0.5449074074074074 0.42592592592592593 0.010185185185185186 0.0345679012345679
10 0.6050925925925926 0.3790123456790123 0.03981481481481482 0.03950617283950617
9 0.6689814814814815 0.3592592592592593 0.032407407407407406 0.04197530864197531
9 0.9763888888888889 0.37962962962962965 0.04722222222222222 0.12222222222222222
10 0.9185185185185185 0.387037037037037 0.10555555555555556 0.08024691358024691
9 0.8125 0.34629629629629627 0.13425925925925927 0.1271604938271605
16 0.8342592592592593 0.23765432098765432 0.009259259259259259 0.09259259259259259
9 0.275 0.3333333333333333 0.5055555555555555 0.28888888888888886
16 0.023148148148148147 0.42777777777777776 0.044444444444444446 0.46296296296296297
10 0.5736111111111111 0.36419753086419754 0.017592592592592594 0.022222222222222223
6 0.6962962962962963 0.37037037037037035 0.016666666666666666 0.037037037037037035
16 0.5027777777777778 0.11851851851851852 0.020370370370370372 0.2345679012345679
