10 0.32578125 0.9112734864300627 0.2015625 0.15657620041753653
10 0.715625 0.8924843423799582 0.121875 0.11899791231732777
10 0.746875 0.8674321503131524 0.1 0.11899791231732777
10 0.59140625 0.8204592901878914 0.0578125 0.06263048016701461
6 0.08828125 0.8006263048016702 0.0140625 0.04801670146137787
16 0.5484375 0.5 0.040625 0.9958246346555324
16 0.86484375 0.6931106471816284 0.0359375 0.5511482254697286
16 0.82890625 0.6816283924843424 0.0265625 0.5532359081419624
13 0.88203125 0.8549060542797495 0.0296875 0.06889352818371608
3 0.4171875 0.9478079331941545 0.696875 0.08350730688935282
2 0.52578125 0.46868475991649267 0.0234375 0.07724425887265135
