12 0.11223958333333334 0.31203703703703706 0.013020833333333334 0.03888888888888889
12 0.14375 0.30925925925925923 0.009375 0.03148148148148148
12 0.17708333333333334 0.30462962962962964 0.013541666666666667 0.03888888888888889
16 0.2375 0.38287037037037036 0.07395833333333333 0.7583333333333333
12 0.43385416666666665 0.4013888888888889 0.0375 0.13055555555555556
12 0.4479166666666667 0.36435185185185187 0.021875 0.08796296296296297
12 0.4127604166666667 0.2902777777777778 0.0067708333333333336 0.030555555555555555
12 0.5729166666666666 0.28194444444444444 0.011458333333333333 0.03796296296296296
12 0.5651041666666666 0.2810185185185185 0.009375 0.041666666666666664
12 0.6877604166666667 0.2763888888888889 0.013020833333333334 0.04537037037037037
12 0.7494791666666667 0.4148148148148148 0.04375 0.13703703703703704
12 0.8408854166666667 0.29398148148148145 0.021354166666666667 0.0712962962962963
15 0.8502604166666666 0.27546296296296297 0.0140625 0.049074074074074076
13 0.9036458333333334 0.26064814814814813 0.07708333333333334 0.10092592592592593
0 0.3494791666666667 0.5143518518518518 0.09166666666666666 0.8194444444444444
0 0.16432291666666668 0.3351851851851852 0.05364583333333333 0.5166666666666667
0 0.09166666666666666 0.33101851851851855 0.03958333333333333 0.3194444444444444
0 0.04114583333333333 0.33935185185185185 0.03229166666666667 0.21388888888888888
0 0.609375 0.2300925925925926 0.014583333333333334 0.13055555555555556
0 0.7119791666666667 0.21944444444444444 0.021875 0.15
0 0.859375 0.22407407407407406 0.016666666666666666 0.13518518518518519
0 0.5296875 0.23657407407407408 0.020833333333333332 0.10092592592592593
0 0.012760416666666666 0.31203703703703706 0.021354166666666667 0.16111111111111112
