10 0.76640625 0.8411214953271028 0.4671875 0.3177570093457944
10 0.440625 0.7207943925233645 0.11875 0.07710280373831775
10 0.15078125 0.7383177570093458 0.1328125 0.06542056074766354
10 0.39765625 0.6904205607476636 0.0296875 0.030373831775700934
10 0.4859375 0.6822429906542056 0.025 0.028037383177570093
10 0.4796875 0.6670560747663551 0.015625 0.016355140186915886
6 0.01484375 0.7710280373831776 0.0265625 0.12149532710280374
6 0.88125 0.6950934579439252 0.0625 0.1705607476635514
6 0.771875 0.669392523364486 0.0375 0.04439252336448598
6 0.23046875 0.7091121495327103 0.0171875 0.053738317757009345
6 0.634375 0.6810747663551402 0.0125 0.035046728971962614
10 0.440625 0.6752336448598131 0.01875 0.018691588785046728
10 0.409375 0.6857476635514018 0.015625 0.02570093457943925
10 0.0296875 0.7348130841121495 0.05625 0.05841121495327103
10 0.428125 0.6740654205607477 0.0125 0.02570093457943925
10 0.42890625 0.6588785046728972 0.0140625 0.014018691588785047
6 0.9078125 0.6962616822429907 0.0625 0.19158878504672897
16 0.89921875 0.5093457943925234 0.1265625 0.5794392523364486
16 0.14453125 0.6273364485981309 0.0234375 0.18925233644859812
16 0.06875 0.6880841121495327 0.021875 0.1378504672897196
10 0.475 0.647196261682243 0.015625 0.02336448598130841
