3 0.5005707762557078 0.697869101978691 0.9988584474885844 0.6012176560121766
6 0.6723744292237442 0.3607305936073059 0.0410958904109589 0.1491628614916286
10 0.8304794520547946 0.2998477929984779 0.07648401826484018 0.0669710806697108
10 0.9434931506849316 0.3143074581430746 0.11073059360730593 0.0898021308980213
6 0.4200913242009132 0.3538812785388128 0.02968036529680365 0.0989345509893455
1 0.317351598173516 0.1948249619482496 0.0273972602739726 0.091324200913242
6 0.4691780821917808 0.3919330289193303 0.0502283105022831 0.1872146118721461
10 0.7773972602739726 0.3059360730593607 0.0365296803652968 0.0426179604261796
6 0.5114155251141552 0.3592085235920852 0.02511415525114155 0.0974124809741248
6 0.3664383561643836 0.363013698630137 0.0319634703196347 0.1141552511415525
6 0.6164383561643836 0.3660578386605784 0.02968036529680365 0.1537290715372907
6 0.639269406392694 0.3645357686453577 0.0273972602739726 0.1415525114155251
6 0.5462328767123288 0.3523592085235921 0.028538812785388126 0.1050228310502283
16 0.3915525114155251 0.21689497716894976 0.02054794520547945 0.4155251141552511
2 0.4029680365296804 0.2313546423135464 0.02511415525114155 0.060882800608828
8 0.7631278538812786 0.271689497716895 0.06963470319634703 0.0441400304414003
16 0.3047945205479452 0.2701674277016743 0.0273972602739726 0.2724505327245053
6 0.5850456621004566 0.3729071537290715 0.03767123287671233 0.1552511415525114
11 0.238013698630137 0.3888888888888889 0.033105022831050226 0.0776255707762557
10 0.8761415525114156 0.2968036529680365 0.033105022831050226 0.0395738203957382
10 0.75 0.3028919330289193 0.0365296803652968 0.0365296803652968
2 0.5268264840182648 0.2465753424657534 0.014840182648401826 0.0395738203957382
16 0.5154109589041096 0.16971080669710806 0.019406392694063926 0.3333333333333333
3 0.7899543378995434 0.3409436834094368 0.21232876712328766 0.0334855403348554
10 0.6917808219178082 0.3143074581430746 0.03881278538812785 0.0471841704718417
10 0.9394977168949772 0.2709284627092846 0.09817351598173515 0.0334855403348554
6 0.4646118721461187 0.3257229832572298 0.0273972602739726 0.060882800608828
16 0.3584474885844749 0.2009132420091324 0.0228310502283105 0.2496194824961948
6 0.5662100456621004 0.3493150684931507 0.02054794520547945 0.1019786910197869
10 0.730593607305936 0.2983257229832572 0.0273972602739726 0.030441400304414
6 0.6158675799086758 0.3135464231354642 0.023972602739726026 0.0517503805175038
10 0.7151826484018264 0.2960426179604262 0.021689497716894976 0.0258751902587519
16 0.23059360730593606 0.3211567732115677 0.0136986301369863 0.0578386605783866
1 0.408675799086758 0.0898021308980213 0.0365296803652968 0.1248097412480974
7 0.5445205479452054 0.3645357686453577 0.03881278538812785 0.0410958904109589
11 0.2734018264840183 0.3911719939117199 0.06735159817351598 0.0821917808219178
