10 0.20491803278688525 0.43671875 0.0585480093676815 0.0453125
10 0.31030444964871196 0.44609375 0.18501170960187355 0.0765625
19 0.42271662763466045 0.6 0.1053864168618267 0.18125
10 0.05737704918032787 0.421875 0.03044496487119438 0.015625
10 0.08782201405152225 0.425 0.03981264637002342 0.025
10 0.02224824355971897 0.4203125 0.02107728337236534 0.01875
19 0.5819672131147541 0.4625 0.0117096018735363 0.015625
6 0.45784543325526933 0.44375 0.02576112412177986 0.03125
10 0.1405152224824356 0.42578125 0.07962529274004684 0.0453125
16 0.3583138173302108 0.3890625 0.08899297423887588 0.503125
0 0.16276346604215455 0.3515625 0.07259953161592506 0.409375
6 0.6288056206088993 0.45625 0.02576112412177986 0.034375
6 0.8583138173302107 0.46484375 0.02576112412177986 0.0421875
6 0.8770491803278688 0.465625 0.02576112412177986 0.04375
6 0.7693208430913349 0.46328125 0.0351288056206089 0.0421875
6 0.7084309133489461 0.4578125 0.02107728337236534 0.0375
6 0.7224824355971897 0.45859375 0.02576112412177986 0.0265625
6 0.7423887587822015 0.46015625 0.0234192037470726 0.0390625
6 0.5971896955503513 0.4515625 0.01873536299765808 0.028125
6 0.607728337236534 0.453125 0.02107728337236534 0.025
