10 0.5091324200913242 0.3858447488584475 0.4315068493150685 0.2146118721461187
3 0.4988584474885845 0.7077625570776256 0.9954337899543378 0.5814307458143074
10 0.7277397260273972 0.3614916286149163 0.06963470319634703 0.1171993911719939
2 0.6603881278538812 0.20624048706240486 0.023972602739726026 0.0654490106544901
6 0.1934931506849315 0.363013698630137 0.04223744292237443 0.1506849315068493
11 0.8162100456621004 0.3812785388127854 0.0639269406392694 0.0806697108066971
10 0.7791095890410958 0.3432267884322679 0.05821917808219178 0.0806697108066971
11 0.12728310502283105 0.3797564687975647 0.11073059360730593 0.0958904109589041
6 0.8167808219178082 0.3561643835616438 0.033105022831050226 0.0852359208523592
6 0.3407534246575342 0.3188736681887367 0.026255707762557076 0.0593607305936073
2 0.4982876712328767 0.23972602739726026 0.021689497716894976 0.0502283105022831
16 0.6529680365296804 0.14383561643835616 0.02511415525114155 0.2815829528158295
6 0.2905251141552511 0.3493150684931507 0.03538812785388128 0.1111111111111111
14 0.22945205479452055 0.3706240487062405 0.01141552511415525 0.0654490106544901
16 0.555365296803653 0.182648401826484 0.012557077625570776 0.1765601217656012
6 0.12385844748858447 0.3432267884322679 0.05593607305936073 0.1385083713850837
16 0.605593607305936 0.14535768645357686 0.017123287671232876 0.2815829528158295
6 0.2425799086757991 0.3318112633181126 0.033105022831050226 0.1035007610350076
11 0.2545662100456621 0.3599695585996956 0.04794520547945205 0.0715372907153729
1 0.02511415525114155 0.0989345509893455 0.04337899543378995 0.1308980213089802
3 0.882420091324201 0.3866057838660578 0.2328767123287671 0.0395738203957382
6 0.10159817351598173 0.319634703196347 0.0273972602739726 0.1035007610350076
16 0.5057077625570776 0.15601217656012176 0.0136986301369863 0.1293759512937595
6 0.8590182648401826 0.3249619482496195 0.017123287671232876 0.0441400304414003
16 0.882420091324201 0.30441400304414 0.01598173515981735 0.1035007610350076
16 0.008561643835616438 0.2389649923896499 0.014840182648401826 0.1613394216133942
14 0.273972602739726 0.3759512937595129 0.01141552511415525 0.076103500761035
