6 0.0234375 0.6673960612691466 0.034375 0.1575492341356674
6 0.51640625 0.4814004376367615 0.0484375 0.05689277899343545
6 0.07109375 0.774617067833698 0.1140625 0.45076586433260396
6 0.11796875 0.6487964989059081 0.0234375 0.08971553610503283
16 0.07109375 0.27680525164113784 0.0328125 0.5492341356673961
16 0.93984375 0.5776805251641138 0.0265625 0.2100656455142232
16 0.85703125 0.49562363238512036 0.0296875 0.35667396061269147
1 0.03046875 0.2855579868708972 0.0578125 0.19474835886214442
0 0.73671875 0.6094091903719913 0.0203125 0.08971553610503283
0 0.9890625 0.6017505470459519 0.021875 0.16630196936542668
16 0.115625 0.45076586433260396 0.01875 0.3413566739606127
