3 0.5684931506849316 0.7366818873668188 0.8447488584474886 0.5266362252663622
10 0.8396118721461188 0.454337899543379 0.2842465753424658 0.1232876712328767
11 0.5308219178082192 0.8127853881278538 0.3721461187214612 0.3683409436834094
6 0.5285388127853882 0.741248097412481 0.1963470319634703 0.5083713850837138
16 0.11244292237442922 0.2343987823439878 0.04452054794520548 0.4627092846270928
16 0.6295662100456622 0.3264840182648402 0.014840182648401826 0.2724505327245053
11 0.4035388127853881 0.4642313546423135 0.07420091324200913 0.060882800608828
6 0.5941780821917808 0.4330289193302892 0.026255707762557076 0.0806697108066971
6 0.410958904109589 0.4497716894977169 0.02968036529680365 0.0928462709284627
6 0.09246575342465753 0.4284627092846271 0.0182648401826484 0.0745814307458143
6 0.567351598173516 0.4269406392694064 0.02511415525114155 0.0715372907153729
11 0.466324200913242 0.4550989345509893 0.06050228310502283 0.0517503805175038
6 0.4668949771689498 0.4315068493150685 0.0228310502283105 0.0593607305936073
16 0.6974885844748858 0.2762557077625571 0.0182648401826484 0.3576864535768645
1 0.12214611872146118 0.334855403348554 0.0182648401826484 0.0426179604261796
6 0.04908675799086758 0.4147640791476408 0.01598173515981735 0.0502283105022831
7 0.5656392694063926 0.4528158295281583 0.05593607305936073 0.0441400304414003
16 0.4394977168949772 0.2541856925418569 0.01598173515981735 0.334855403348554
16 0.5861872146118722 0.3713850837138508 0.007990867579908675 0.0578386605783866
10 0.023972602739726026 0.5197869101978692 0.04337899543378995 0.1598173515981735
16 0.01141552511415525 0.3242009132420091 0.02054794520547945 0.2709284627092846
16 0.7482876712328768 0.3828006088280061 0.007990867579908675 0.1019786910197869
0 0.2831050228310502 0.4140030441400304 0.01141552511415525 0.076103500761035
16 0.283675799086758 0.4147640791476408 0.010273972602739725 0.0745814307458143
0 0.9155251141552512 0.3599695585996956 0.01598173515981735 0.0654490106544901
3 0.0867579908675799 0.4824961948249619 0.1187214611872146 0.0334855403348554
0 0.8635844748858448 0.3165905631659056 0.019406392694063926 0.076103500761035
