10 0.33828125 0.8302107728337237 0.3640625 0.2505854800936768
10 0.62421875 0.7259953161592506 0.0671875 0.07494145199063232
10 0.678125 0.6943793911007026 0.025 0.03981264637002342
6 0.69921875 0.6978922716627635 0.0140625 0.03747072599531616
6 0.73046875 0.711943793911007 0.0234375 0.07962529274004684
10 0.06640625 0.7330210772833724 0.0921875 0.04215456674473068
10 0.02578125 0.7353629976580797 0.0484375 0.04215456674473068
10 0.16875 0.7271662763466042 0.03125 0.03044496487119438
10 0.4453125 0.7142857142857143 0.040625 0.02810304449648712
10 0.7140625 0.6838407494145199 0.0125 0.02810304449648712
10 0.48125 0.7166276346604216 0.021875 0.0234192037470726
16 0.846875 0.5983606557377049 0.03125 0.4238875878220141
0 0.2171875 0.6007025761124122 0.125 0.3583138173302108
0 0.08515625 0.6252927400468384 0.0390625 0.22950819672131148
0 0.39453125 0.6229508196721312 0.0734375 0.2154566744730679
0 0.50390625 0.5936768149882904 0.0359375 0.25526932084309134
0 0.13828125 0.6159250585480094 0.0484375 0.26229508196721313
16 0.78359375 0.4964871194379391 0.0234375 0.468384074941452
0 0.7359375 0.6053864168618267 0.04375 0.25995316159250587
5 0.77421875 0.6569086651053864 0.0234375 0.04449648711943794
