3 0.5005707762557078 0.76103500761035 0.9988584474885844 0.4779299847792998
10 0.7534246575342466 0.380517503805175 0.13926940639269406 0.0669710806697108
6 0.16723744292237444 0.4916286149162861 0.06278538812785388 0.1887366818873668
3 0.7848173515981736 0.4505327245053272 0.4280821917808219 0.1248097412480974
10 0.8350456621004566 0.3675799086757991 0.10616438356164383 0.0593607305936073
10 0.639269406392694 0.3835616438356164 0.0958904109589041 0.0547945205479452
6 0.5559360730593608 0.4573820395738204 0.0639269406392694 0.1293759512937595
6 0.3544520547945205 0.4292237442922374 0.023972602739726026 0.0852359208523592
11 0.555365296803653 0.4863013698630137 0.07648401826484018 0.1019786910197869
9 0.4115296803652968 0.3744292237442922 0.04223744292237443 0.0517503805175038
10 0.4823059360730594 0.3888888888888889 0.04452054794520548 0.0380517503805175
14 0.3333333333333333 0.5357686453576864 0.0182648401826484 0.0852359208523592
14 0.1643835616438356 0.5707762557077626 0.0182648401826484 0.0943683409436834
6 0.4394977168949772 0.4360730593607306 0.02511415525114155 0.1232876712328767
16 0.4480593607305936 0.2648401826484018 0.04452054794520548 0.5205479452054794
6 0.6044520547945206 0.4315068493150685 0.03767123287671233 0.1080669710806697
1 0.4868721461187215 0.2648401826484018 0.026255707762557076 0.0639269406392694
0 0.3824200913242009 0.3888888888888889 0.0502283105022831 0.2907153729071537
16 0.5199771689497716 0.24581430745814306 0.028538812785388126 0.4855403348554033
6 0.3264840182648402 0.4170471841704718 0.02511415525114155 0.0487062404870624
11 0.5981735159817352 0.4512937595129376 0.04337899543378995 0.0776255707762557
16 0.7071917808219178 0.2952815829528158 0.010273972602739725 0.1187214611872146
10 0.5622146118721462 0.3812785388127854 0.05821917808219178 0.0319634703196347
6 0.519406392694064 0.4231354642313546 0.0182648401826484 0.1095890410958904
5 0.006278538812785388 0.2039573820395738 0.010273972602739725 0.0882800608828006
6 0.557648401826484 0.3964992389649924 0.021689497716894976 0.0502283105022831
16 0.5051369863013698 0.2876712328767123 0.026255707762557076 0.3439878234398782
16 0.5998858447488584 0.3036529680365297 0.010273972602739725 0.1293759512937595
11 0.2728310502283105 0.4216133942161339 0.0319634703196347 0.030441400304414
0 0.3584474885844749 0.3546423135464231 0.0182648401826484 0.106544901065449
16 0.010844748858447488 0.4193302891933029 0.019406392694063926 0.4307458143074581
16 0.2471461187214612 0.3789954337899543 0.033105022831050226 0.1461187214611872
