3 0.5 0.7062404870624048 0.997716894977169 0.5875190258751902
11 0.839041095890411 0.3721461187214612 0.03881278538812785 0.0532724505327245
13 0.3007990867579909 0.3942161339421613 0.033105022831050226 0.0395738203957382
0 0.3424657534246575 0.3637747336377473 0.01598173515981735 0.0943683409436834
12 0.980593607305936 0.3691019786910198 0.01141552511415525 0.0258751902587519
11 0.7756849315068494 0.3721461187214612 0.033105022831050226 0.0532724505327245
11 0.6472602739726028 0.380517503805175 0.02968036529680365 0.0487062404870624
16 0.22146118721461186 0.3059360730593607 0.0182648401826484 0.2191780821917808
11 0.5171232876712328 0.3843226788432268 0.0319634703196347 0.0471841704718417
14 0.916095890410959 0.3767123287671233 0.007990867579908675 0.0380517503805175
11 0.8881278538812786 0.3713850837138508 0.03881278538812785 0.0517503805175038
0 0.1478310502283105 0.3637747336377473 0.014840182648401826 0.0943683409436834
6 0.6866438356164384 0.3645357686453577 0.021689497716894976 0.0745814307458143
16 0.603310502283105 0.3089802130898021 0.007990867579908675 0.0974124809741248
1 0.5976027397260274 0.286910197869102 0.012557077625570776 0.0319634703196347
16 0.7014840182648402 0.2747336377473364 0.012557077625570776 0.2420091324200913
12 0.9526255707762558 0.3607305936073059 0.012557077625570776 0.030441400304414
11 0.2197488584474886 0.395738203957382 0.03767123287671233 0.0395738203957382
14 0.2534246575342466 0.4079147640791476 0.00684931506849315 0.0334855403348554
11 0.735730593607306 0.3744292237442922 0.033105022831050226 0.0517503805175038
11 0.4777397260273973 0.3866057838660578 0.04452054794520548 0.0426179604261796
16 0.2636986301369863 0.3272450532724505 0.01598173515981735 0.15220700152207
11 0.3687214611872146 0.3888888888888889 0.02511415525114155 0.0441400304414003
11 0.4115296803652968 0.3873668188736682 0.017123287671232876 0.0441400304414003
0 0.1889269406392694 0.3333333333333333 0.014840182648401826 0.0669710806697108
11 0.3892694063926941 0.3873668188736682 0.02511415525114155 0.0441400304414003
16 0.795662100456621 0.23972602739726026 0.01598173515981735 0.3120243531202435
6 0.7180365296803652 0.3599695585996956 0.01598173515981735 0.0684931506849315
11 0.5536529680365296 0.3820395738203957 0.01598173515981735 0.0487062404870624
11 0.6164383561643836 0.3835616438356164 0.02054794520547945 0.045662100456621
11 0.5707762557077626 0.3828006088280061 0.02054794520547945 0.0471841704718417
12 0.9971461187214612 0.3622526636225266 0.005707762557077625 0.0213089802130898
12 0.9703196347031964 0.3531202435312024 0.0091324200913242 0.0213089802130898
16 0.7676940639269406 0.2671232876712329 0.010273972602739725 0.1445966514459665
11 0.026255707762557076 0.4010654490106545 0.0319634703196347 0.0410958904109589
6 0.672945205479452 0.3439878234398782 0.014840182648401826 0.045662100456621
6 0.6535388127853882 0.3378995433789954 0.014840182648401826 0.0395738203957382
14 0.2705479452054795 0.4094368340943683 0.00684931506849315 0.0334855403348554
11 0.4337899543378995 0.3873668188736682 0.0182648401826484 0.0410958904109589
6 0.9720319634703196 0.3371385083713851 0.014840182648401826 0.0471841704718417
6 0.7779680365296804 0.3333333333333333 0.012557077625570776 0.030441400304414
7 0.5941780821917808 0.3835616438356164 0.021689497716894976 0.045662100456621
12 0.9240867579908676 0.3592085235920852 0.012557077625570776 0.0213089802130898
1 0.2254566210045662 0.1476407914764079 0.030821917808219176 0.076103500761035
