3 0.3521689497716895 0.7123287671232876 0.702054794520548 0.5753424657534246
10 0.1495433789954338 0.4444444444444444 0.22146118721461186 0.1095890410958904
10 0.5896118721461188 0.3828006088280061 0.05821917808219178 0.0502283105022831
10 0.7705479452054794 0.3691019786910198 0.045662100456621 0.0471841704718417
11 0.7180365296803652 0.4033485540334855 0.0547945205479452 0.0426179604261796
10 0.053082191780821915 0.4657534246575342 0.10388127853881278 0.1552511415525114
1 0.1952054794520548 0.11187214611872145 0.02511415525114155 0.0867579908675799
13 0.5039954337899544 0.4063926940639269 0.030821917808219176 0.0395738203957382
10 0.6889269406392694 0.3767123287671233 0.06735159817351598 0.0471841704718417
10 0.5205479452054794 0.3858447488584475 0.0502283105022831 0.0502283105022831
1 0.1461187214611872 0.08599695585996955 0.02968036529680365 0.0928462709284627
8 0.3721461187214612 0.3767123287671233 0.1689497716894977 0.0837138508371385
16 0.7773972602739726 0.3143074581430746 0.0182648401826484 0.1872146118721461
16 0.2654109589041096 0.2777777777777778 0.021689497716894976 0.2572298325722983
10 0.988013698630137 0.3614916286149163 0.023972602739726026 0.0532724505327245
1 0.2408675799086758 0.13470319634703196 0.0228310502283105 0.0776255707762557
10 0.916095890410959 0.3515981735159817 0.04223744292237443 0.0273972602739726
3 0.9297945205479452 0.3926940639269406 0.1404109589041096 0.0334855403348554
16 0.7037671232876712 0.3386605783866058 0.010273972602739725 0.1263318112633181
0 0.10787671232876712 0.3394216133942161 0.017123287671232876 0.0974124809741248
6 0.8156392694063926 0.3668188736681887 0.012557077625570776 0.0426179604261796
9 0.23230593607305935 0.3706240487062405 0.11301369863013698 0.0563165905631659
16 0.4229452054794521 0.3318112633181126 0.017123287671232876 0.1887366818873668
11 0.8515981735159818 0.3881278538812785 0.0273972602739726 0.0395738203957382
16 0.6666666666666666 0.2952815829528158 0.01141552511415525 0.228310502283105
6 0.718607305936073 0.3926940639269406 0.021689497716894976 0.0547945205479452
2 0.6957762557077626 0.3112633181126332 0.014840182648401826 0.0319634703196347
7 0.3498858447488584 0.4117199391171994 0.023972602739726026 0.0380517503805175
6 0.8504566210045662 0.3729071537290715 0.02054794520547945 0.0517503805175038
16 0.853310502283105 0.2663622526636225 0.012557077625570776 0.167427701674277
10 0.21575342465753425 0.395738203957382 0.0958904109589041 0.0395738203957382
14 0.5730593607305936 0.4132420091324201 0.00684931506849315 0.0289193302891933
12 0.639269406392694 0.3911719939117199 0.0091324200913242 0.0243531202435312
10 0.030251141552511414 0.395738203957382 0.05821917808219178 0.0365296803652968
12 0.6289954337899544 0.3911719939117199 0.0091324200913242 0.0243531202435312
14 0.610730593607306 0.4132420091324201 0.00684931506849315 0.0258751902587519
16 0.7494292237442922 0.19406392694063926 0.017123287671232876 0.3850837138508371
0 0.23573059360730594 0.363013698630137 0.014840182648401826 0.0928462709284627
16 0.8396118721461188 0.3066971080669711 0.012557077625570776 0.1202435312024353
0 0.386986301369863 0.3797564687975647 0.0136986301369863 0.0958904109589041
16 0.1541095890410959 0.3287671232876712 0.0182648401826484 0.1308980213089802
0 0.1541095890410959 0.3356164383561644 0.0182648401826484 0.1141552511415525
10 0.658675799086758 0.3637747336377473 0.0273972602739726 0.0213089802130898
10 0.5039954337899544 0.4063926940639269 0.030821917808219176 0.0395738203957382
16 0.4052511415525114 0.3789954337899543 0.01598173515981735 0.091324200913242
16 0.3955479452054795 0.08751902587519025 0.014840182648401826 0.1719939117199391
