10 0.193 0.8613445378151261 0.094 0.07563025210084033
8 0.567 0.8081232492997199 0.086 0.12044817927170869
6 0.619 0.7983193277310925 0.106 0.15126050420168066
6 0.458 0.8669467787114846 0.148 0.23809523809523808
6 0.302 0.8543417366946778 0.2 0.25770308123249297
6 0.104 0.8473389355742297 0.024 0.09243697478991597
7 0.953 0.9145658263305322 0.026 0.047619047619047616
6 0.13 0.8557422969187675 0.024 0.08123249299719888
6 0.067 0.8529411764705882 0.018 0.08683473389355742
6 0.221 0.8543417366946778 0.038 0.06722689075630252
6 0.732 0.7941176470588235 0.416 0.38375350140056025
7 0.981 0.876750700280112 0.038 0.056022408963585436
6 0.947 0.865546218487395 0.03 0.11764705882352941
1 0.805 0.38935574229691877 0.082 0.32492997198879553
1 0.223 0.2801120448179272 0.034 0.08403361344537816
5 0.219 0.35714285714285715 0.042 0.058823529411764705
5 0.249 0.36694677871148457 0.026 0.06722689075630252
5 0.097 0.7142857142857143 0.026 0.0392156862745098
3 0.966 0.969187675070028 0.068 0.056022408963585436
