10 0.24375 0.6135416666666667 0.078125 0.03958333333333333
10 0.0921875 0.59375 0.05 0.029166666666666667
10 0.1828125 0.6052083333333333 0.0375 0.04791666666666667
10 0.79921875 0.6291666666666667 0.1046875 0.0625
10 0.63671875 0.6083333333333333 0.0203125 0.03333333333333333
6 0.2640625 0.6072916666666667 0.0125 0.052083333333333336
9 0.7234375 0.6135416666666667 0.134375 0.05625
19 0.2484375 0.6229166666666667 0.00625 0.020833333333333332
10 0.2203125 0.5916666666666667 0.034375 0.020833333333333332
16 0.3453125 0.42916666666666664 0.05 0.8541666666666666
15 0.2265625 0.790625 0.053125 0.10625
15 0.4234375 0.7333333333333333 0.034375 0.07083333333333333
16 0.94140625 0.5427083333333333 0.0234375 0.28125
