10 0.3538812785388128 0.3691019786910198 0.3105022831050228 0.1780821917808219
10 0.8299086757990868 0.4132420091324201 0.3401826484018265 0.1963470319634703
3 0.4988584474885845 0.680365296803653 0.9954337899543378 0.60882800608828
11 0.6124429223744292 0.7351598173515982 0.4691780821917808 0.426179604261796
10 0.6409817351598174 0.3386605783866058 0.1723744292237443 0.0806697108066971
6 0.6449771689497716 0.6141552511415526 0.228310502283105 0.5372907153729072
8 0.11187214611872145 0.3089802130898021 0.22146118721461186 0.2191780821917808
11 0.9600456621004566 0.578386605783866 0.07990867579908675 0.273972602739726
1 0.3641552511415525 0.24277016742770166 0.0182648401826484 0.0532724505327245
16 0.3339041095890411 0.2009132420091324 0.017123287671232876 0.167427701674277
16 0.4332191780821918 0.24581430745814306 0.014840182648401826 0.1780821917808219
5 0.3350456621004566 0.2617960426179604 0.017123287671232876 0.0273972602739726
16 0.5896118721461188 0.2389649923896499 0.010273972602739725 0.1948249619482496
1 0.5804794520547946 0.2503805175038052 0.012557077625570776 0.0319634703196347
10 0.9668949771689498 0.3356164383561644 0.06621004566210045 0.0715372907153729
6 0.4417808219178082 0.3264840182648402 0.0136986301369863 0.0410958904109589
8 0.2471461187214612 0.2884322678843227 0.06278538812785388 0.0319634703196347
