3 0.5 0.693302891933029 0.997716894977169 0.6133942161339422
10 0.829337899543379 0.3774733637747336 0.09703196347031963 0.0791476407914764
16 0.9320776255707762 0.20167427701674276 0.04452054794520548 0.3881278538812785
10 0.6426940639269406 0.3523592085235921 0.0547945205479452 0.0502283105022831
6 0.05251141552511415 0.3272450532724505 0.045662100456621 0.1156773211567732
6 0.408675799086758 0.3523592085235921 0.02054794520547945 0.0715372907153729
2 0.5930365296803652 0.1902587519025875 0.019406392694063926 0.0517503805175038
6 0.5131278538812786 0.3569254185692542 0.026255707762557076 0.0898021308980213
6 0.3767123287671233 0.3485540334855403 0.02511415525114155 0.0943683409436834
2 0.7848173515981736 0.2024353120243531 0.017123287671232876 0.0487062404870624
10 0.6084474885844748 0.3409436834094368 0.03424657534246575 0.0426179604261796
7 0.05422374429223744 0.3599695585996956 0.06506849315068493 0.0806697108066971
11 0.7602739726027398 0.3873668188736682 0.0365296803652968 0.0563165905631659
6 0.442351598173516 0.3515981735159817 0.023972602739726026 0.091324200913242
16 0.4275114155251142 0.1841704718417047 0.021689497716894976 0.365296803652968
11 0.6775114155251142 0.3744292237442922 0.028538812785388126 0.045662100456621
6 0.4834474885844749 0.3538812785388128 0.028538812785388126 0.0958904109589041
16 0.228310502283105 0.1872146118721461 0.0182648401826484 0.3713850837138508
11 0.728310502283105 0.3767123287671233 0.0365296803652968 0.0471841704718417
2 0.3584474885844749 0.2480974124809741 0.0136986301369863 0.0365296803652968
6 0.4623287671232877 0.3470319634703196 0.0228310502283105 0.0974124809741248
6 0.5970319634703196 0.3523592085235921 0.01598173515981735 0.0563165905631659
16 0.4041095890410959 0.2191780821917808 0.01598173515981735 0.2009132420091324
6 0.678082191780822 0.3531202435312024 0.02511415525114155 0.0517503805175038
11 0.565068493150685 0.363013698630137 0.0182648401826484 0.0350076103500761
16 0.5285388127853882 0.2747336377473364 0.0136986301369863 0.1111111111111111
6 0.5656392694063926 0.3386605783866058 0.019406392694063926 0.0350076103500761
14 0.9948630136986302 0.395738203957382 0.007990867579908675 0.0395738203957382
16 0.5039954337899544 0.20015220700152206 0.014840182648401826 0.2785388127853881
16 0.3093607305936073 0.2374429223744292 0.0136986301369863 0.2648401826484018
16 0.2642694063926941 0.19710806697108066 0.017123287671232876 0.3576864535768645
9 0.5930365296803652 0.3280060882800609 0.03767123287671233 0.0471841704718417
16 0.363013698630137 0.2724505327245053 0.0091324200913242 0.1126331811263318
14 0.946917808219178 0.393455098934551 0.005707762557077625 0.0258751902587519
16 0.8767123287671232 0.23211567732115676 0.0228310502283105 0.2267884322678843
11 0.8864155251141552 0.3850837138508371 0.021689497716894976 0.0395738203957382
6 0.7363013698630136 0.3614916286149163 0.0182648401826484 0.0593607305936073
3 0.6438356164383562 0.3820395738203957 0.23059360730593606 0.0243531202435312
6 0.7671232876712328 0.3660578386605784 0.02511415525114155 0.0684931506849315
11 0.5462328767123288 0.3561643835616438 0.017123287671232876 0.0334855403348554
16 0.8310502283105022 0.271689497716895 0.0136986301369863 0.1202435312024353
5 0.6581050228310502 0.228310502283105 0.021689497716894976 0.0273972602739726
