7 0.2796875 0.5541666666666667 0.171875 0.275
7 0.9109375 0.29305555555555557 0.125 0.325
10 0.77109375 0.25277777777777777 0.1890625 0.14444444444444443
10 0.5796875 0.23194444444444445 0.14375 0.15833333333333333
6 0.1453125 0.49444444444444446 0.271875 0.9833333333333333
6 0.2671875 0.26805555555555555 0.071875 0.2361111111111111
10 0.83828125 0.2 0.0796875 0.06666666666666667
6 0.2359375 0.3277777777777778 0.090625 0.40555555555555556
10 0.52109375 0.2111111111111111 0.0390625 0.09444444444444444
6 0.42734375 0.40555555555555556 0.1390625 0.5055555555555555
11 0.459375 0.5291666666666667 0.20625 0.39166666666666666
16 0.6671875 0.31666666666666665 0.028125 0.6222222222222222
11 0.75625 0.3263888888888889 0.14375 0.18055555555555555
16 0.88046875 0.21805555555555556 0.0390625 0.4305555555555556
