3 0.5 0.7336377473363774 0.997716894977169 0.532724505327245
10 0.3367579908675799 0.45662100456621 0.3447488584474886 0.1796042617960426
10 0.6866438356164384 0.4345509893455099 0.08789954337899543 0.0776255707762557
10 0.12100456621004566 0.4398782343987823 0.2054794520547945 0.091324200913242
2 0.8578767123287672 0.258751902587519 0.019406392694063926 0.0547945205479452
6 0.557648401826484 0.4353120243531202 0.019406392694063926 0.0730593607305936
16 0.9126712328767124 0.3584474885844749 0.014840182648401826 0.1872146118721461
2 0.6501141552511416 0.2610350076103501 0.019406392694063926 0.0502283105022831
2 0.3915525114155251 0.3363774733637747 0.0136986301369863 0.0365296803652968
16 0.4377853881278539 0.2922374429223744 0.014840182648401826 0.167427701674277
16 0.2950913242009132 0.2732115677321157 0.014840182648401826 0.2054794520547945
11 0.5268264840182648 0.4474885844748858 0.033105022831050226 0.045662100456621
16 0.3418949771689498 0.289193302891933 0.012557077625570776 0.1430745814307458
10 0.8287671232876712 0.4094368340943683 0.0410958904109589 0.0273972602739726
6 0.9549086757990868 0.4345509893455099 0.017123287671232876 0.0593607305936073
16 0.464041095890411 0.1902587519025875 0.017123287671232876 0.3744292237442922
6 0.5245433789954338 0.4322678843226788 0.023972602739726026 0.0700152207001522
16 0.5507990867579908 0.289193302891933 0.012557077625570776 0.2678843226788432
16 0.5861872146118722 0.3637747336377473 0.010273972602739725 0.136986301369863
6 0.9389269406392694 0.4292237442922374 0.019406392694063926 0.0700152207001522
13 0.8875570776255708 0.4345509893455099 0.019406392694063926 0.0289193302891933
3 0.7437214611872146 0.4611872146118721 0.3961187214611872 0.0243531202435312
10 0.9098173515981736 0.4162861491628615 0.04337899543378995 0.0350076103500761
16 0.2608447488584475 0.2070015220700152 0.017123287671232876 0.3774733637747336
16 0.9606164383561644 0.30441400304414 0.017123287671232876 0.2648401826484018
16 0.238013698630137 0.3569254185692542 0.012557077625570776 0.0928462709284627
10 0.8493150684931506 0.4132420091324201 0.0365296803652968 0.0289193302891933
10 0.9417808219178082 0.4162861491628615 0.07077625570776255 0.0380517503805175
10 0.7340182648401826 0.4041095890410959 0.02054794520547945 0.0167427701674277
16 0.815068493150685 0.3683409436834094 0.01141552511415525 0.1156773211567732
5 0.7340182648401826 0.2960426179604262 0.02054794520547945 0.0258751902587519
10 0.865296803652968 0.4132420091324201 0.0228310502283105 0.0350076103500761
11 0.5998858447488584 0.4383561643835616 0.028538812785388126 0.0365296803652968
6 0.603310502283105 0.4216133942161339 0.012557077625570776 0.0365296803652968
6 0.6255707762557078 0.410958904109589 0.0136986301369863 0.0243531202435312
11 0.6244292237442922 0.4315068493150685 0.0136986301369863 0.0289193302891933
9 0.6501141552511416 0.395738203957382 0.026255707762557076 0.0487062404870624
