16 0.471923828125 0.366455078125 0.02880859375 0.54541015625
14 0.57373046875 0.616943359375 0.015625 0.05419921875
14 0.75146484375 0.615478515625 0.0146484375 0.04931640625
14 0.899658203125 0.6005859375 0.01513671875 0.0458984375
14 0.3974609375 0.6142578125 0.015625 0.048828125
14 0.24560546875 0.602783203125 0.0166015625 0.04931640625
14 0.1201171875 0.589111328125 0.0166015625 0.03955078125
14 0.028564453125 0.57666015625 0.01611328125 0.0380859375
9 0.3818359375 0.5068359375 0.1357421875 0.05078125
9 0.53076171875 0.508544921875 0.1611328125 0.05322265625
9 0.203857421875 0.505859375 0.03955078125 0.0224609375
16 0.240234375 0.498046875 0.0078125 0.0888671875
16 0.11474609375 0.486572265625 0.0087890625 0.07275390625
16 0.084716796875 0.4765625 0.01025390625 0.1005859375
16 0.066650390625 0.490234375 0.00830078125 0.0771484375
9 0.025146484375 0.49755859375 0.04150390625 0.0244140625
10 0.568603515625 0.521484375 0.06005859375 0.0283203125
9 0.11181640625 0.497802734375 0.046875 0.02783203125
9 0.15771484375 0.494384765625 0.0498046875 0.02783203125
9 0.704833984375 0.510986328125 0.17724609375 0.06298828125
16 0.568603515625 0.45849609375 0.01416015625 0.1943359375
