3 0.5005707762557078 0.5684931506849316 0.9988584474885844 0.8599695585996956
11 0.2408675799086758 0.0837138508371385 0.0776255707762557 0.0700152207001522
10 0.9811643835616438 0.06316590563165905 0.03538812785388128 0.0502283105022831
14 0.4343607305936073 0.1111111111111111 0.010273972602739725 0.0578386605783866
14 0.4971461187214612 0.10578386605783865 0.010273972602739725 0.0593607305936073
7 0.5422374429223744 0.09512937595129375 0.05707762557077625 0.0441400304414003
16 0.3698630136986301 0.06925418569254185 0.0182648401826484 0.1354642313546423
6 0.6889269406392694 0.11187214611872145 0.05821917808219178 0.0410958904109589
14 0.66837899543379 0.08447488584474885 0.007990867579908675 0.0350076103500761
16 0.7420091324200914 0.045662100456621 0.0136986301369863 0.0882800608828006
0 0.613013698630137 0.04490106544901065 0.01598173515981735 0.0837138508371385
10 0.7505707762557078 0.05098934550989345 0.04680365296803653 0.0350076103500761
6 0.7871004566210046 0.07229832572298325 0.021689497716894976 0.0684931506849315
11 0.7848173515981736 0.091324200913242 0.03767123287671233 0.045662100456621
0 0.2910958904109589 0.030441400304414 0.0319634703196347 0.0578386605783866
16 0.6329908675799086 0.0547945205479452 0.017123287671232876 0.106544901065449
6 0.5462328767123288 0.06925418569254185 0.023972602739726026 0.0624048706240487
3 0.8715753424657534 0.10426179604261795 0.2545662100456621 0.0350076103500761
0 0.5713470319634704 0.0578386605783866 0.019406392694063926 0.1126331811263318
0 0.6523972602739726 0.05251141552511415 0.014840182648401826 0.0989345509893455
10 0.8995433789954338 0.04794520547945205 0.03881278538812785 0.0228310502283105
16 0.916095890410959 0.03120243531202435 0.017123287671232876 0.0593607305936073
0 0.8664383561643836 0.030441400304414 0.0136986301369863 0.0578386605783866
0 0.8167808219178082 0.0273972602739726 0.012557077625570776 0.0517503805175038
