3 0.3892694063926941 0.6765601217656012 0.776255707762557 0.6438356164383562
6 0.5513698630136986 0.3447488584474886 0.0684931506849315 0.2054794520547945
6 0.617579908675799 0.3515981735159817 0.0593607305936073 0.197869101978691
8 0.24486301369863014 0.2526636225266362 0.20662100456621005 0.1095890410958904
6 0.2060502283105023 0.3112633181126332 0.06506849315068493 0.1750380517503805
11 0.08504566210045662 0.3340943683409437 0.09931506849315068 0.0928462709284627
10 0.4920091324200913 0.2907153729071537 0.0547945205479452 0.0517503805175038
16 0.7871004566210046 0.18340943683409436 0.033105022831050226 0.3515981735159817
11 0.4081050228310502 0.3234398782343988 0.04680365296803653 0.0624048706240487
7 0.2060502283105023 0.3721461187214612 0.09703196347031963 0.1111111111111111
10 0.03367579908675799 0.2792998477929985 0.06506849315068493 0.0593607305936073
6 0.09075342465753425 0.2975646879756469 0.05136986301369863 0.1050228310502283
11 0.9337899543378996 0.3538812785388128 0.1004566210045662 0.0715372907153729
10 0.4480593607305936 0.2754946727549467 0.04223744292237443 0.0365296803652968
10 0.3613013698630137 0.2876712328767123 0.06735159817351598 0.060882800608828
2 0.4743150684931507 0.0974124809741248 0.021689497716894976 0.060882800608828
6 0.9412100456621004 0.3318112633181126 0.03767123287671233 0.0943683409436834
2 0.13926940639269406 0.12404870624048706 0.0182648401826484 0.0471841704718417
16 0.6621004566210046 0.16971080669710806 0.02511415525114155 0.3333333333333333
2 0.773972602739726 0.18949771689497716 0.02054794520547945 0.0502283105022831
6 0.4103881278538813 0.2998477929984779 0.033105022831050226 0.0669710806697108
3 0.3949771689497717 0.3280060882800609 0.3219178082191781 0.0350076103500761
16 0.9765981735159818 0.20015220700152206 0.019406392694063926 0.1445966514459665
5 0.5211187214611872 0.09056316590563165 0.021689497716894976 0.0289193302891933
5 0.545662100456621 0.0989345509893455 0.0182648401826484 0.030441400304414
5 0.5662100456621004 0.1019786910197869 0.02054794520547945 0.030441400304414
16 0.605593607305936 0.1872146118721461 0.017123287671232876 0.1948249619482496
