10 0.43828125 0.8058510638297872 0.0140625 0.047872340425531915
10 0.49609375 0.8723404255319149 0.0265625 0.06382978723404255
10 0.4921875 0.8297872340425532 0.015625 0.05319148936170213
10 0.53515625 0.8537234042553191 0.0171875 0.0797872340425532
10 0.4890625 0.7792553191489362 0.015625 0.03723404255319149
10 0.48828125 0.7526595744680851 0.0171875 0.047872340425531915
10 0.453125 0.8882978723404256 0.021875 0.06382978723404255
10 0.44921875 0.9654255319148937 0.0265625 0.05851063829787234
6 0.37578125 0.9414893617021277 0.0078125 0.05319148936170213
6 0.39375 0.9388297872340425 0.009375 0.09042553191489362
9 0.51953125 0.8776595744680851 0.0234375 0.1276595744680851
6 0.5703125 0.9122340425531915 0.009375 0.06914893617021277
10 0.4625 0.7819148936170213 0.015625 0.05319148936170213
10 0.553125 0.9707446808510638 0.028125 0.05851063829787234
9 0.375 0.9813829787234043 0.040625 0.03723404255319149
6 0.37578125 0.8590425531914894 0.0078125 0.047872340425531915
10 0.49453125 0.9468085106382979 0.0234375 0.07446808510638298
3 0.4640625 0.8218085106382979 0.0375 0.047872340425531915
