10 0.0859375 0.834375 0.153125 0.11458333333333333
10 0.19140625 0.821875 0.1203125 0.08541666666666667
10 0.03515625 0.76875 0.0265625 0.020833333333333332
10 0.7140625 0.7625 0.034375 0.016666666666666666
10 0.675 0.7635416666666667 0.040625 0.014583333333333334
10 0.7890625 0.7614583333333333 0.05625 0.01875
9 0.48359375 0.85625 0.3390625 0.17083333333333334
10 0.878125 0.7583333333333333 0.05625 0.025
10 0.0109375 0.7760416666666666 0.01875 0.022916666666666665
10 0.0078125 0.8208333333333333 0.0125 0.058333333333333334
10 0.9703125 0.75625 0.05625 0.020833333333333332
9 0.975 0.8166666666666667 0.05 0.075
9 0.29609375 0.7708333333333334 0.0421875 0.025
6 0.2296875 0.771875 0.0125 0.03958333333333333
6 0.2109375 0.7708333333333334 0.0125 0.03333333333333333
10 0.6 0.7635416666666667 0.05625 0.022916666666666665
