13 0.7169270833333333 0.549074074074074 0.2682291666666667 0.46296296296296297
10 0.5359375 0.22453703703703703 0.221875 0.2564814814814815
10 0.16901041666666666 0.23055555555555557 0.3098958333333333 0.22037037037037038
10 0.7182291666666667 0.19166666666666668 0.17916666666666667 0.1037037037037037
10 0.0453125 0.17824074074074073 0.08854166666666667 0.12314814814814815
10 0.9828125 0.19583333333333333 0.030208333333333334 0.08425925925925926
0 0.9432291666666667 0.2222222222222222 0.06770833333333333 0.4425925925925926
0 0.8625 0.15925925925925927 0.034375 0.31666666666666665
0 0.12604166666666666 0.2064814814814815 0.041666666666666664 0.4111111111111111
16 0.7606770833333333 0.16527777777777777 0.027604166666666666 0.3287037037037037
