8 0.81796875 0.4041666666666667 0.3640625 0.8041666666666667
9 0.58671875 0.19166666666666668 0.0765625 0.0375
6 0.4046875 0.5979166666666667 0.346875 0.8041666666666667
6 0.5984375 0.6458333333333334 0.175 0.7041666666666667
6 0.75546875 0.7239583333333334 0.3640625 0.5520833333333334
6 0.56953125 0.24166666666666667 0.0171875 0.0875
6 0.61015625 0.23645833333333333 0.0296875 0.07708333333333334
6 0.64609375 0.21770833333333334 0.0140625 0.05625
6 0.5546875 0.21041666666666667 0.015625 0.05416666666666667
6 0.58515625 0.2 0.0140625 0.04583333333333333
6 0.9125 0.8958333333333334 0.175 0.20833333333333334
6 0.2484375 0.43125 0.209375 0.42083333333333334
6 0.49375 0.36041666666666666 0.14375 0.24166666666666667
6 0.63046875 0.20729166666666668 0.0171875 0.052083333333333336
9 0.58515625 0.190625 0.0734375 0.03958333333333333
