15 0.3890625 0.7912037037037037 0.14895833333333333 0.33240740740740743
12 0.9716145833333333 0.649537037037037 0.05677083333333333 0.29907407407407405
12 0.8981770833333333 0.30925925925925923 0.027604166666666666 0.08333333333333333
12 0.7294270833333333 0.40694444444444444 0.04114583333333333 0.13055555555555556
12 0.6703125 0.29398148148148145 0.01875 0.062037037037037036
12 0.6369791666666667 0.34814814814814815 0.028125 0.09814814814814815
12 0.6036458333333333 0.32175925925925924 0.021875 0.075
12 0.6109375 0.2712962962962963 0.0125 0.044444444444444446
12 0.584375 0.3074074074074074 0.016666666666666666 0.06111111111111111
12 0.5536458333333333 0.2810185185185185 0.0125 0.049074074074074076
6 0.45234375 0.25787037037037036 0.028645833333333332 0.0824074074074074
6 0.37083333333333335 0.25 0.021875 0.10740740740740741
15 0.10755208333333334 0.28194444444444444 0.016145833333333335 0.032407407407407406
11 0.08229166666666667 0.2601851851851852 0.042708333333333334 0.05740740740740741
10 0.01484375 0.31712962962962965 0.028645833333333332 0.062037037037037036
5 0.006510416666666667 0.18425925925925926 0.011979166666666667 0.03333333333333333
