10 0.60625 0.63125 0.04375 0.0625
10 0.64140625 0.59375 0.0171875 0.016666666666666666
10 0.5921875 0.6135416666666667 0.034375 0.04791666666666667
10 0.621875 0.5895833333333333 0.01875 0.016666666666666666
6 0.640625 0.70625 0.05625 0.20416666666666666
6 0.4796875 0.6833333333333333 0.040625 0.19166666666666668
9 0.859375 0.60625 0.275 0.625
6 0.509375 0.6729166666666667 0.03125 0.18333333333333332
6 0.1890625 0.7135416666666666 0.046875 0.07291666666666667
9 0.6953125 0.5947916666666667 0.0625 0.12708333333333333
16 0.54921875 0.35104166666666664 0.0296875 0.6979166666666666
