10 0.3407534246575342 0.4048706240487062 0.5993150684931506 0.273972602739726
7 0.3664383561643836 0.786910197869102 0.2557077625570776 0.426179604261796
7 0.1232876712328767 0.7770167427701674 0.24429223744292236 0.4398782343987823
3 0.4526255707762557 0.6385083713850838 0.9029680365296804 0.6012176560121766
10 0.9560502283105022 0.2549467275494673 0.08789954337899543 0.0684931506849315
10 0.5017123287671232 0.3013698630136986 0.2408675799086758 0.1187214611872146
0 0.18093607305936074 0.18188736681887366 0.028538812785388126 0.1537290715372907
6 0.8761415525114156 0.2747336377473364 0.03767123287671233 0.0837138508371385
10 0.04223744292237443 0.2861491628614916 0.0821917808219178 0.136986301369863
10 0.91324200913242 0.3721461187214612 0.1735159817351598 0.3028919330289193
16 0.7351598173515982 0.1445966514459665 0.02511415525114155 0.2861491628614916
6 0.13926940639269406 0.2861491628614916 0.0593607305936073 0.076103500761035
10 0.865296803652968 0.24733637747336376 0.1004566210045662 0.0898021308980213
16 0.7539954337899544 0.1491628614916286 0.026255707762557076 0.2922374429223744
10 0.19920091324200914 0.2876712328767123 0.21118721461187215 0.0791476407914764
10 0.783675799086758 0.21993911719939116 0.021689497716894976 0.0228310502283105
11 0.8687214611872146 0.3013698630136986 0.11187214611872145 0.0821917808219178
14 0.769406392694064 0.2724505327245053 0.0091324200913242 0.045662100456621
6 0.5108447488584474 0.2328767123287671 0.021689497716894976 0.0273972602739726
6 0.3424657534246575 0.2496194824961948 0.0182648401826484 0.0395738203957382
16 0.9651826484018264 0.15753424657534246 0.017123287671232876 0.1293759512937595
16 0.646689497716895 0.2420091324200913 0.010273972602739725 0.0700152207001522
