15 0.5655 0.516 0.071 0.11133333333333334
15 0.46825 0.5295 0.075 0.11366666666666667
15 0.36525 0.5353333333333333 0.0765 0.11666666666666667
15 0.262 0.5456666666666666 0.078 0.12066666666666667
6 0.9025 0.3225 0.0315 0.04633333333333333
16 0.81025 0.3581666666666667 0.0125 0.103
16 0.470875 0.23616666666666666 0.01425 0.2803333333333333
16 0.23725 0.25283333333333335 0.008 0.211
16 0.341125 0.14483333333333334 0.02275 0.26966666666666667
5 0.809125 0.22483333333333333 0.03975 0.057666666666666665
5 0.81 0.2791666666666667 0.0425 0.05366666666666667
