13 0.378875 0.6145 0.13525 0.18766666666666668
11 0.712125 0.6071666666666666 0.18275 0.221
16 0.955125 0.37883333333333336 0.03475 0.757
6 0.197625 0.464 0.04125 0.12
11 0.057375 0.5693333333333334 0.09575 0.204
11 0.1595 0.5781666666666667 0.119 0.20366666666666666
11 0.55575 0.5968333333333333 0.0875 0.21766666666666667
11 0.49225 0.594 0.119 0.23266666666666666
11 0.28275 0.5818333333333333 0.075 0.21033333333333334
4 0.903125 0.7475 0.18875 0.073
11 0.0945 0.5951666666666666 0.0685 0.153
0 0.22675 0.38416666666666666 0.043 0.5956666666666667
0 0.609125 0.39666666666666667 0.04525 0.6373333333333333
