14 0.48333333333333334 0.48333333333333334 0.09259259259259259 0.7596491228070176
6 0.5393518518518519 0.3780701754385965 0.31203703703703706 0.7456140350877193
14 0.20833333333333334 0.5350877192982456 0.15 0.9298245614035088
14 0.24583333333333332 0.49122807017543857 0.09537037037037037 0.8421052631578947
14 0.29398148148148145 0.29736842105263156 0.05648148148148148 0.3912280701754386
14 0.9819444444444444 0.2578947368421053 0.03425925925925926 0.19649122807017544
14 0.8351851851851851 0.22807017543859648 0.027777777777777776 0.15789473684210525
14 0.7407407407407407 0.21228070175438596 0.022222222222222223 0.13333333333333333
14 0.3773148148148148 0.24473684210526317 0.026851851851851852 0.2578947368421053
12 0.3351851851851852 0.15964912280701754 0.018518518518518517 0.12280701754385964
14 0.36574074074074076 0.21228070175438596 0.016666666666666666 0.18596491228070175
12 0.3773148148148148 0.5245614035087719 0.08055555555555556 0.2596491228070175
