3 0.38872549019607844 0.22720588235294117 0.45784313725490194 0.16470588235294117
4 0.5686274509803921 0.5691176470588235 0.6450980392156863 0.12058823529411765
13 0.05588235294117647 0.10147058823529412 0.03333333333333333 0.027941176470588237
11 0.4004901960784314 0.08602941176470588 0.018627450980392157 0.023529411764705882
0 0.11813725490196078 0.06066176470588235 0.028431372549019607 0.0875
0 0.2446078431372549 0.04889705882352941 0.024509803921568627 0.06691176470588235
16 0.1715686274509804 0.04522058823529412 0.025490196078431372 0.08308823529411764
10 0.43823529411764706 0.07169117647058823 0.03529411764705882 0.019852941176470587
11 0.3156862745098039 0.08345588235294117 0.01568627450980392 0.016911764705882352
6 0.5764705882352941 0.06764705882352941 0.011764705882352941 0.025
6 0.06764705882352941 0.08345588235294117 0.021568627450980392 0.03161764705882353
16 0.44166666666666665 0.05808823529411765 0.018627450980392157 0.11470588235294117
11 0.5171568627450981 0.08455882352941177 0.030392156862745098 0.03235294117647059
6 0.4 0.07573529411764705 0.0196078431372549 0.026470588235294117
4 0.5127450980392156 0.32794117647058824 0.2901960784313726 0.033823529411764704
4 0.5808823529411765 0.7588235294117647 0.4441176470588235 0.47941176470588237
6 0.31519607843137254 0.07573529411764705 0.014705882352941176 0.01764705882352941
6 0.5661764705882353 0.06764705882352941 0.012745098039215686 0.025
16 0.3205882352941177 0.05110294117647059 0.011764705882352941 0.04338235294117647
16 0.5191176470588236 0.03602941176470588 0.008823529411764706 0.057352941176470586
0 0.3607843137254902 0.05477941176470588 0.011764705882352941 0.03602941176470588
16 0.4877450980392157 0.03786764705882353 0.012745098039215686 0.07426470588235294
13 0.2647058823529412 0.08125 0.021568627450980392 0.016911764705882352
4 0.5210784313725491 0.1213235294117647 0.08137254901960785 0.04264705882352941
4 0.5759803921568627 0.4702205882352941 0.24019607843137256 0.31985294117647056
3 0.26176470588235295 0.10772058823529412 0.28627450980392155 0.01838235294117647
6 0.5465686274509803 0.06691176470588235 0.014705882352941176 0.026470588235294117
11 0.5352941176470588 0.07426470588235294 0.01764705882352941 0.01911764705882353
