10 0.209375 0.7269938650306749 0.246875 0.19427402862985685
10 0.0875 0.7208588957055214 0.171875 0.16155419222903886
10 0.69921875 0.6697341513292433 0.0484375 0.05112474437627812
10 0.515625 0.7903885480572597 0.375 0.2719836400817996
10 0.6328125 0.6584867075664622 0.078125 0.0736196319018405
10 0.85625 0.6860940695296524 0.025 0.05521472392638037
10 0.85078125 0.656441717791411 0.0328125 0.044989775051124746
6 0.43359375 0.7801635991820041 0.2015625 0.41513292433537835
6 0.79375 0.7699386503067485 0.15625 0.4601226993865031
6 0.91484375 0.7811860940695297 0.1390625 0.4049079754601227
6 0.9625 0.7893660531697342 0.075 0.3149284253578732
10 0.01796875 0.679959100204499 0.0328125 0.04294478527607362
8 0.14296875 0.6339468302658486 0.2828125 0.09815950920245399
9 0.6109375 0.6104294478527608 0.06875 0.034764826175869123
9 0.7359375 0.6319018404907976 0.01875 0.02044989775051125
9 0.68046875 0.647239263803681 0.0296875 0.034764826175869123
3 0.17265625 0.8721881390593047 0.3421875 0.07157464212678936
9 0.31875 0.614519427402863 0.075 0.06339468302658487
