10 0.86 0.874439461883408 0.28 0.24663677130044842
6 0.66 0.8475336322869955 0.04 0.17040358744394618
16 0.757 0.5975336322869955 0.034 0.5762331838565022
16 0.115 0.5515695067264574 0.05 0.6860986547085202
1 0.439 0.3071748878923767 0.202 0.06278026905829596
1 0.795 0.5874439461883408 0.042 0.08071748878923767
2 0.816 0.4248878923766816 0.044 0.1547085201793722
5 0.66 0.7017937219730942 0.036 0.04484304932735426
0 0.446 0.7051569506726457 0.04 0.1367713004484305
10 0.167 0.8576233183856502 0.058 0.04708520179372197
