10 0.12271689497716895 0.1872146118721461 0.24315068493150685 0.1917808219178082
6 0.557648401826484 0.2876712328767123 0.1267123287671233 0.3378995433789954
3 0.5011415525114156 0.5388127853881278 0.997716894977169 0.6788432267884322
7 0.5850456621004566 0.3835616438356164 0.2591324200913242 0.2496194824961948
0 0.83162100456621 0.0989345509893455 0.05136986301369863 0.1948249619482496
6 0.3493150684931507 0.15905631659056316 0.0365296803652968 0.1050228310502283
11 0.3493150684931507 0.18036529680365296 0.09360730593607305 0.0745814307458143
11 0.6552511415525114 0.1552511415525114 0.0319634703196347 0.0852359208523592
11 0.2505707762557078 0.167427701674277 0.04223744292237443 0.0669710806697108
6 0.5593607305936074 0.1324200913242009 0.0273972602739726 0.1004566210045662
7 0.4617579908675799 0.17427701674277016 0.03538812785388128 0.0624048706240487
16 0.3373287671232877 0.06925418569254185 0.017123287671232876 0.1324200913242009
6 0.2539954337899543 0.12100456621004566 0.019406392694063926 0.0258751902587519
6 0.2842465753424658 0.1232876712328767 0.0228310502283105 0.030441400304414
6 0.5976027397260274 0.1019786910197869 0.023972602739726026 0.045662100456621
11 0.2876712328767123 0.1704718417047184 0.0319634703196347 0.0669710806697108
6 0.2191780821917808 0.1156773211567732 0.0228310502283105 0.0365296803652968
