17 0.6078125 0.6662763466042154 0.084375 0.09601873536299765
6 0.31484375 0.5 0.0984375 0.13817330210772832
6 0.575 0.5058548009367682 0.040625 0.13114754098360656
6 0.8453125 0.5913348946135831 0.0375 0.0585480093676815
6 0.8703125 0.6065573770491803 0.028125 0.0702576112412178
0 0.25546875 0.2716627634660422 0.0390625 0.14988290398126464
0 0.4625 0.34192037470725994 0.071875 0.10304449648711944
0 0.5515625 0.38173302107728335 0.046875 0.08899297423887588
0 0.77890625 0.47423887587822017 0.0515625 0.06323185011709602
0 0.6828125 0.4519906323185012 0.034375 0.0468384074941452
