0 0.8519607843137255 0.3047794117647059 0.2235294117647059 0.6080882352941176
11 0.22549019607843138 0.24338235294117647 0.08627450980392157 0.051470588235294115
10 0.9637254901960784 0.18786764705882353 0.07058823529411765 0.07573529411764705
9 0.4446078431372549 0.19191176470588237 0.30098039215686273 0.1514705882352941
10 0.7 0.18235294117647058 0.12352941176470589 0.03676470588235294
11 0.7269607843137255 0.1922794117647059 0.06372549019607843 0.03308823529411765
11 0.15833333333333333 0.24926470588235294 0.04019607843137255 0.054411764705882354
16 0.07205882352941176 0.14227941176470588 0.11078431372549019 0.28308823529411764
0 0.775 0.15992647058823528 0.018627450980392157 0.08014705882352942
0 0.5593137254901961 0.12610294117647058 0.024509803921568627 0.1036764705882353
10 0.7583333333333333 0.17316176470588235 0.05588235294117647 0.03602941176470588
11 0.621078431372549 0.20294117647058824 0.022549019607843137 0.039705882352941174
6 0.125 0.24191176470588235 0.026470588235294117 0.03823529411764706
4 0.7779411764705882 0.8466911764705882 0.4441176470588235 0.30661764705882355
15 0.20980392156862746 0.26286764705882354 0.023529411764705882 0.01838235294117647
15 0.27205882352941174 0.25588235294117645 0.016666666666666666 0.01911764705882353
0 0.34068627450980393 0.09191176470588236 0.030392156862745098 0.061764705882352944
11 0.5995098039215686 0.20551470588235293 0.03235294117647059 0.0375
