5 0.70234375 0.3149882903981265 0.1390625 0.20843091334894615
10 0.63671875 0.6065573770491803 0.0359375 0.03747072599531616
10 0.60234375 0.6147540983606558 0.0546875 0.04449648711943794
10 0.6625 0.6100702576112412 0.028125 0.0351288056206089
10 0.740625 0.6053864168618267 0.03125 0.03044496487119438
10 0.67734375 0.6030444964871194 0.0328125 0.03981264637002342
6 0.33515625 0.6182669789227166 0.0203125 0.08430913348946135
6 0.3234375 0.6112412177985949 0.015625 0.07494145199063232
6 0.35 0.607728337236534 0.01875 0.06791569086651054
10 0.821875 0.6030444964871194 0.028125 0.02576112412177986
6 0.3109375 0.6182669789227166 0.015625 0.07494145199063232
10 0.6984375 0.5995316159250585 0.025 0.03278688524590164
10 0.85625 0.617096018735363 0.0375 0.04918032786885246
16 0.70078125 0.6779859484777517 0.0234375 0.4238875878220141
16 0.84921875 0.6323185011709602 0.0265625 0.4028103044496487
16 0.94296875 0.509367681498829 0.0390625 0.49882903981264637
14 0.0625 0.6662763466042154 0.01875 0.09133489461358314
14 0.675 0.8899297423887588 0.040625 0.2154566744730679
10 0.76015625 0.5936768149882904 0.0171875 0.02107728337236534
