7 0.3234375 0.8828451882845189 0.2375 0.23430962343096234
10 0.89296875 0.5083682008368201 0.1296875 0.05439330543933055
10 0.315625 0.48430962343096234 0.0375 0.03138075313807531
6 0.14609375 0.6140167364016736 0.2859375 0.7384937238493724
10 0.3796875 0.4874476987447699 0.071875 0.029288702928870293
19 0.68828125 0.7646443514644351 0.0734375 0.14853556485355648
10 0.2453125 0.49476987447698745 0.04375 0.043933054393305436
16 0.28046875 0.3106694560669456 0.0421875 0.5125523012552301
16 0.24375 0.3138075313807531 0.040625 0.5104602510460251
16 0.91328125 0.4299163179916318 0.1265625 0.8514644351464435
16 0.6 0.401673640167364 0.025 0.2594142259414226
16 0.77890625 0.3817991631799163 0.0171875 0.303347280334728
