6 0.2171875 0.6229508196721312 0.065625 0.26229508196721313
6 0.10078125 0.6604215456674473 0.0578125 0.17330210772833723
6 0.82890625 0.5046838407494145 0.0234375 0.25526932084309134
6 0.09140625 0.6604215456674473 0.0609375 0.1920374707259953
6 0.4046875 0.30327868852459017 0.078125 0.11475409836065574
6 0.6796875 0.2728337236533958 0.065625 0.11007025761124122
6 0.978125 0.6826697892271663 0.025 0.14754098360655737
6 0.99140625 0.6814988290398126 0.0171875 0.117096018735363
6 0.0765625 0.6709601873536299 0.046875 0.16627634660421545
6 0.05703125 0.6733021077283372 0.0734375 0.20843091334894615
6 0.73203125 0.06440281030444965 0.0359375 0.12412177985948478
16 0.8890625 0.5843091334894613 0.021875 0.21779859484777517
