12 0.6958333333333333 0.6685185185185185 0.07708333333333334 0.24259259259259258
12 0.5372395833333333 0.5472222222222223 0.03802083333333333 0.13518518518518519
12 0.19739583333333333 0.5449074074074074 0.036458333333333336 0.12129629629629629
12 0.13854166666666667 0.4675925925925926 0.019791666666666666 0.06111111111111111
12 0.054947916666666666 0.4981481481481482 0.0234375 0.07222222222222222
12 0.06380208333333333 0.4388888888888889 0.016145833333333335 0.05
12 0.35546875 0.4199074074074074 0.013020833333333334 0.041666666666666664
12 0.540625 0.4162037037037037 0.011458333333333333 0.04537037037037037
12 0.5520833333333334 0.4166666666666667 0.013541666666666667 0.04814814814814815
12 0.7013020833333333 0.4203703703703704 0.016145833333333335 0.05185185185185185
0 0.2947916666666667 0.5439814814814815 0.115625 0.9120370370370371
0 0.03046875 0.4648148148148148 0.059895833333333336 0.6722222222222223
0 0.9255208333333333 0.35138888888888886 0.025 0.1935185185185185
0 0.7333333333333333 0.3523148148148148 0.025 0.16944444444444445
0 0.49166666666666664 0.3685185185185185 0.03229166666666667 0.1111111111111111
0 0.5986979166666667 0.3638888888888889 0.016145833333333335 0.1388888888888889
13 0.9690104166666667 0.40555555555555556 0.0578125 0.10185185185185185
12 0.9583333333333334 0.44675925925925924 0.03333333333333333 0.0787037037037037
15 0.890625 0.41574074074074074 0.027083333333333334 0.046296296296296294
