10 0.128125 0.6264637002341921 0.253125 0.667447306791569
10 0.20390625 0.4484777517564403 0.3953125 0.5737704918032787
10 0.190625 0.5761124121779859 0.23125 0.5199063231850117
10 0.26796875 0.3981264637002342 0.3390625 0.5526932084309133
6 0.821875 0.4133489461358314 0.084375 0.3864168618266979
6 0.7265625 0.30679156908665106 0.078125 0.22950819672131148
10 0.0421875 0.7740046838407494 0.08125 0.4519906323185012
10 0.48125 0.18266978922716628 0.153125 0.1358313817330211
10 0.428125 0.24121779859484777 0.09375 0.1405152224824356
16 0.1328125 0.8618266978922716 0.053125 0.27634660421545665
16 0.32109375 0.7950819672131147 0.0484375 0.4098360655737705
16 0.40625 0.7283372365339579 0.028125 0.4496487119437939
