3 0.5005707762557078 0.7336377473363774 0.9988584474885844 0.532724505327245
11 0.5513698630136986 0.4406392694063927 0.0639269406392694 0.0624048706240487
10 0.966324200913242 0.3858447488584475 0.06735159817351598 0.0471841704718417
6 0.3207762557077626 0.4056316590563166 0.03424657534246575 0.1019786910197869
1 0.3401826484018265 0.2709284627092846 0.02054794520547945 0.0517503805175038
3 0.7848173515981736 0.4444444444444444 0.4280821917808219 0.0517503805175038
16 0.3361872146118721 0.378234398782344 0.014840182648401826 0.1628614916286149
6 0.4275114155251142 0.4124809741248097 0.023972602739726026 0.0974124809741248
6 0.5176940639269406 0.3995433789954338 0.021689497716894976 0.0898021308980213
16 0.4851598173515982 0.2252663622526636 0.02054794520547945 0.4444444444444444
6 0.4497716894977169 0.4079147640791476 0.0228310502283105 0.0943683409436834
6 0.5736301369863014 0.4018264840182648 0.023972602739726026 0.0791476407914764
10 0.7888127853881278 0.3744292237442922 0.0502283105022831 0.0243531202435312
14 0.396689497716895 0.439117199391172 0.010273972602739725 0.0502283105022831
16 0.5490867579908676 0.2754946727549467 0.0136986301369863 0.2343987823439878
6 0.5490867579908676 0.4155251141552511 0.0319634703196347 0.0821917808219178
9 0.7254566210045662 0.3691019786910198 0.04680365296803653 0.0350076103500761
14 0.8424657534246576 0.3789954337899543 0.0091324200913242 0.045662100456621
16 0.8276255707762558 0.3226788432267884 0.0091324200913242 0.1248097412480974
10 0.7442922374429224 0.3744292237442922 0.03881278538812785 0.0243531202435312
10 0.6626712328767124 0.3767123287671233 0.028538812785388126 0.0228310502283105
14 0.4412100456621005 0.4383561643835616 0.007990867579908675 0.0395738203957382
14 0.6615296803652968 0.4063926940639269 0.005707762557077625 0.0426179604261796
0 0.08105022831050228 0.3729071537290715 0.02054794520547945 0.0791476407914764
0 0.259703196347032 0.3812785388127854 0.019406392694063926 0.0715372907153729
0 0.3658675799086758 0.3614916286149163 0.014840182648401826 0.0684931506849315
9 0.5958904109589042 0.363013698630137 0.02968036529680365 0.0319634703196347
14 0.656392694063927 0.4079147640791476 0.00684931506849315 0.0395738203957382
