15 0.04833984375 0.7637906647807637 0.0927734375 0.44695898161244696
15 0.42333984375 0.8606789250353607 0.2060546875 0.27864214992927866
15 0.609375 0.8804809052333805 0.173828125 0.2362093352192362
15 0.85595703125 0.9094766619519095 0.2080078125 0.18104667609618105
15 0.1630859375 0.5954738330975955 0.103515625 0.16124469589816123
15 0.275390625 0.8366336633663366 0.185546875 0.3069306930693069
15 0.78759765625 0.6902404526166902 0.1103515625 0.13861386138613863
15 0.90185546875 0.7291371994342292 0.1318359375 0.16265912305516267
15 0.66796875 0.6485148514851485 0.11328125 0.11173974540311174
15 0.5654296875 0.6301272984441302 0.1015625 0.10325318246110325
15 0.4765625 0.6025459688826026 0.09765625 0.1074964639321075
15 0.3974609375 0.5827439886845828 0.0859375 0.1074964639321075
15 0.3046875 0.5664780763790664 0.06640625 0.08345120226308345
10 0.6005859375 0.5403111739745403 0.146484375 0.1074964639321075
9 0.82373046875 0.5997171145685997 0.3525390625 0.314002828854314
15 0.2099609375 0.6937765205091938 0.12109375 0.1768033946251768
15 0.97607421875 0.9214992927864215 0.0478515625 0.157001414427157
15 0.79248046875 0.8712871287128713 0.1630859375 0.18953323903818953
15 0.7451171875 0.804101838755304 0.119140625 0.15134370579915135
15 0.8818359375 0.7878359264497878 0.1171875 0.07637906647807638
15 0.5048828125 0.7786421499292786 0.107421875 0.157001414427157
15 0.62841796875 0.772984441301273 0.1279296875 0.1371994342291372
15 0.4375 0.7036775106082037 0.11328125 0.06930693069306931
15 0.24365234375 0.5615275813295615 0.0791015625 0.09900990099009901
15 0.2392578125 0.6173974540311173 0.0859375 0.09193776520509193
15 0.13330078125 0.7708628005657708 0.0673828125 0.14992927864214992
15 0.109375 0.5523338048090524 0.056640625 0.1485148514851485
