10 0.2125 0.709375 0.07083333333333333 0.0375
10 0.057291666666666664 0.696875 0.04375 0.025
10 0.953125 0.80703125 0.09375 0.1421875
16 0.759375 0.584375 0.052083333333333336 0.440625
16 0.928125 0.49765625 0.12291666666666666 0.9828125
1 0.4197916666666667 0.3046875 0.11875 0.15
16 0.509375 0.715625 0.014583333333333334 0.084375
16 0.8177083333333334 0.5453125 0.04375 0.515625
16 0.12708333333333333 0.6078125 0.029166666666666667 0.259375
0 0.37395833333333334 0.69296875 0.01875 0.0546875
0 0.29791666666666666 0.6890625 0.020833333333333332 0.053125
