14 0.8322916666666667 0.6166306695464363 0.0375 0.24406047516198703
14 0.625 0.7840172786177105 0.041666666666666664 0.3326133909287257
14 0.6286458333333333 0.4978401727861771 0.019791666666666666 0.16198704103671707
14 0.16354166666666667 0.5161987041036717 0.027083333333333334 0.18142548596112312
14 0.2625 0.46652267818574517 0.016666666666666666 0.14254859611231102
12 0.2947916666666667 0.4557235421166307 0.035416666666666666 0.12095032397408208
12 0.24114583333333334 0.45680345572354214 0.030208333333333334 0.10583153347732181
12 0.1984375 0.45464362850971923 0.034375 0.10151187904967603
12 0.1359375 0.4449244060475162 0.034375 0.10367170626349892
10 0.04583333333333333 0.2786177105831533 0.08958333333333333 0.11231101511879049
10 0.215625 0.28725701943844495 0.16041666666666668 0.1079913606911447
13 0.3307291666666667 0.2840172786177106 0.030208333333333334 0.058315334773218146
10 0.6744791666666666 0.2580993520518359 0.042708333333333334 0.07991360691144708
10 0.6380208333333334 0.24190064794816415 0.040625 0.047516198704103674
6 0.37916666666666665 0.23002159827213822 0.016666666666666666 0.07127429805615551
10 0.18697916666666667 0.23326133909287258 0.040625 0.04319654427645788
10 0.09635416666666667 0.23650107991360692 0.057291666666666664 0.04535637149028078
0 0.45416666666666666 0.22138228941684665 0.01875 0.1879049676025918
6 0.8416666666666667 0.2915766738660907 0.029166666666666667 0.12526997840172785
7 0.38958333333333334 0.2840172786177106 0.014583333333333334 0.06263498920086392
7 0.4088541666666667 0.2775377969762419 0.021875 0.07127429805615551
16 0.359375 0.20086393088552915 0.010416666666666666 0.22894168466522677
16 0.015104166666666667 0.11447084233261338 0.021875 0.2203023758099352
16 0.20885416666666667 0.11339092872570194 0.013541666666666667 0.2224622030237581
10 0.14166666666666666 0.22354211663066956 0.03125 0.0367170626349892
19 0.10416666666666667 0.3833693304535637 0.022916666666666665 0.04967602591792657
0 0.3015625 0.21274298056155508 0.021875 0.1879049676025918
14 0.7744791666666667 0.2796976241900648 0.009375 0.06695464362850972
14 0.7796875 0.29049676025917925 0.007291666666666667 0.058315334773218146
