7 0.08567708333333333 0.5777777777777777 0.08177083333333333 0.16296296296296298
13 0.48359375 0.5995370370370371 0.08177083333333333 0.13425925925925927
11 0.8286458333333333 0.5675925925925925 0.17604166666666668 0.2222222222222222
10 0.9380208333333333 0.5162037037037037 0.12395833333333334 0.19907407407407407
10 0.6981770833333333 0.5148148148148148 0.22447916666666667 0.18888888888888888
10 0.5044270833333333 0.5083333333333333 0.22552083333333334 0.17962962962962964
10 0.31953125 0.4962962962962963 0.21510416666666668 0.2037037037037037
10 0.1625 0.5074074074074074 0.19791666666666666 0.17222222222222222
10 0.06380208333333333 0.5037037037037037 0.1265625 0.16666666666666666
11 0.8390625 0.5027777777777778 0.057291666666666664 0.14444444444444443
0 0.17578125 0.43425925925925923 0.0515625 0.3925925925925926
0 0.6690104166666667 0.4263888888888889 0.0640625 0.41574074074074074
6 0.9807291666666667 0.39351851851851855 0.025 0.05925925925925926
