15 0.7866666666666666 0.75 0.25333333333333335 0.205
15 0.47 0.4275 0.10666666666666667 0.1
15 0.3883333333333333 0.32875 0.07666666666666666 0.0725
15 0.3233333333333333 0.2725 0.05333333333333334 0.055
15 0.22833333333333333 0.24125 0.056666666666666664 0.0475
12 0.2783333333333333 0.23125 0.043333333333333335 0.0575
15 0.39166666666666666 0.2275 0.03666666666666667 0.025
12 0.46166666666666667 0.22625 0.03666666666666667 0.0425
10 0.74 0.25875 0.49333333333333335 0.2625
12 0.34 0.2275 0.04666666666666667 0.055
