10 0.917 0.12976190476190477 0.138 0.16428571428571428
19 0.305 0.513095238095238 0.514 0.9452380952380952
19 0.72 0.5285714285714286 0.188 0.26666666666666666
19 0.805 0.175 0.31 0.3119047619047619
19 0.73 0.8488095238095238 0.148 0.27380952380952384
6 0.932 0.4976190476190476 0.112 0.319047619047619
6 0.958 0.8154761904761905 0.048 0.28809523809523807
6 0.608 0.8107142857142857 0.056 0.2833333333333333
6 0.655 0.7773809523809524 0.042 0.13095238095238096
6 0.155 0.34404761904761905 0.082 0.3595238095238095
6 0.684 0.75 0.024 0.0761904761904762
6 0.652 0.5976190476190476 0.04 0.11428571428571428
6 0.808 0.7785714285714286 0.036 0.14761904761904762
6 0.934 0.7892857142857143 0.076 0.2357142857142857
6 0.084 0.36666666666666664 0.104 0.4380952380952381
6 0.642 0.1595238095238095 0.112 0.29523809523809524
6 0.9 0.08571428571428572 0.02 0.03333333333333333
6 0.913 0.5511904761904762 0.078 0.21666666666666667
