13 0.662125 0.5745 0.22975 0.4176666666666667
16 0.435875 0.3115 0.04875 0.6223333333333333
15 0.402875 0.5571666666666667 0.05225 0.08233333333333333
15 0.376125 0.5486666666666666 0.04025 0.07266666666666667
15 0.306625 0.526 0.03175 0.04466666666666667
10 0.373875 0.489 0.10675 0.13333333333333333
10 0.302875 0.49433333333333335 0.07675 0.07066666666666667
10 0.2775 0.49583333333333335 0.091 0.067
10 0.210125 0.503 0.02025 0.04666666666666667
0 0.379 0.24283333333333335 0.045 0.16833333333333333
0 0.338375 0.20933333333333334 0.04275 0.23533333333333334
0 0.222875 0.44783333333333336 0.02175 0.16966666666666666
0 0.052625 0.5016666666666667 0.01525 0.092
