3 0.4098173515981735 0.7009132420091324 0.817351598173516 0.5981735159817352
10 0.8184931506849316 0.3508371385083714 0.20319634703196346 0.0776255707762557
9 0.341324200913242 0.3158295281582953 0.0821917808219178 0.0806697108066971
16 0.886986301369863 0.19254185692541856 0.02968036529680365 0.3820395738203957
14 0.9252283105022832 0.571537290715373 0.030821917808219176 0.2115677321156773
6 0.7608447488584474 0.3234398782343988 0.014840182648401826 0.0350076103500761
0 0.1449771689497717 0.3135464231354642 0.0182648401826484 0.076103500761035
0 0.9463470319634704 0.286910197869102 0.0136986301369863 0.0898021308980213
0 0.6478310502283106 0.3066971080669711 0.010273972602739725 0.0989345509893455
6 0.6974885844748858 0.3302891933028919 0.0136986301369863 0.0395738203957382
16 0.238013698630137 0.2389649923896499 0.014840182648401826 0.2222222222222222
14 0.6963470319634704 0.3683409436834094 0.0091324200913242 0.0487062404870624
2 0.4355022831050228 0.21537290715372906 0.012557077625570776 0.0319634703196347
0 0.8133561643835616 0.2846270928462709 0.012557077625570776 0.0578386605783866
2 0.4549086757990868 0.21537290715372906 0.010273972602739725 0.0289193302891933
14 0.4994292237442922 0.3432267884322679 0.012557077625570776 0.0684931506849315
0 0.050799086757990865 0.3165905631659056 0.014840182648401826 0.0700152207001522
0 0.19292237442922375 0.2937595129375951 0.0136986301369863 0.0669710806697108
6 0.7288812785388128 0.3264840182648402 0.012557077625570776 0.0380517503805175
14 0.5285388127853882 0.3592085235920852 0.0091324200913242 0.0487062404870624
6 0.7208904109589042 0.3280060882800609 0.012557077625570776 0.0410958904109589
14 0.557648401826484 0.3546423135464231 0.007990867579908675 0.045662100456621
14 0.6118721461187214 0.3691019786910198 0.0091324200913242 0.0502283105022831
14 0.4811643835616438 0.3607305936073059 0.007990867579908675 0.0395738203957382
1 0.7779680365296804 0.2686453576864536 0.012557077625570776 0.0258751902587519
3 0.6546803652968036 0.3744292237442922 0.1495433789954338 0.030441400304414
0 0.5639269406392694 0.3082191780821918 0.01141552511415525 0.0806697108066971
7 0.5873287671232876 0.3424657534246575 0.030821917808219176 0.0273972602739726
6 0.5445205479452054 0.3363774733637747 0.01598173515981735 0.0395738203957382
16 0.7802511415525114 0.2922374429223744 0.007990867579908675 0.0821917808219178
0 0.17751141552511415 0.2975646879756469 0.017123287671232876 0.0624048706240487
0 0.2973744292237443 0.3105022831050228 0.007990867579908675 0.0547945205479452
16 0.9920091324200914 0.2161339421613394 0.01598173515981735 0.2313546423135464
16 0.553082191780822 0.2937595129375951 0.007990867579908675 0.0730593607305936
14 0.4937214611872146 0.3576864535768645 0.007990867579908675 0.0365296803652968
7 0.1649543378995434 0.3394216133942161 0.012557077625570776 0.0243531202435312
7 0.08047945205479452 0.3394216133942161 0.017123287671232876 0.0273972602739726
7 0.11244292237442922 0.3409436834094368 0.017123287671232876 0.030441400304414
16 0.4121004566210046 0.2960426179604262 0.00684931506849315 0.0898021308980213
16 0.4320776255707763 0.2983257229832572 0.007990867579908675 0.0821917808219178
16 0.5154109589041096 0.23668188736681886 0.010273972602739725 0.2207001522070015
11 0.5439497716894978 0.3439878234398782 0.03538812785388128 0.0334855403348554
