3 0.3892694063926941 0.662861491628615 0.776255707762557 0.6742770167427702
10 0.9115296803652968 0.2595129375951294 0.07876712328767123 0.0745814307458143
10 0.8738584474885844 0.24429223744292236 0.05821917808219178 0.0684931506849315
13 0.4297945205479452 0.271689497716895 0.04223744292237443 0.0593607305936073
11 0.2585616438356164 0.2663622526636225 0.05136986301369863 0.060882800608828
0 0.3886986301369863 0.1856925418569254 0.030821917808219176 0.2404870624048706
0 0.1141552511415525 0.20015220700152206 0.0273972602739726 0.1719939117199391
11 0.6238584474885844 0.2762557077625571 0.05821917808219178 0.0593607305936073
11 0.3327625570776256 0.2663622526636225 0.04908675799086758 0.0669710806697108
16 0.4646118721461187 0.15601217656012176 0.0182648401826484 0.3089802130898021
10 0.6501141552511416 0.24581430745814306 0.05821917808219178 0.0684931506849315
14 0.6672374429223744 0.2907153729071537 0.010273972602739725 0.0547945205479452
3 0.8744292237442922 0.319634703196347 0.2511415525114155 0.0426179604261796
16 0.07990867579908675 0.2100456621004566 0.02054794520547945 0.1491628614916286
6 0.0091324200913242 0.2480974124809741 0.01598173515981735 0.076103500761035
16 0.7471461187214612 0.1902587519025875 0.019406392694063926 0.2343987823439878
11 0.17123287671232876 0.2625570776255708 0.03881278538812785 0.0593607305936073
1 0.7363013698630136 0.1232876712328767 0.02054794520547945 0.0487062404870624
11 0.14383561643835616 0.2610350076103501 0.03424657534246575 0.0624048706240487
6 0.2842465753424658 0.2480974124809741 0.02054794520547945 0.0730593607305936
6 0.6204337899543378 0.2579908675799087 0.026255707762557076 0.0806697108066971
14 0.7054794520547946 0.289193302891933 0.0091324200913242 0.0547945205479452
6 0.170662100456621 0.2207001522070015 0.026255707762557076 0.0365296803652968
6 0.3527397260273973 0.228310502283105 0.0228310502283105 0.0547945205479452
11 0.10102739726027397 0.2579908675799087 0.026255707762557076 0.0593607305936073
7 0.06906392694063927 0.2579908675799087 0.03538812785388128 0.0532724505327245
11 0.20376712328767124 0.2640791476407915 0.04223744292237443 0.0624048706240487
16 0.7791095890410958 0.2100456621004566 0.014840182648401826 0.1430745814307458
16 0.7077625570776256 0.2161339421613394 0.01598173515981735 0.1704718417047184
10 0.848744292237443 0.2207001522070015 0.019406392694063926 0.0273972602739726
16 0.807648401826484 0.1248097412480974 0.021689497716894976 0.243531202435312
16 0.761986301369863 0.1050228310502283 0.033105022831050226 0.2070015220700152
15 0.7768264840182648 0.289193302891933 0.014840182648401826 0.0334855403348554
