10 0.6734375 0.34894613583138173 0.26875 0.32786885245901637
9 0.909375 0.4929742388758782 0.18125 0.9765807962529274
10 0.03046875 0.25644028103044497 0.0578125 0.0585480093676815
6 0.25390625 0.49414519906323184 0.1734375 0.955503512880562
6 0.378125 0.4332552693208431 0.1375 0.7447306791569087
6 0.540625 0.49765807962529274 0.24375 0.892271662763466
6 0.14375 0.21311475409836064 0.009375 0.05152224824355972
6 0.1546875 0.2107728337236534 0.015625 0.05152224824355972
16 0.653125 0.6194379391100703 0.034375 0.3911007025761124
0 0.30859375 0.17798594847775176 0.0671875 0.351288056206089
