10 0.14921875 0.3104166666666667 0.0890625 0.075
10 0.36328125 0.275 0.0515625 0.05416666666666667
19 0.81015625 0.6635416666666667 0.0921875 0.30625
6 0.02890625 0.33645833333333336 0.0296875 0.11875
10 0.23046875 0.27708333333333335 0.0453125 0.04583333333333333
10 0.253125 0.25729166666666664 0.046875 0.052083333333333336
10 0.2953125 0.24479166666666666 0.01875 0.022916666666666665
10 0.30859375 0.23125 0.0203125 0.020833333333333332
10 0.36015625 0.23229166666666667 0.0140625 0.01875
16 0.4015625 0.15520833333333334 0.028125 0.28958333333333336
16 0.52890625 0.225 0.0578125 0.44583333333333336
6 0.496875 0.29375 0.015625 0.05
