12 0.712375 0.38516666666666666 0.02575 0.058333333333333334
12 0.769375 0.38216666666666665 0.02225 0.057
9 0.975875 0.2846666666666667 0.04825 0.11066666666666666
10 0.9395 0.30566666666666664 0.0405 0.05466666666666667
10 0.882875 0.31283333333333335 0.07775 0.06766666666666667
11 0.675375 0.3378333333333333 0.03325 0.051
6 0.676625 0.324 0.01925 0.05333333333333334
11 0.569375 0.35033333333333333 0.04175 0.06
6 0.5685 0.332 0.0205 0.06466666666666666
10 0.56175 0.31116666666666665 0.1015 0.067
10 0.489375 0.3258333333333333 0.06975 0.061
16 0.536875 0.17716666666666667 0.02275 0.3536666666666667
10 0.42 0.329 0.0755 0.066
10 0.353875 0.33116666666666666 0.06425 0.06233333333333333
10 0.270375 0.32466666666666666 0.07925 0.086
6 0.313625 0.3465 0.03025 0.08433333333333333
10 0.1855 0.3308333333333333 0.0865 0.07566666666666666
11 0.311375 0.36483333333333334 0.05975 0.08766666666666667
10 0.09475 0.3408333333333333 0.0715 0.06966666666666667
16 0.698625 0.2956666666666667 0.00475 0.10333333333333333
19 0.839125 0.31766666666666665 0.00775 0.018666666666666668
6 0.58125 0.3343333333333333 0.027 0.078
