10 0.478125 0.840625 0.0875 0.08958333333333333
10 0.8125 0.8572916666666667 0.090625 0.08541666666666667
10 0.2609375 0.884375 0.23125 0.15208333333333332
10 0.06328125 0.8447916666666667 0.1234375 0.13125
10 0.4609375 0.7895833333333333 0.034375 0.029166666666666667
9 0.5546875 0.771875 0.06875 0.10625
10 0.38203125 0.815625 0.0296875 0.027083333333333334
10 0.40625 0.8229166666666666 0.015625 0.05416666666666667
10 0.73359375 0.815625 0.0609375 0.052083333333333336
10 0.6890625 0.815625 0.05625 0.04375
10 0.36640625 0.83125 0.0734375 0.07083333333333333
10 0.66015625 0.8020833333333334 0.0328125 0.05416666666666667
1 0.771875 0.32083333333333336 0.05625 0.2
