15 0.3533854166666667 0.37592592592592594 0.09322916666666667 0.17592592592592593
15 0.7020833333333333 0.33935185185185185 0.084375 0.1712962962962963
16 0.6377604166666667 0.10972222222222222 0.030729166666666665 0.2175925925925926
7 0.24088541666666666 0.07175925925925926 0.05677083333333333 0.11388888888888889
11 0.8815104166666666 0.2310185185185185 0.09947916666666666 0.17685185185185184
10 0.7338541666666667 0.0875 0.134375 0.13796296296296295
7 0.28203125 0.07731481481481481 0.06927083333333334 0.09166666666666666
7 0.3963541666666667 0.06759259259259259 0.058333333333333334 0.08888888888888889
7 0.49635416666666665 0.05740740740740741 0.053125 0.08518518518518518
11 0.4393229166666667 0.05694444444444444 0.0390625 0.10092592592592593
7 0.6872395833333333 0.15787037037037038 0.09114583333333333 0.125
3 0.4395833333333333 0.19305555555555556 0.38333333333333336 0.10833333333333334
7 0.7322916666666667 0.1537037037037037 0.0625 0.12777777777777777
6 0.8109375 0.1162037037037037 0.035416666666666666 0.11574074074074074
6 0.8432291666666667 0.09675925925925925 0.030208333333333334 0.09351851851851851
0 0.78046875 0.0912037037037037 0.027604166666666666 0.18055555555555555
