10 0.6681372549019607 0.13308823529411765 0.08137254901960785 0.08529411764705883
11 0.153921568627451 0.12389705882352942 0.021568627450980392 0.019852941176470587
0 0.14215686274509803 0.08933823529411765 0.023529411764705882 0.05514705882352941
0 0.32107843137254904 0.09705882352941177 0.03431372549019608 0.075
10 0.29558823529411765 0.11544117647058824 0.028431372549019607 0.01764705882352941
6 0.15343137254901962 0.11654411764705883 0.016666666666666666 0.021323529411764706
16 0.2088235294117647 0.07757352941176471 0.056862745098039215 0.1536764705882353
0 0.04019607843137255 0.08786764705882352 0.027450980392156862 0.05808823529411765
10 0.3392156862745098 0.11838235294117647 0.060784313725490195 0.022058823529411766
16 0.3519607843137255 0.08897058823529412 0.013725490196078431 0.09558823529411764
10 0.05196078431372549 0.17352941176470588 0.10196078431372549 0.08970588235294118
16 0.3818627450980392 0.10514705882352941 0.024509803921568627 0.12205882352941176
15 0.3877450980392157 0.1889705882352941 0.020588235294117647 0.01911764705882353
15 0.4024509803921569 0.16433823529411765 0.016666666666666666 0.015441176470588236
4 0.5509803921568628 0.6014705882352941 0.4235294117647059 0.7941176470588235
