6 0.07746478873239436 0.41171875 0.15492957746478872 0.3390625
6 0.34624413145539906 0.4109375 0.284037558685446 0.428125
6 0.44835680751173707 0.4203125 0.3004694835680751 0.453125
6 0.7288732394366197 0.42265625 0.3873239436619718 0.5484375
6 0.22300469483568075 0.41171875 0.11267605633802817 0.2640625
6 0.15845070422535212 0.3984375 0.176056338028169 0.303125
7 0.676056338028169 0.540625 0.3286384976525822 0.365625
7 0.43309859154929575 0.540625 0.2652582159624413 0.30625
7 0.06690140845070422 0.49296875 0.13380281690140844 0.2203125
7 0.30633802816901406 0.52890625 0.13849765258215962 0.2953125
7 0.1443661971830986 0.50546875 0.15258215962441316 0.2265625
5 0.789906103286385 0.54296875 0.06807511737089202 0.0453125
