1 0.9794520547945206 0.1582952815829528 0.03881278538812785 0.1339421613394216
11 0.1204337899543379 0.741248097412481 0.23858447488584475 0.4140030441400304
6 0.7819634703196348 0.4665144596651446 0.05707762557077625 0.1476407914764079
0 0.6872146118721462 0.3584474885844749 0.05707762557077625 0.2633181126331811
0 0.4480593607305936 0.2998477929984779 0.026255707762557076 0.15220700152207
6 0.4914383561643836 0.378234398782344 0.023972602739726026 0.0502283105022831
6 0.8875570776255708 0.723744292237443 0.1997716894977169 0.5525114155251142
2 0.6375570776255708 0.2648401826484018 0.023972602739726026 0.0639269406392694
6 0.04680365296803653 0.6308980213089802 0.091324200913242 0.4885844748858447
10 0.3139269406392694 0.5319634703196348 0.5091324200913242 0.3546423135464231
0 0.3470319634703196 0.3082191780821918 0.0319634703196347 0.1111111111111111
11 0.7779680365296804 0.4901065449010654 0.12899543378995434 0.1095890410958904
16 0.6449771689497716 0.34779299847793 0.0136986301369863 0.1019786910197869
6 0.4686073059360731 0.3675799086757991 0.021689497716894976 0.0350076103500761
16 0.09018264840182648 0.2054794520547945 0.02054794520547945 0.4048706240487062
3 0.5005707762557078 0.7853881278538812 0.9988584474885844 0.4292237442922374
6 0.6021689497716894 0.6354642313546424 0.2271689497716895 0.5068493150684932
6 0.511986301369863 0.3881278538812785 0.019406392694063926 0.0547945205479452
7 0.5627853881278538 0.7450532724505328 0.3378995433789954 0.3181126331811263
11 0.027968036529680364 0.4117199391171994 0.03995433789954338 0.0471841704718417
6 0.4377853881278539 0.3637747336377473 0.014840182648401826 0.0273972602739726
16 0.17636986301369864 0.2899543378995434 0.010273972602739725 0.1415525114155251
6 0.0319634703196347 0.395738203957382 0.02054794520547945 0.060882800608828
3 0.04965753424657534 0.4748858447488584 0.08105022831050228 0.0517503805175038
6 0.9606164383561644 0.6484018264840182 0.07876712328767123 0.441400304414003
11 0.8247716894977168 0.7678843226788432 0.3504566210045662 0.3607305936073059
6 0.7922374429223744 0.7884322678843226 0.18949771689497716 0.4170471841704718
6 0.4166666666666667 0.363013698630137 0.0136986301369863 0.0228310502283105
6 0.944634703196347 0.4520547945205479 0.05136986301369863 0.0943683409436834
0 0.1980593607305936 0.3234398782343988 0.014840182648401826 0.0715372907153729
7 0.6700913242009132 0.441400304414003 0.02968036529680365 0.0821917808219178
6 0.4931506849315068 0.3774733637747336 0.0228310502283105 0.045662100456621
6 0.928082191780822 0.4003044140030441 0.0365296803652968 0.0669710806697108
6 0.8909817351598174 0.4162861491628615 0.05136986301369863 0.0624048706240487
