3 0.3904109589041096 0.6704718417047184 0.7785388127853882 0.6560121765601218
6 0.466324200913242 0.286910197869102 0.05136986301369863 0.1567732115677321
8 0.96175799086758 0.22602739726027396 0.07648401826484018 0.1141552511415525
10 0.07990867579908675 0.2085235920852359 0.15753424657534246 0.091324200913242
10 0.8801369863013698 0.2343987823439878 0.0410958904109589 0.0426179604261796
16 0.6015981735159818 0.16818873668188736 0.02968036529680365 0.3333333333333333
6 0.622716894977169 0.2252663622526636 0.019406392694063926 0.0700152207001522
10 0.8561643835616438 0.22602739726027396 0.03881278538812785 0.0410958904109589
10 0.9052511415525114 0.2404870624048706 0.03881278538812785 0.0487062404870624
6 0.4092465753424658 0.21385083713850836 0.021689497716894976 0.0715372907153729
6 0.6638127853881278 0.2267884322678843 0.019406392694063926 0.076103500761035
14 0.684931506849315 0.2983257229832572 0.0136986301369863 0.0700152207001522
3 0.8658675799086758 0.3417047184170472 0.2682648401826484 0.0624048706240487
14 0.6432648401826484 0.3006088280060883 0.014840182648401826 0.0715372907153729
1 0.5861872146118722 0.06164383561643835 0.030821917808219176 0.0776255707762557
16 0.5148401826484018 0.1689497716894977 0.02511415525114155 0.334855403348554
10 0.5856164383561644 0.21993911719939116 0.0502283105022831 0.0532724505327245
6 0.5519406392694064 0.228310502283105 0.023972602739726026 0.0700152207001522
11 0.7014840182648402 0.2420091324200913 0.04908675799086758 0.0547945205479452
10 0.05593607305936073 0.3013698630136986 0.1095890410958904 0.3774733637747336
10 0.7985159817351598 0.2237442922374429 0.026255707762557076 0.0273972602739726
11 0.783675799086758 0.24429223744292236 0.019406392694063926 0.0380517503805175
10 0.8333333333333334 0.22602739726027396 0.02511415525114155 0.0319634703196347
16 0.7385844748858448 0.20015220700152206 0.02511415525114155 0.1628614916286149
6 0.7831050228310502 0.23211567732115676 0.0182648401826484 0.0471841704718417
10 0.7688356164383562 0.2146118721461187 0.014840182648401826 0.015220700152207
15 0.12557077625570776 0.3097412480974125 0.02968036529680365 0.0563165905631659
15 0.21118721461187215 0.3135464231354642 0.02968036529680365 0.0547945205479452
15 0.3042237442922374 0.3135464231354642 0.023972602739726026 0.0547945205479452
15 0.3710045662100457 0.3127853881278539 0.02968036529680365 0.0532724505327245
15 0.4309360730593607 0.3127853881278539 0.023972602739726026 0.0563165905631659
15 0.5582191780821918 0.3120243531202435 0.02511415525114155 0.0547945205479452
15 0.71175799086758 0.2990867579908676 0.019406392694063926 0.0441400304414003
15 0.7323059360730594 0.2937595129375951 0.017123287671232876 0.0365296803652968
15 0.7465753424657534 0.2884322678843227 0.02054794520547945 0.0380517503805175
