16 0.835 0.4235 0.117 0.8463333333333334
13 0.671375 0.47333333333333333 0.09375 0.26466666666666666
6 0.7705 0.2708333333333333 0.023 0.07633333333333334
6 0.752 0.26116666666666666 0.01 0.04033333333333333
11 0.73825 0.2653333333333333 0.015 0.035333333333333335
8 0.631625 0.24383333333333335 0.08825 0.04833333333333333
11 0.47425 0.273 0.022 0.027333333333333334
6 0.47575 0.2688333333333333 0.009 0.033
10 0.502625 0.2628333333333333 0.03375 0.021
11 0.552875 0.25716666666666665 0.01175 0.012333333333333333
6 0.453125 0.2643333333333333 0.00825 0.03
6 0.46175 0.26416666666666666 0.0075 0.030333333333333334
7 0.429875 0.2795 0.02575 0.031
7 0.3725 0.2885 0.0345 0.036333333333333336
6 0.420375 0.26666666666666666 0.00975 0.03133333333333333
6 0.379875 0.2608333333333333 0.00825 0.021
11 0.277625 0.2961666666666667 0.03975 0.053
6 0.972875 0.2856666666666667 0.04375 0.056
6 0.742125 0.247 0.00875 0.014666666666666666
6 0.73725 0.24416666666666667 0.0075 0.017
6 0.762875 0.25716666666666665 0.01225 0.044333333333333336
11 0.656625 0.27266666666666667 0.00875 0.025333333333333333
11 0.667875 0.2768333333333333 0.01475 0.028333333333333332
11 0.633125 0.2935 0.02375 0.049
6 0.633125 0.281 0.02275 0.05
6 0.639125 0.2555 0.01025 0.013666666666666667
6 0.657625 0.25533333333333336 0.01075 0.013333333333333334
18 0.61375 0.27316666666666667 0.033 0.055
16 0.294875 0.25666666666666665 0.00775 0.08266666666666667
10 0.34825 0.27366666666666667 0.0295 0.038
16 0.44825 0.2638333333333333 0.0045 0.059
18 0.326375 0.2881666666666667 0.06575 0.08966666666666667
4 0.929375 0.4643333333333333 0.14125 0.05266666666666667
16 0.156125 0.2265 0.03225 0.227
16 0.145625 0.2745 0.02125 0.13566666666666666
0 0.336125 0.223 0.01775 0.084
0 0.43025 0.267 0.01 0.05733333333333333
16 0.51375 0.24883333333333332 0.0075 0.058333333333333334
10 0.425 0.2648333333333333 0.036 0.024333333333333332
0 0.39075 0.254 0.0135 0.08266666666666667
0 0.6975 0.27016666666666667 0.1145 0.301
16 0.7295 0.2085 0.0205 0.19966666666666666
