3 0.5005707762557078 0.7336377473363774 0.9988584474885844 0.532724505327245
10 0.04337899543378995 0.3881278538812785 0.08447488584474885 0.0578386605783866
11 0.2916666666666667 0.4535768645357686 0.11986301369863013 0.091324200913242
16 0.2973744292237443 0.1933028919330289 0.033105022831050226 0.380517503805175
6 0.5610730593607306 0.4672754946727549 0.08789954337899543 0.2496194824961948
6 0.2950913242009132 0.4360730593607306 0.03995433789954338 0.1354642313546423
10 0.12100456621004566 0.3721461187214612 0.03424657534246575 0.0319634703196347
11 0.5633561643835616 0.5289193302891934 0.11757990867579908 0.2146118721461187
6 0.17636986301369864 0.3942161339421613 0.023972602739726026 0.076103500761035
2 0.4977168949771689 0.2503805175038052 0.0228310502283105 0.0563165905631659
6 0.5964611872146118 0.3904109589041096 0.028538812785388126 0.0654490106544901
6 0.819634703196347 0.4147640791476408 0.04337899543378995 0.1293759512937595
11 0.1386986301369863 0.4223744292237443 0.033105022831050226 0.0624048706240487
14 0.4737442922374429 0.423896499238965 0.01141552511415525 0.0715372907153729
16 0.1649543378995434 0.2610350076103501 0.021689497716894976 0.1993911719939117
14 0.6615296803652968 0.4178082191780822 0.010273972602739725 0.0745814307458143
16 0.8618721461187214 0.18949771689497716 0.02054794520547945 0.3759512937595129
0 0.7614155251141552 0.3424657534246575 0.0182648401826484 0.197869101978691
3 0.09988584474885845 0.4452054794520548 0.19748858447488585 0.0410958904109589
16 0.5079908675799086 0.3691019786910198 0.01598173515981735 0.1750380517503805
2 0.09646118721461187 0.2115677321156773 0.019406392694063926 0.0426179604261796
14 0.2151826484018265 0.4246575342465753 0.007990867579908675 0.0395738203957382
16 0.9126712328767124 0.34779299847793 0.014840182648401826 0.1872146118721461
6 0.13984018264840184 0.393455098934551 0.028538812785388126 0.0624048706240487
14 0.1969178082191781 0.4216133942161339 0.007990867579908675 0.0365296803652968
11 0.8162100456621004 0.4337899543378995 0.1141552511415525 0.0882800608828006
9 0.2254566210045662 0.3531202435312024 0.04680365296803653 0.0273972602739726
16 0.22659817351598174 0.3150684931506849 0.010273972602739725 0.1126331811263318
0 0.18493150684931506 0.3356164383561644 0.0182648401826484 0.1019786910197869
0 0.6649543378995434 0.30441400304414 0.017123287671232876 0.15220700152207
14 0.18949771689497716 0.4185692541856925 0.00684931506849315 0.0395738203957382
0 0.271689497716895 0.3508371385083714 0.0136986301369863 0.0715372907153729
6 0.7985159817351598 0.3812785388127854 0.026255707762557076 0.1141552511415525
0 0.5325342465753424 0.3127853881278539 0.023972602739726026 0.1293759512937595
0 0.2482876712328767 0.3318112633181126 0.017123287671232876 0.0669710806697108
5 0.07876712328767123 0.20928462709284626 0.0273972602739726 0.0350076103500761
6 0.3304794520547945 0.3706240487062405 0.026255707762557076 0.0441400304414003
