10 0.6375 0.5630841121495327 0.140625 0.09345794392523364
10 0.5453125 0.5478971962616822 0.046875 0.04439252336448598
8 0.8703125 0.5315420560747663 0.259375 0.1378504672897196
6 0.41953125 0.6098130841121495 0.0328125 0.14018691588785046
6 0.53828125 0.7079439252336449 0.0765625 0.1822429906542056
6 0.565625 0.6238317757009346 0.0375 0.16355140186915887
6 0.3515625 0.5957943925233645 0.021875 0.11682242990654206
6 0.66796875 0.6343457943925234 0.0421875 0.17990654205607476
6 0.1734375 0.6436915887850467 0.084375 0.24065420560747663
6 0.31640625 0.6004672897196262 0.0328125 0.11682242990654206
6 0.48203125 0.6378504672897196 0.0453125 0.1822429906542056
8 0.4484375 0.5175233644859814 0.171875 0.09579439252336448
6 0.76484375 0.741822429906542 0.1078125 0.3574766355140187
6 0.62734375 0.6413551401869159 0.0453125 0.2266355140186916
6 0.2671875 0.5794392523364486 0.028125 0.1308411214953271
10 0.90390625 0.5794392523364486 0.1765625 0.08411214953271028
10 0.7109375 0.5467289719626168 0.065625 0.06074766355140187
6 0.2453125 0.5782710280373832 0.028125 0.13317757009345793
10 0.2484375 0.5292056074766355 0.05625 0.0397196261682243
6 0.11875 0.5700934579439252 0.03125 0.09813084112149532
0 0.290625 0.4591121495327103 0.025 0.10046728971962617
16 0.4359375 0.40420560747663553 0.015625 0.34579439252336447
0 0.77265625 0.4567757009345794 0.0265625 0.29205607476635514
16 0.559375 0.4088785046728972 0.01875 0.29906542056074764
16 0.51796875 0.3317757009345794 0.0171875 0.5607476635514018
