16 0.9069148936170213 0.75 0.02304964539007092 0.3116883116883117
16 0.787677304964539 0.6793831168831169 0.018617021276595744 0.31006493506493504
10 0.8537234042553191 0.6534090909090909 0.1950354609929078 0.12824675324675325
16 0.7247340425531915 0.6201298701298701 0.0062056737588652485 0.11363636363636363
6 0.6325354609929078 0.625 0.015070921985815602 0.05844155844155844
9 0.34308510638297873 0.5949675324675324 0.22695035460992907 0.19642857142857142
10 0.25132978723404253 0.5162337662337663 0.025709219858156027 0.02922077922077922
10 0.2052304964539007 0.5527597402597403 0.0274822695035461 0.03409090909090909
10 0.18218085106382978 0.575487012987013 0.03102836879432624 0.030844155844155844
10 0.46187943262411346 0.9196428571428571 0.3528368794326241 0.15097402597402598
1 0.7726063829787234 0.42613636363636365 0.034574468085106384 0.16071428571428573
1 0.37943262411347517 0.42613636363636365 0.008865248226950355 0.056818181818181816
1 0.39095744680851063 0.42694805194805197 0.010638297872340425 0.06168831168831169
1 0.488031914893617 0.4366883116883117 0.013297872340425532 0.05844155844155844
1 0.5895390070921985 0.5 0.014184397163120567 0.05519480519480519
16 0.5837765957446809 0.4926948051948052 0.01152482269503546 0.3457792207792208
