10 0.9265625 0.5777777777777777 0.146875 0.12222222222222222
6 0.4078125 0.7125 0.065625 0.1638888888888889
6 0.634375 0.5597222222222222 0.140625 0.4527777777777778
6 0.31875 0.7722222222222223 0.125 0.23333333333333334
6 0.71015625 0.6013888888888889 0.0296875 0.18055555555555555
6 0.48984375 0.5861111111111111 0.0203125 0.06666666666666667
10 0.47578125 0.5805555555555556 0.0140625 0.022222222222222223
10 0.5046875 0.5805555555555556 0.028125 0.027777777777777776
16 0.73671875 0.3638888888888889 0.0328125 0.6722222222222223
16 0.89140625 0.4986111111111111 0.0234375 0.2972222222222222
16 0.94765625 0.49722222222222223 0.0171875 0.29444444444444445
4 0.46796875 0.8541666666666666 0.5203125 0.2916666666666667
