3 0.5017123287671232 0.6925418569254186 0.9965753424657534 0.6149162861491628
10 0.3584474885844749 0.3508371385083714 0.1689497716894977 0.0989345509893455
10 0.9320776255707762 0.3668188736681887 0.1358447488584475 0.1308980213089802
6 0.05878995433789954 0.3584474885844749 0.05593607305936073 0.1171993911719939
10 0.22659817351598174 0.3234398782343988 0.04452054794520548 0.0441400304414003
6 0.4868721461187215 0.350076103500761 0.030821917808219176 0.1156773211567732
1 0.1969178082191781 0.1278538812785388 0.017123287671232876 0.0578386605783866
10 0.15296803652968036 0.317351598173516 0.04794520547945205 0.0441400304414003
2 0.21746575342465754 0.1308980213089802 0.019406392694063926 0.060882800608828
16 0.5930365296803652 0.21537290715372906 0.017123287671232876 0.3242009132420091
0 0.8162100456621004 0.2968036529680365 0.0182648401826484 0.1035007610350076
7 0.06164383561643835 0.4033485540334855 0.05707762557077625 0.091324200913242
11 0.10901826484018265 0.3713850837138508 0.04223744292237443 0.0669710806697108
16 0.2985159817351598 0.167427701674277 0.026255707762557076 0.3257229832572298
2 0.5730593607305936 0.2374429223744292 0.01598173515981735 0.0395738203957382
6 0.4469178082191781 0.3576864535768645 0.026255707762557076 0.1187214611872146
10 0.027968036529680364 0.3158295281582953 0.04908675799086758 0.0350076103500761
11 0.259703196347032 0.3394216133942161 0.017123287671232876 0.0273972602739726
6 0.10730593607305935 0.3371385083713851 0.03424657534246575 0.0684931506849315
6 0.2591324200913242 0.3257229832572298 0.0136986301369863 0.030441400304414
6 0.2928082191780822 0.3188736681887367 0.010273972602739725 0.0319634703196347
6 0.12271689497716895 0.3424657534246575 0.021689497716894976 0.0669710806697108
10 0.079337899543379 0.3203957382039574 0.033105022831050226 0.0289193302891933
11 0.1278538812785388 0.3622526636225266 0.0273972602739726 0.0487062404870624
3 0.19577625570776255 0.3736681887366819 0.14726027397260275 0.0258751902587519
6 0.2722602739726027 0.3234398782343988 0.012557077625570776 0.0319634703196347
5 0.2408675799086758 0.1278538812785388 0.0182648401826484 0.030441400304414
10 0.2534246575342466 0.3127853881278539 0.0273972602739726 0.0228310502283105
10 0.1415525114155251 0.3356164383561644 0.0273972602739726 0.0441400304414003
5 0.2659817351598174 0.1354642313546423 0.0319634703196347 0.0365296803652968
6 0.4651826484018265 0.3637747336377473 0.023972602739726026 0.1126331811263318
