7 0.1625 0.7947916666666667 0.034375 0.06041666666666667
10 0.4765625 0.7802083333333333 0.146875 0.17291666666666666
10 0.09921875 0.8739583333333333 0.1953125 0.24375
10 0.53203125 0.7260416666666667 0.0421875 0.06041666666666667
7 0.3140625 0.7510416666666667 0.01875 0.052083333333333336
10 0.32421875 0.7333333333333333 0.1203125 0.05416666666666667
6 0.634375 0.709375 0.021875 0.027083333333333334
6 0.16875 0.771875 0.0375 0.14791666666666667
6 0.3140625 0.7270833333333333 0.025 0.075
6 0.89609375 0.7979166666666667 0.0328125 0.1375
6 0.69453125 0.7 0.0265625 0.05
7 0.57109375 0.7395833333333334 0.0109375 0.029166666666666667
6 0.571875 0.7197916666666667 0.01875 0.052083333333333336
10 0.56796875 0.73125 0.0328125 0.0375
6 0.1171875 0.7302083333333333 0.040625 0.052083333333333336
9 0.790625 0.828125 0.2375 0.2604166666666667
6 0.09921875 0.8354166666666667 0.0609375 0.0875
16 0.2046875 0.603125 0.01875 0.38125
16 0.290625 0.5802083333333333 0.01875 0.36041666666666666
16 0.64375 0.5520833333333334 0.01875 0.2791666666666667
16 0.33359375 0.5916666666666667 0.0109375 0.21666666666666667
