5 0.3046875 0.2760416666666667 0.296875 0.5104166666666666
10 0.428125 0.8645833333333334 0.2375 0.12083333333333333
10 0.81953125 0.8583333333333333 0.2296875 0.1375
9 0.915625 0.8322916666666667 0.165625 0.18541666666666667
9 0.06796875 0.7895833333333333 0.1328125 0.18333333333333332
6 0.57734375 0.8333333333333334 0.0390625 0.125
6 0.67734375 0.828125 0.0328125 0.13125
6 0.40859375 0.7885416666666667 0.0265625 0.03125
6 0.4625 0.803125 0.040625 0.06458333333333334
6 0.94375 0.7875 0.04375 0.06666666666666667
16 0.75 0.46770833333333334 0.028125 0.70625
16 0.225 0.5010416666666667 0.190625 0.9979166666666667
