4 0.6593137254901961 0.6577205882352941 0.4303921568627451 0.6816176470588236
16 0.8691176470588236 0.22389705882352942 0.024509803921568627 0.09926470588235294
0 0.9573529411764706 0.23566176470588235 0.05196078431372549 0.12279411764705882
11 0.9593137254901961 0.31727941176470587 0.07941176470588235 0.06544117647058824
11 0.8887254901960784 0.2933823529411765 0.08137254901960785 0.047058823529411764
11 0.8308823529411765 0.28566176470588234 0.04803921568627451 0.03161764705882353
6 0.7387254901960785 0.26580882352941176 0.010784313725490196 0.019852941176470587
0 0.8264705882352941 0.25036764705882353 0.027450980392156862 0.05514705882352941
10 0.9921568627450981 0.2551470588235294 0.01568627450980392 0.013235294117647059
11 0.9245098039215687 0.3139705882352941 0.050980392156862744 0.05
11 0.8029411764705883 0.28125 0.027450980392156862 0.025735294117647058
11 0.7872549019607843 0.27794117647058825 0.023529411764705882 0.023529411764705882
0 0.7985294117647059 0.25441176470588234 0.016666666666666666 0.030882352941176472
8 0.8612745098039216 0.25441176470588234 0.04215686274509804 0.030882352941176472
