3 0.5 0.7054794520547946 0.997716894977169 0.589041095890411
10 0.704337899543379 0.3569254185692542 0.0684931506849315 0.0624048706240487
9 0.6335616438356164 0.3424657534246575 0.0639269406392694 0.0730593607305936
11 0.1860730593607306 0.4063926940639269 0.06621004566210045 0.0487062404870624
16 0.3658675799086758 0.20776255707762556 0.03538812785388128 0.4094368340943683
16 0.5154109589041096 0.1963470319634703 0.021689497716894976 0.3866057838660578
11 0.571917808219178 0.3812785388127854 0.05251141552511415 0.0441400304414003
13 0.5011415525114156 0.380517503805175 0.0319634703196347 0.0395738203957382
6 0.9594748858447488 0.3401826484018265 0.033105022831050226 0.0684931506849315
16 0.12214611872146118 0.2990867579908676 0.0273972602739726 0.2237442922374429
16 0.3059360730593607 0.3310502283105023 0.0136986301369863 0.1689497716894977
1 0.7077625570776256 0.213089802130898 0.01598173515981735 0.045662100456621
16 0.5428082191780822 0.3006088280060883 0.010273972602739725 0.1019786910197869
7 0.6638127853881278 0.3828006088280061 0.021689497716894976 0.0410958904109589
6 0.18835616438356165 0.3881278538812785 0.0273972602739726 0.0639269406392694
16 0.09189497716894977 0.2732115677321157 0.023972602739726026 0.2541856925418569
1 0.2928082191780822 0.2831050228310502 0.014840182648401826 0.0365296803652968
16 0.7494292237442922 0.2929984779299848 0.010273972602739725 0.1445966514459665
11 0.954337899543379 0.3691019786910198 0.02968036529680365 0.0563165905631659
16 0.9514840182648402 0.2313546423135464 0.014840182648401826 0.1765601217656012
16 0.053082191780821915 0.2176560121765601 0.033105022831050226 0.380517503805175
16 0.4394977168949772 0.2671232876712329 0.0136986301369863 0.1628614916286149
14 0.875 0.3622526636225266 0.007990867579908675 0.030441400304414
0 0.9218036529680366 0.2853881278538813 0.019406392694063926 0.1689497716894977
11 0.0091324200913242 0.4132420091324201 0.01598173515981735 0.0593607305936073
6 0.6649543378995434 0.3576864535768645 0.019406392694063926 0.0547945205479452
0 0.8070776255707762 0.3097412480974125 0.01598173515981735 0.1202435312024353
14 0.09018264840182648 0.4193302891933029 0.0091324200913242 0.0350076103500761
16 0.9920091324200914 0.2960426179604262 0.0136986301369863 0.1232876712328767
6 0.593607305936073 0.3599695585996956 0.01598173515981735 0.0410958904109589
10 0.591324200913242 0.3432267884322679 0.02511415525114155 0.0319634703196347
16 0.8202054794520548 0.3219178082191781 0.010273972602739725 0.0928462709284627
6 0.5662100456621004 0.3698630136986301 0.02054794520547945 0.0547945205479452
0 0.5764840182648402 0.3074581430745814 0.0136986301369863 0.0821917808219178
5 0.8207762557077626 0.2625570776255708 0.02054794520547945 0.0289193302891933
14 0.11015981735159817 0.4193302891933029 0.007990867579908675 0.0350076103500761
14 0.8333333333333334 0.3584474885844749 0.00684931506849315 0.0258751902587519
3 0.728310502283105 0.3896499238964992 0.2694063926940639 0.0243531202435312
