13 0.6778378378378378 0.6542056074766355 0.17081081081081081 0.3204272363150868
18 0.40594594594594596 0.6455273698264352 0.4962162162162162 0.465954606141522
15 0.08108108108108109 0.5040053404539386 0.032432432432432434 0.05740987983978638
0 0.86 0.4939919893190921 0.28 0.9853137516688919
0 0.2654054054054054 0.22963951935914553 0.06594594594594595 0.45660881174899864
0 0.5454054054054054 0.28304405874499333 0.06594594594594595 0.18157543391188252
0 0.6454054054054054 0.23030707610146864 0.07567567567567568 0.21495327102803738
0 0.8243243243243243 0.24232309746328437 0.14594594594594595 0.4819759679572764
0 0.7054054054054054 0.16421895861148197 0.02702702702702703 0.3257676902536716
7 0.9875675675675676 0.3871829105473965 0.024864864864864864 0.050734312416555405
10 0.6232432432432432 0.32242990654205606 0.06594594594594595 0.022696929238985315
6 0.9886486486486487 0.3464619492656876 0.022702702702702703 0.05740987983978638
