3 0.3778538812785388 0.7427701674277016 0.7534246575342466 0.5144596651445966
11 0.863013698630137 0.471841704718417 0.0593607305936073 0.045662100456621
6 0.5416666666666666 0.4665144596651446 0.030821917808219176 0.1080669710806697
16 0.632420091324201 0.3592085235920852 0.01598173515981735 0.2313546423135464
10 0.7060502283105022 0.410958904109589 0.04908675799086758 0.0395738203957382
6 0.8624429223744292 0.4573820395738204 0.023972602739726026 0.0654490106544901
6 0.7773972602739726 0.4512937595129376 0.0319634703196347 0.0715372907153729
7 0.7773972602739726 0.4756468797564688 0.0639269406392694 0.0441400304414003
16 0.11015981735159817 0.3257229832572298 0.019406392694063926 0.2648401826484018
6 0.3544520547945205 0.4398782343987823 0.019406392694063926 0.0669710806697108
13 0.2819634703196347 0.454337899543379 0.02968036529680365 0.0380517503805175
11 0.9069634703196348 0.4672754946727549 0.03995433789954338 0.0517503805175038
16 0.9531963470319634 0.3987823439878234 0.0182648401826484 0.1491628614916286
14 0.7077625570776256 0.4680365296803653 0.00684931506849315 0.0350076103500761
7 0.541095890410959 0.4939117199391172 0.0273972602739726 0.0684931506849315
16 0.3219178082191781 0.3729071537290715 0.01598173515981735 0.1582952815829528
7 0.23972602739726026 0.4558599695585997 0.02968036529680365 0.0410958904109589
16 0.968607305936073 0.395738203957382 0.019406392694063926 0.1582952815829528
10 0.6449771689497716 0.4193302891933029 0.045662100456621 0.0289193302891933
2 0.7408675799086758 0.3759512937595129 0.0136986301369863 0.0334855403348554
16 0.7197488584474886 0.2914764079147641 0.014840182648401826 0.2724505327245053
7 0.21746575342465754 0.454337899543379 0.028538812785388126 0.0380517503805175
14 0.670662100456621 0.4680365296803653 0.007990867579908675 0.0380517503805175
16 0.0747716894977169 0.3287671232876712 0.017123287671232876 0.2557077625570776
10 0.9212328767123288 0.4132420091324201 0.0684931506849315 0.0319634703196347
16 0.593607305936073 0.4277016742770167 0.0091324200913242 0.106544901065449
6 0.2825342465753425 0.4223744292237443 0.014840182648401826 0.0258751902587519
6 0.8881278538812786 0.4535768645357686 0.0182648401826484 0.0517503805175038
10 0.4845890410958904 0.4155251141552511 0.04680365296803653 0.0273972602739726
16 0.978310502283105 0.12100456621004566 0.0228310502283105 0.2389649923896499
14 0.1541095890410959 0.4490106544901065 0.00684931506849315 0.030441400304414
6 0.1752283105022831 0.4299847792998478 0.014840182648401826 0.0471841704718417
16 0.5165525114155252 0.4223744292237443 0.007990867579908675 0.1141552511415525
16 0.7494292237442922 0.4094368340943683 0.010273972602739725 0.136986301369863
0 0.20205479452054795 0.4178082191780822 0.0136986301369863 0.0958904109589041
10 0.5918949771689498 0.4208523592085236 0.04680365296803653 0.0258751902587519
1 0.03424657534246575 0.17275494672754946 0.02511415525114155 0.0776255707762557
