3 0.3687214611872146 0.728310502283105 0.7351598173515982 0.54337899543379
6 0.53824200913242 0.4961948249619482 0.11301369863013698 0.2952815829528158
10 0.16267123287671234 0.4208523592085236 0.1358447488584475 0.0715372907153729
6 0.10102739726027397 0.4923896499238965 0.11529680365296803 0.2389649923896499
11 0.1004566210045662 0.5692541856925418 0.19863013698630136 0.2222222222222222
1 0.1969178082191781 0.14992389649923896 0.023972602739726026 0.0837138508371385
16 0.6215753424657534 0.22450532724505326 0.019406392694063926 0.4398782343987823
0 0.2106164383561644 0.3675799086757991 0.017123287671232876 0.0715372907153729
1 0.2391552511415525 0.17123287671232876 0.026255707762557076 0.0745814307458143
1 0.7271689497716894 0.3264840182648402 0.0136986301369863 0.0319634703196347
16 0.5371004566210046 0.2732115677321157 0.014840182648401826 0.1567732115677321
14 0.6992009132420092 0.4315068493150685 0.007990867579908675 0.0350076103500761
10 0.980593607305936 0.3942161339421613 0.02511415525114155 0.0243531202435312
16 0.7334474885844748 0.3721461187214612 0.010273972602739725 0.1385083713850837
7 0.821917808219178 0.4368340943683409 0.0547945205479452 0.045662100456621
0 0.4891552511415525 0.3645357686453577 0.017123287671232876 0.1111111111111111
14 0.666095890410959 0.4330289193302892 0.007990867579908675 0.0350076103500761
9 0.8795662100456622 0.3911719939117199 0.021689497716894976 0.0365296803652968
16 0.5804794520547946 0.3767123287671233 0.010273972602739725 0.0989345509893455
16 0.3025114155251142 0.3264840182648402 0.01598173515981735 0.2237442922374429
6 0.8236301369863014 0.4170471841704718 0.026255707762557076 0.060882800608828
16 0.8447488584474886 0.3074581430745814 0.0136986301369863 0.2070015220700152
14 0.01598173515981735 0.4345509893455099 0.0091324200913242 0.0471841704718417
0 0.3424657534246575 0.3706240487062405 0.01598173515981735 0.0806697108066971
3 0.8664383561643836 0.4505327245053272 0.2671232876712329 0.0273972602739726
14 0.4417808219178082 0.4330289193302892 0.00684931506849315 0.0380517503805175
14 0.1312785388127854 0.4490106544901065 0.0091324200913242 0.045662100456621
14 0.4263698630136986 0.4315068493150685 0.007990867579908675 0.0350076103500761
16 0.4149543378995434 0.2747336377473364 0.014840182648401826 0.3363774733637747
14 0.005136986301369863 0.4345509893455099 0.007990867579908675 0.0471841704718417
10 0.922945205479452 0.3896499238964992 0.012557077625570776 0.0121765601217656
9 0.9480593607305936 0.3866057838660578 0.026255707762557076 0.0273972602739726
5 0.2146118721461187 0.1613394216133942 0.02511415525114155 0.0547945205479452
