10 0.4509132420091324 0.2823439878234399 0.0958904109589041 0.0867579908675799
10 0.96175799086758 0.3318112633181126 0.07648401826484018 0.1278538812785388
8 0.670662100456621 0.2602739726027397 0.3184931506849315 0.2922374429223744
2 0.7802511415525114 0.0395738203957382 0.033105022831050226 0.076103500761035
10 0.3761415525114155 0.2595129375951294 0.04223744292237443 0.0441400304414003
16 0.0839041095890411 0.4969558599695586 0.16552511415525115 0.9817351598173516
16 0.2728310502283105 0.18036529680365296 0.02054794520547945 0.3515981735159817
2 0.7197488584474886 0.0350076103500761 0.030821917808219176 0.0669710806697108
16 0.3476027397260274 0.20624048706240486 0.019406392694063926 0.3455098934550989
0 0.3167808219178082 0.2359208523592085 0.023972602739726026 0.15220700152207
16 0.8521689497716894 0.5 0.21575342465753425 0.9969558599695586
2 0.3281963470319635 0.10121765601217655 0.028538812785388126 0.0776255707762557
6 0.15353881278538814 0.24733637747336376 0.019406392694063926 0.0684931506849315
14 0.3767123287671233 0.3417047184170472 0.01141552511415525 0.0745814307458143
0 0.1860730593607306 0.22146118721461186 0.0136986301369863 0.0745814307458143
11 0.2848173515981735 0.7465753424657534 0.3367579908675799 0.5068493150684932
14 0.3938356164383562 0.3340943683409437 0.01141552511415525 0.0684931506849315
0 0.2345890410958904 0.21385083713850836 0.014840182648401826 0.1050228310502283
10 0.4965753424657534 0.2838660578386606 0.03424657534246575 0.0624048706240487
3 0.5 0.693302891933029 0.7214611872146118 0.6133942161339422
6 0.12899543378995434 0.23668188736681886 0.01141552511415525 0.0350076103500761
10 0.2208904109589041 0.4535768645357686 0.22488584474885845 0.3013698630136986
3 0.5114155251141552 0.3561643835616438 0.1689497716894977 0.0487062404870624
6 0.2100456621004566 0.7397260273972602 0.15296803652968036 0.5205479452054794
0 0.2237442922374429 0.2161339421613394 0.0136986301369863 0.1035007610350076
15 0.3230593607305936 0.3592085235920852 0.02511415525114155 0.0578386605783866
15 0.4029680365296804 0.3363774733637747 0.01598173515981735 0.0395738203957382
11 0.2682648401826484 0.2694063926940639 0.06164383561643835 0.0547945205479452
11 0.3019406392694064 0.2648401826484018 0.019406392694063926 0.0273972602739726
