3 0.7243150684931506 0.7397260273972602 0.5490867579908676 0.5205479452054794
10 0.305365296803653 0.4741248097412481 0.2751141552511416 0.1202435312024353
10 0.716324200913242 0.4611872146118721 0.2819634703196347 0.1308980213089802
10 0.9200913242009132 0.4474885844748858 0.1598173515981735 0.1095890410958904
10 0.1860730593607306 0.45662100456621 0.14383561643835616 0.0852359208523592
10 0.5519406392694064 0.4589041095890411 0.1952054794520548 0.0958904109589041
1 0.571917808219178 0.22146118721461186 0.02054794520547945 0.0624048706240487
16 0.9509132420091324 0.3089802130898021 0.0182648401826484 0.1735159817351598
1 0.6592465753424658 0.21689497716894976 0.023972602739726026 0.0654490106544901
16 0.7602739726027398 0.3105022831050228 0.0136986301369863 0.1643835616438356
10 0.039383561643835614 0.5487062404870624 0.07648401826484018 0.1780821917808219
16 0.7916666666666666 0.3455098934550989 0.010273972602739725 0.0943683409436834
9 0.6541095890410958 0.4041095890410959 0.0319634703196347 0.0319634703196347
16 0.03367579908675799 0.3668188736681887 0.017123287671232876 0.1491628614916286
1 0.8002283105022832 0.3272450532724505 0.0136986301369863 0.0365296803652968
16 0.8493150684931506 0.20776255707762556 0.0182648401826484 0.4094368340943683
10 0.3864155251141553 0.4155251141552511 0.10388127853881278 0.0578386605783866
16 0.079337899543379 0.3561643835616438 0.019406392694063926 0.1582952815829528
16 0.9332191780821918 0.3645357686453577 0.007990867579908675 0.0593607305936073
10 0.4942922374429224 0.4383561643835616 0.1187214611872146 0.0669710806697108
16 0.8921232876712328 0.3036529680365297 0.014840182648401826 0.1841704718417047
16 0.1558219178082192 0.319634703196347 0.019406392694063926 0.228310502283105
16 0.4509132420091324 0.3789954337899543 0.01598173515981735 0.1126331811263318
16 0.3464611872146119 0.2526636225266362 0.017123287671232876 0.2922374429223744
1 0.22488584474885845 0.3751902587519026 0.01141552511415525 0.0258751902587519
10 0.06678082191780822 0.4246575342465753 0.06963470319634703 0.030441400304414
0 0.488013698630137 0.3850837138508371 0.021689497716894976 0.0639269406392694
9 0.014269406392694063 0.4223744292237443 0.026255707762557076 0.1141552511415525
