6 0.23284313725490197 0.33198529411764705 0.04215686274509804 0.08308823529411764
10 0.10392156862745099 0.3272058823529412 0.11372549019607843 0.07352941176470588
11 0.6446078431372549 0.3871323529411765 0.14019607843137255 0.10661764705882353
6 0.6666666666666666 0.36764705882352944 0.0803921568627451 0.13529411764705881
0 0.19411764705882353 0.31176470588235294 0.049019607843137254 0.11176470588235295
16 0.6205882352941177 0.27426470588235297 0.027450980392156862 0.18235294117647058
11 0.4161764705882353 0.3536764705882353 0.05392156862745098 0.054411764705882354
11 0.5490196078431373 0.3709558823529412 0.1411764705882353 0.08308823529411764
6 0.31323529411764706 0.3290441176470588 0.03235294117647059 0.06544117647058824
0 0.7651960784313725 0.31875 0.07352941176470588 0.24779411764705883
6 0.9279411764705883 0.3669117647058823 0.06568627450980392 0.12794117647058822
6 0.39950980392156865 0.3136029411764706 0.03431372549019608 0.04044117647058824
0 0.6563725490196078 0.28198529411764706 0.03431372549019608 0.06691176470588235
6 0.43480392156862746 0.31691176470588234 0.026470588235294117 0.01911764705882353
16 0.907843137254902 0.20147058823529412 0.041176470588235294 0.21176470588235294
16 0.6058823529411764 0.26691176470588235 0.0196078431372549 0.1514705882352941
11 0.3637254901960784 0.3400735294117647 0.056862745098039215 0.04338235294117647
16 0.5676470588235294 0.28125 0.01568627450980392 0.09485294117647058
0 0.707843137254902 0.3150735294117647 0.052941176470588235 0.1713235294117647
18 0.27450980392156865 0.3238970588235294 0.03529411764705882 0.019852941176470587
0 0.5014705882352941 0.3011029411764706 0.022549019607843137 0.04632352941176471
6 0.8426470588235294 0.3386029411764706 0.03823529411764706 0.08455882352941177
11 0.33725490196078434 0.3375 0.029411764705882353 0.04264705882352941
6 0.030882352941176472 0.5117647058823529 0.059803921568627454 0.2823529411764706
4 0.6534313725490196 0.7106617647058824 0.4284313725490196 0.5786764705882353
11 0.9259803921568628 0.40036764705882355 0.14607843137254903 0.1036764705882353
6 0.9632352941176471 0.31727941176470587 0.030392156862745098 0.03897058823529412
6 0.8181372549019608 0.34558823529411764 0.03235294117647059 0.08676470588235294
11 0.8382352941176471 0.35698529411764707 0.11764705882352941 0.06985294117647059
11 0.4519607843137255 0.36066176470588235 0.056862745098039215 0.06985294117647059
