7 0.44921875 0.6654929577464789 0.2453125 0.3685446009389671
6 0.96484375 0.47769953051643194 0.0703125 0.24178403755868544
6 0.92578125 0.4284037558685446 0.0296875 0.09624413145539906
7 0.78671875 0.505868544600939 0.1140625 0.13849765258215962
7 0.8296875 0.4964788732394366 0.0625 0.08685446009389672
7 0.30234375 0.6983568075117371 0.2265625 0.4953051643192488
7 0.59375 0.5164319248826291 0.134375 0.15023474178403756
7 0.18203125 0.7464788732394366 0.3328125 0.4507042253521127
7 0.7015625 0.5176056338028169 0.125 0.1619718309859155
10 0.509375 0.4072769953051643 0.05625 0.04460093896713615
7 0.41875 0.5903755868544601 0.1 0.17136150234741784
7 0.59609375 0.6408450704225352 0.2953125 0.3755868544600939
7 0.6640625 0.5492957746478874 0.134375 0.18309859154929578
7 0.2328125 0.6913145539906104 0.240625 0.392018779342723
7 0.48984375 0.5387323943661971 0.1546875 0.15258215962441316
10 0.74296875 0.39906103286384975 0.0234375 0.018779342723004695
9 0.81484375 0.3967136150234742 0.0671875 0.11737089201877934
7 0.5875 0.5974178403755869 0.296875 0.16666666666666666
16 0.1328125 0.38380281690140844 0.06875 0.7629107981220657
16 0.62890625 0.22065727699530516 0.0328125 0.43661971830985913
16 0.67265625 0.24882629107981222 0.0296875 0.49295774647887325
16 0.87578125 0.2828638497652582 0.0296875 0.34976525821596244
14 0.896875 0.5152582159624414 0.01875 0.09624413145539906
4 0.93359375 0.9190140845070423 0.1328125 0.1619718309859155
10 0.05625 0.4272300469483568 0.09375 0.056338028169014086
3 0.86015625 0.5046948356807511 0.1203125 0.07042253521126761
10 0.65078125 0.4072769953051643 0.0328125 0.03990610328638498
