3 0.5 0.678082191780822 0.997716894977169 0.6438356164383562
8 0.8133561643835616 0.20776255707762556 0.3710045662100457 0.2754946727549467
10 0.9377853881278538 0.3234398782343988 0.12442922374429223 0.3242009132420091
6 0.04908675799086758 0.3546423135464231 0.0593607305936073 0.182648401826484
16 0.2853881278538813 0.1750380517503805 0.0365296803652968 0.3439878234398782
14 0.3270547945205479 0.3812785388127854 0.019406392694063926 0.0898021308980213
6 0.1267123287671233 0.350076103500761 0.05707762557077625 0.1765601217656012
6 0.24143835616438356 0.3356164383561644 0.028538812785388126 0.0898021308980213
14 0.22031963470319635 0.3835616438356164 0.02511415525114155 0.1004566210045662
10 0.29337899543379 0.3089802130898021 0.0593607305936073 0.0517503805175038
14 0.430365296803653 0.3713850837138508 0.01598173515981735 0.0882800608828006
10 0.5159817351598174 0.2884322678843227 0.0502283105022831 0.0380517503805175
16 0.4280821917808219 0.2176560121765601 0.0228310502283105 0.1948249619482496
14 0.01141552511415525 0.4041095890410959 0.02054794520547945 0.0928462709284627
10 0.3384703196347032 0.2831050228310502 0.06735159817351598 0.0578386605783866
10 0.4349315068493151 0.2876712328767123 0.0547945205479452 0.0395738203957382
16 0.351027397260274 0.16818873668188736 0.030821917808219176 0.3302891933028919
14 0.4606164383561644 0.3394216133942161 0.010273972602739725 0.0487062404870624
14 0.5353881278538812 0.3607305936073059 0.01598173515981735 0.091324200913242
10 0.012557077625570776 0.3394216133942161 0.0228310502283105 0.045662100456621
16 0.6917808219178082 0.0624048706240487 0.02054794520547945 0.121765601217656
14 0.1187214611872146 0.395738203957382 0.0228310502283105 0.0943683409436834
10 0.3521689497716895 0.3066971080669711 0.033105022831050226 0.0502283105022831
10 0.07819634703196347 0.3363774733637747 0.033105022831050226 0.0547945205479452
11 0.15353881278538814 0.3584474885844749 0.019406392694063926 0.0715372907153729
14 0.4800228310502283 0.332572298325723 0.012557077625570776 0.0471841704718417
