13 0.747125 0.42866666666666664 0.09225 0.07533333333333334
15 0.66875 0.44333333333333336 0.0365 0.04666666666666667
15 0.548125 0.4475 0.03525 0.047
15 0.41575 0.4515 0.0365 0.052333333333333336
15 0.278875 0.45566666666666666 0.03825 0.05266666666666667
16 0.18325 0.3925 0.0215 0.175
6 0.316 0.4295 0.009 0.034333333333333334
6 0.339875 0.3943333333333333 0.00475 0.018
13 0.514125 0.4415 0.01025 0.013666666666666667
0 0.229375 0.28783333333333333 0.04925 0.23966666666666667
0 0.94175 0.35183333333333333 0.0275 0.129
6 0.346 0.42083333333333334 0.0075 0.015
6 0.355 0.44766666666666666 0.009 0.010666666666666666
