12 0.48151041666666666 0.3763888888888889 0.07604166666666666 0.2324074074074074
12 0.31809895833333335 0.21736111111111112 0.047135416666666666 0.13564814814814816
12 0.23776041666666667 0.1375 0.026041666666666668 0.09259259259259259
12 0.17682291666666666 0.09421296296296296 0.024479166666666666 0.06435185185185185
12 0.14557291666666666 0.0625 0.016666666666666666 0.046296296296296294
12 0.9888020833333333 0.13287037037037036 0.022395833333333334 0.09444444444444444
12 0.6177083333333333 0.06712962962962964 0.01875 0.06018518518518518
12 0.538671875 0.05277777777777778 0.01640625 0.05277777777777778
10 0.44375 0.06226851851851852 0.17708333333333334 0.12361111111111112
10 0.3296875 0.030787037037037036 0.058854166666666666 0.060648148148148145
11 0.95 0.034027777777777775 0.09270833333333334 0.060648148148148145
11 0.211328125 0.02175925925925926 0.022135416666666668 0.04259259259259259
11 0.2375 0.016203703703703703 0.016666666666666666 0.030555555555555555
11 0.18997395833333333 0.013888888888888888 0.012760416666666666 0.025925925925925925
6 0.9497395833333333 0.023148148148148147 0.030208333333333334 0.04537037037037037
