3 0.4189497716894977 0.73896499238965 0.8356164383561644 0.5220700152207002
11 0.6626712328767124 0.4771689497716895 0.22945205479452055 0.1933028919330289
6 0.3498858447488584 0.4185692541856925 0.06963470319634703 0.2374429223744292
6 0.651255707762557 0.4155251141552511 0.09246575342465753 0.213089802130898
7 0.3789954337899543 0.4665144596651446 0.1506849315068493 0.1232876712328767
0 0.79337899543379 0.2975646879756469 0.0319634703196347 0.1811263318112633
6 0.6986301369863014 0.3302891933028919 0.0273972602739726 0.0943683409436834
16 0.2882420091324201 0.34779299847793 0.019406392694063926 0.2085235920852359
0 0.9628995433789954 0.2754946727549467 0.017123287671232876 0.1035007610350076
11 0.9058219178082192 0.3508371385083714 0.03767123287671233 0.0654490106544901
1 0.3167808219178082 0.0639269406392694 0.04223744292237443 0.1248097412480974
5 0.2871004566210046 0.1796042617960426 0.04223744292237443 0.0882800608828006
2 0.639269406392694 0.167427701674277 0.0273972602739726 0.0669710806697108
3 0.8841324200913242 0.4155251141552511 0.2317351598173516 0.0639269406392694
10 0.841324200913242 0.2990867579908676 0.02968036529680365 0.0258751902587519
16 0.6495433789954338 0.2496194824961948 0.0182648401826484 0.2831050228310502
6 0.420662100456621 0.3333333333333333 0.03995433789954338 0.1035007610350076
6 0.7214611872146118 0.4254185692541857 0.05707762557077625 0.1628614916286149
0 0.2545662100456621 0.1887366818873668 0.04794520547945205 0.3744292237442922
6 0.4155251141552511 0.4124809741248097 0.05707762557077625 0.1308980213089802
0 0.9297945205479452 0.2701674277016743 0.012557077625570776 0.0593607305936073
6 0.9075342465753424 0.3234398782343988 0.03424657534246575 0.0654490106544901
10 0.9115296803652968 0.3165905631659056 0.05821917808219178 0.045662100456621
16 0.839041095890411 0.2983257229832572 0.01598173515981735 0.1035007610350076
16 0.7557077625570776 0.2671232876712329 0.0136986301369863 0.1263318112633181
0 0.8864155251141552 0.273972602739726 0.012557077625570776 0.0547945205479452
6 0.7397260273972602 0.302130898021309 0.01598173515981735 0.0471841704718417
1 0.66837899543379 0.167427701674277 0.023972602739726026 0.0669710806697108
0 0.7551369863013698 0.2671232876712329 0.014840182648401826 0.1263318112633181
11 0.6278538812785388 0.3569254185692542 0.03424657534246575 0.0715372907153729
0 0.9035388127853882 0.2602739726027397 0.010273972602739725 0.0547945205479452
