15 0.6233333333333333 0.5975 0.18666666666666668 0.17
15 0.425 0.4625 0.08333333333333333 0.075
14 0.2916666666666667 0.38 0.03666666666666667 0.095
15 0.41333333333333333 0.36 0.05333333333333334 0.04
15 0.465 0.34125 0.03666666666666667 0.0375
15 0.5033333333333333 0.33 0.03333333333333333 0.035
3 0.13166666666666665 0.37125 0.23666666666666666 0.0625
16 0.36333333333333334 0.265 0.05333333333333334 0.275
16 0.95 0.17625 0.06 0.2625
3 0.3433333333333333 0.32875 0.2733333333333333 0.0725
16 0.5783333333333334 0.2475 0.023333333333333334 0.17
4 0.835 0.48375 0.33 0.1275
15 0.64 0.315 0.03333333333333333 0.03
