5 0.39140625 0.7401247401247402 0.0984375 0.14137214137214138
10 0.42421875 0.5748440748440748 0.0765625 0.06444906444906445
9 0.21328125 0.6174636174636174 0.4203125 0.4158004158004158
9 0.44765625 0.5395010395010394 0.0796875 0.0893970893970894
10 0.78671875 0.6351351351351351 0.1890625 0.18503118503118504
10 0.56171875 0.5550935550935551 0.0421875 0.04573804573804574
10 0.58671875 0.5509355509355509 0.0203125 0.037422037422037424
10 0.60234375 0.5457380457380457 0.0265625 0.031185031185031187
10 0.61640625 0.5446985446985447 0.0171875 0.02494802494802495
10 0.68828125 0.5436590436590436 0.0203125 0.02286902286902287
10 0.51015625 0.5613305613305614 0.0578125 0.0498960498960499
16 0.98359375 0.38461538461538464 0.0296875 0.45322245322245325
16 0.1640625 0.2785862785862786 0.021875 0.3284823284823285
16 0.14375 0.3523908523908524 0.015625 0.17671517671517672
9 0.7296875 0.5343035343035343 0.0375 0.04158004158004158
16 0.83359375 0.4573804573804574 0.0140625 0.17463617463617465
