3 0.3042237442922374 0.7382039573820396 0.6061643835616438 0.5235920852359208
13 0.09417808219178082 0.4375951293759513 0.06278538812785388 0.0654490106544901
10 0.9697488584474886 0.3828006088280061 0.06050228310502283 0.0624048706240487
3 0.7796803652968036 0.45662100456621 0.4406392694063927 0.0517503805175038
2 0.7511415525114156 0.1598173515981735 0.02511415525114155 0.0791476407914764
10 0.877283105022831 0.3683409436834094 0.03767123287671233 0.0365296803652968
0 0.11301369863013698 0.3592085235920852 0.04337899543378995 0.182648401826484
6 0.6061643835616438 0.4063926940639269 0.0228310502283105 0.091324200913242
10 0.07990867579908675 0.4079147640791476 0.15753424657534246 0.076103500761035
2 0.5958904109589042 0.2876712328767123 0.01598173515981735 0.0426179604261796
10 0.579337899543379 0.3888888888888889 0.023972602739726026 0.0471841704718417
16 0.3036529680365297 0.2374429223744292 0.0273972602739726 0.4596651445966514
14 0.4914383561643836 0.4467275494672755 0.010273972602739725 0.0532724505327245
11 0.6461187214611872 0.4444444444444444 0.03881278538812785 0.0669710806697108
10 0.9126712328767124 0.3691019786910198 0.04908675799086758 0.0410958904109589
6 0.6472602739726028 0.4124809741248097 0.0365296803652968 0.106544901065449
10 0.20490867579908675 0.3904109589041096 0.08561643835616438 0.0532724505327245
10 0.9383561643835616 0.3729071537290715 0.0410958904109589 0.0426179604261796
16 0.4212328767123288 0.23820395738203956 0.0228310502283105 0.4550989345509893
16 0.17180365296803654 0.243531202435312 0.028538812785388126 0.45662100456621
0 0.5582191780821918 0.3493150684931507 0.0273972602739726 0.1445966514459665
14 0.5490867579908676 0.439117199391172 0.0091324200913242 0.0532724505327245
16 0.6244292237442922 0.2823439878234399 0.0182648401826484 0.3211567732115677
14 0.7517123287671232 0.4071537290715373 0.010273972602739725 0.0410958904109589
16 0.6495433789954338 0.2701674277016743 0.0136986301369863 0.1963470319634703
10 0.7768264840182648 0.3607305936073059 0.014840182648401826 0.015220700152207
9 0.7608447488584474 0.3546423135464231 0.017123287671232876 0.0273972602739726
10 0.011986301369863013 0.4041095890410959 0.021689497716894976 0.0715372907153729
10 0.8424657534246576 0.3614916286149163 0.02054794520547945 0.0197869101978691
11 0.6695205479452054 0.4010654490106545 0.019406392694063926 0.0319634703196347
16 0.6095890410958904 0.3059360730593607 0.0136986301369863 0.1156773211567732
10 0.735730593607306 0.3660578386605784 0.017123287671232876 0.0197869101978691
