16 0.8585 0.23383333333333334 0.043 0.4656666666666667
15 0.908875 0.4811666666666667 0.09675 0.13566666666666666
15 0.629875 0.3945 0.04525 0.06833333333333333
15 0.46325 0.381 0.038 0.05533333333333333
15 0.254625 0.37583333333333335 0.02575 0.034333333333333334
13 0.716375 0.31216666666666665 0.03225 0.04766666666666667
6 0.699 0.293 0.0105 0.06666666666666667
6 0.799 0.26916666666666667 0.0095 0.033666666666666664
0 0.0315 0.2788333333333333 0.0625 0.19766666666666666
0 0.0665 0.2733333333333333 0.062 0.23
16 0.13025 0.32866666666666666 0.023 0.13866666666666666
0 0.144875 0.32616666666666666 0.02875 0.153
0 0.36725 0.19966666666666666 0.057 0.39866666666666667
3 0.27225 0.5545 0.544 0.257
0 0.5685 0.1815 0.034 0.36233333333333334
0 0.686375 0.17016666666666666 0.03725 0.3396666666666667
0 0.7385 0.15616666666666668 0.025 0.2743333333333333
0 0.7805 0.20116666666666666 0.0365 0.24633333333333332
0 0.901375 0.20516666666666666 0.08125 0.4096666666666667
0 0.96775 0.189 0.0645 0.37733333333333335
16 0.596875 0.2305 0.00975 0.253
