16 0.725 0.2688333333333333 0.0305 0.537
15 0.764375 0.5453333333333333 0.07675 0.10933333333333334
15 0.532125 0.47583333333333333 0.04125 0.063
11 0.622375 0.42783333333333334 0.05575 0.08433333333333333
6 0.624375 0.4063333333333333 0.03075 0.084
16 0.496 0.3308333333333333 0.014 0.22566666666666665
15 0.372875 0.464 0.03675 0.05266666666666667
15 0.15675 0.4573333333333333 0.027 0.035333333333333335
16 0.926875 0.30516666666666664 0.02025 0.20566666666666666
19 0.944375 0.3825 0.00875 0.021
16 0.024625 0.4055 0.02025 0.13766666666666666
0 0.03925 0.4045 0.025 0.15033333333333335
0 0.2825 0.23616666666666666 0.07 0.4716666666666667
0 0.4705 0.26666666666666666 0.028 0.366
0 0.571625 0.2718333333333333 0.03225 0.30966666666666665
0 0.6165 0.2638333333333333 0.0245 0.22833333333333333
0 0.651375 0.291 0.02825 0.24866666666666667
0 0.7575 0.3195 0.0585 0.327
0 0.80475 0.3595 0.0405 0.21166666666666667
0 0.838625 0.37433333333333335 0.03075 0.15266666666666667
0 0.86975 0.25316666666666665 0.0345 0.3536666666666667
13 0.9585 0.37466666666666665 0.0215 0.05533333333333333
3 0.232375 0.6135 0.46425 0.21233333333333335
