10 0.0859375 0.5552083333333333 0.1625 0.11458333333333333
10 0.23828125 0.53125 0.1359375 0.10833333333333334
10 0.34765625 0.5260416666666666 0.0890625 0.06875
10 0.52109375 0.5 0.0234375 0.041666666666666664
10 0.53828125 0.49895833333333334 0.0234375 0.03125
9 0.44765625 0.47291666666666665 0.1453125 0.12916666666666668
9 0.615625 0.49375 0.1375 0.20833333333333334
6 0.89375 0.5447916666666667 0.04375 0.13958333333333334
6 0.83203125 0.5177083333333333 0.0265625 0.10208333333333333
6 0.8609375 0.5208333333333334 0.028125 0.12083333333333333
6 0.79375 0.5104166666666666 0.015625 0.06666666666666667
6 0.940625 0.5229166666666667 0.028125 0.11666666666666667
6 0.971875 0.5083333333333333 0.015625 0.06666666666666667
6 0.77890625 0.5145833333333333 0.0171875 0.07916666666666666
6 0.75390625 0.49895833333333334 0.0109375 0.04375
6 0.91640625 0.5135416666666667 0.0171875 0.08541666666666667
6 0.81640625 0.5145833333333333 0.0171875 0.0875
6 0.9078125 0.47604166666666664 0.00625 0.01875
0 0.98046875 0.4322916666666667 0.0390625 0.7229166666666667
0 0.02421875 0.4375 0.0328125 0.12083333333333333
0 0.74375 0.41770833333333335 0.03125 0.36041666666666666
16 0.72265625 0.5145833333333333 0.0265625 0.35
