3 0.4577625570776256 0.6788432267884322 0.9041095890410958 0.6423135464231354
10 0.7614155251141552 0.3242009132420091 0.2968036529680365 0.121765601217656
9 0.3458904109589041 0.2237442922374429 0.3242009132420091 0.2252663622526636
0 0.3789954337899543 0.2359208523592085 0.0228310502283105 0.2039573820395738
10 0.01598173515981735 0.22298325722983256 0.02968036529680365 0.0471841704718417
6 0.5171232876712328 0.2990867579908676 0.02968036529680365 0.0898021308980213
1 0.5525114155251142 0.08143074581430745 0.02511415525114155 0.0654490106544901
3 0.10787671232876712 0.3242009132420091 0.2134703196347032 0.045662100456621
0 0.7796803652968036 0.1948249619482496 0.02968036529680365 0.1430745814307458
16 0.4549086757990868 0.1704718417047184 0.030821917808219176 0.3378995433789954
6 0.696917808219178 0.2648401826484018 0.019406392694063926 0.0487062404870624
11 0.6073059360730594 0.3097412480974125 0.0410958904109589 0.0745814307458143
11 0.09988584474885845 0.2648401826484018 0.05136986301369863 0.0517503805175038
16 0.9212328767123288 0.2846270928462709 0.02054794520547945 0.1248097412480974
6 0.805365296803653 0.24429223744292236 0.017123287671232876 0.0410958904109589
10 0.973744292237443 0.3318112633181126 0.05251141552511415 0.1187214611872146
6 0.7922374429223744 0.24733637747336376 0.01598173515981735 0.0380517503805175
16 0.5622146118721462 0.17427701674277016 0.023972602739726026 0.3394216133942161
14 0.1295662100456621 0.286910197869102 0.007990867579908675 0.0380517503805175
