4 0.671078431372549 0.6294117647058823 0.55 0.7382352941176471
11 0.9411764705882353 0.32279411764705884 0.11372549019607843 0.1161764705882353
10 0.9406862745098039 0.23198529411764707 0.10294117647058823 0.0375
11 0.7681372549019608 0.27647058823529413 0.18137254901960784 0.09411764705882353
10 0.8666666666666667 0.22683823529411765 0.08431372549019608 0.03602941176470588
0 0.6872549019607843 0.17904411764705883 0.052941176470588235 0.1463235294117647
16 0.5642156862745098 0.15330882352941178 0.020588235294117647 0.13014705882352942
11 0.6151960784313726 0.24485294117647058 0.09901960784313725 0.05
11 0.9715686274509804 0.35257352941176473 0.054901960784313725 0.1036764705882353
6 0.41911764705882354 0.2025735294117647 0.012745098039215686 0.021323529411764706
11 0.5308823529411765 0.2323529411764706 0.04803921568627451 0.03235294117647059
0 0.48333333333333334 0.19375 0.0196078431372549 0.03602941176470588
10 0.8068627450980392 0.22463235294117648 0.06470588235294118 0.027205882352941177
16 0.611764705882353 0.20183823529411765 0.011764705882352941 0.05514705882352941
0 0.9117647058823529 0.20147058823529412 0.01764705882352941 0.03676470588235294
0 0.5098039215686274 0.18823529411764706 0.021568627450980392 0.057352941176470586
0 0.9882352941176471 0.20073529411764707 0.021568627450980392 0.047058823529411764
0 0.5279411764705882 0.1875 0.020588235294117647 0.06911764705882353
11 0.6985294117647058 0.2625 0.1264705882352941 0.07205882352941176
6 0.7931372549019607 0.2275735294117647 0.043137254901960784 0.03161764705882353
10 0.6274509803921569 0.2088235294117647 0.03137254901960784 0.020588235294117647
11 0.5735294117647058 0.23970588235294119 0.058823529411764705 0.045588235294117645
0 0.8465686274509804 0.1948529411764706 0.016666666666666666 0.03823529411764706
11 0.5029411764705882 0.22389705882352942 0.03137254901960784 0.025735294117647058
6 0.5818627450980393 0.20845588235294119 0.010784313725490196 0.015441176470588236
6 0.6598039215686274 0.21433823529411763 0.023529411764705882 0.01838235294117647
11 0.5808823529411765 0.21433823529411763 0.012745098039215686 0.015441176470588236
11 0.7382352941176471 0.2735294117647059 0.12941176470588237 0.0661764705882353
