10 0.090625 0.44082125603864736 0.1375 0.1570048309178744
10 0.9015625 0.5748792270531401 0.196875 0.2898550724637681
8 0.07578125 0.32971014492753625 0.1484375 0.2584541062801932
6 0.83125 0.3695652173913043 0.015625 0.043478260869565216
6 0.8703125 0.3997584541062802 0.015625 0.07971014492753623
6 0.765625 0.3961352657004831 0.025 0.0966183574879227
6 0.74453125 0.3961352657004831 0.0171875 0.09178743961352658
6 0.9671875 0.38405797101449274 0.021875 0.09178743961352658
6 0.94453125 0.391304347826087 0.0484375 0.09178743961352658
6 0.83359375 0.4142512077294686 0.0109375 0.050724637681159424
9 0.50546875 0.49516908212560384 0.7796875 0.642512077294686
6 0.8546875 0.3973429951690821 0.025 0.08454106280193237
6 0.82265625 0.39855072463768115 0.0140625 0.09178743961352658
6 0.84296875 0.40458937198067635 0.0109375 0.09420289855072464
6 0.16640625 0.38405797101449274 0.0234375 0.05314009661835749
11 0.12578125 0.48188405797101447 0.0421875 0.10869565217391304
6 0.98359375 0.39371980676328505 0.0171875 0.043478260869565216
1 0.59609375 0.2318840579710145 0.0265625 0.08695652173913043
1 0.7734375 0.2246376811594203 0.025 0.0821256038647343
6 0.13515625 0.40942028985507245 0.0296875 0.06521739130434782
