9 0.50078125 0.6559734513274337 0.9953125 0.661504424778761
10 0.9546875 0.5331858407079646 0.090625 0.09734513274336283
6 0.65 0.8241150442477876 0.15 0.3252212389380531
6 0.20234375 0.702433628318584 0.1703125 0.5862831858407079
6 0.43828125 0.6957964601769911 0.1078125 0.5287610619469026
6 0.54453125 0.6084070796460177 0.1484375 0.4026548672566372
6 0.675 0.6139380530973452 0.128125 0.39601769911504425
6 0.39296875 0.7820796460176991 0.1765625 0.4358407079646018
6 0.38984375 0.3805309734513274 0.1671875 0.3584070796460177
6 0.603125 0.4413716814159292 0.078125 0.17035398230088494
6 0.5234375 0.8296460176991151 0.134375 0.30973451327433627
6 0.47890625 0.125 0.2109375 0.24557522123893805
6 0.65859375 0.20464601769911506 0.1859375 0.29867256637168144
10 0.88125 0.504424778761062 0.075 0.048672566371681415
6 0.346875 0.5951327433628318 0.0875 0.24336283185840707
6 0.48671875 0.45464601769911506 0.0765625 0.17920353982300885
6 0.71796875 0.5696902654867256 0.1859375 0.5862831858407079
6 0.5171875 0.3008849557522124 0.18125 0.2610619469026549
