6 0.258875 0.2791666666666667 0.05125 0.111
11 0.24975 0.31733333333333336 0.0915 0.102
10 0.168125 0.24383333333333335 0.12025 0.03833333333333333
16 0.13075 0.134 0.028 0.25866666666666666
6 0.937 0.297 0.09 0.172
11 0.93525 0.3605 0.103 0.233
15 0.367375 0.48083333333333333 0.04425 0.097
15 0.471375 0.441 0.02975 0.086
15 0.546375 0.4078333333333333 0.03625 0.07966666666666666
15 0.599125 0.39 0.02725 0.072
0 0.3345 0.197 0.0715 0.3933333333333333
0 0.52775 0.14916666666666667 0.07 0.169
0 0.596 0.11216666666666666 0.082 0.22366666666666668
0 0.693125 0.1095 0.03275 0.21833333333333332
0 0.762 0.10216666666666667 0.0395 0.20366666666666666
0 0.79225 0.101 0.0285 0.20133333333333334
0 0.8155 0.14066666666666666 0.019 0.12666666666666668
0 0.8445 0.13766666666666666 0.033 0.126
0 0.905125 0.12816666666666668 0.02175 0.129
0 0.95325 0.12583333333333332 0.038 0.12366666666666666
