11 0.2146118721461187 0.8006088280060882 0.17579908675799086 0.3622526636225266
6 0.20205479452054795 0.6643835616438356 0.1963470319634703 0.4703196347031963
3 0.6432648401826484 0.6225266362252664 0.5970319634703196 0.258751902587519
10 0.7968036529680366 0.4756468797564688 0.15753424657534246 0.0898021308980213
9 0.9149543378995434 0.4573820395738204 0.17009132420091325 0.1537290715372907
6 0.8122146118721462 0.8242009132420092 0.3184931506849315 0.3485540334855403
6 0.9355022831050228 0.7686453576864536 0.12899543378995434 0.4200913242009132
6 0.8795662100456622 0.5312024353120244 0.11757990867579908 0.213089802130898
16 0.6558219178082192 0.2838660578386606 0.023972602739726026 0.4216133942161339
14 0.7151826484018264 0.6575342465753424 0.04680365296803653 0.2100456621004566
6 0.519406392694064 0.4368340943683409 0.0182648401826484 0.0669710806697108
16 0.8961187214611872 0.3333333333333333 0.0182648401826484 0.15220700152207
16 0.8202054794520548 0.3828006088280061 0.010273972602739725 0.0898021308980213
14 0.5079908675799086 0.4748858447488584 0.0091324200913242 0.0487062404870624
6 0.3601598173515982 0.4246575342465753 0.017123287671232876 0.060882800608828
16 0.2694063926940639 0.3614916286149163 0.0091324200913242 0.1232876712328767
14 0.4583333333333333 0.4657534246575342 0.007990867579908675 0.060882800608828
1 0.3601598173515982 0.3538812785388128 0.012557077625570776 0.0319634703196347
11 0.25 0.4216133942161339 0.0410958904109589 0.030441400304414
16 0.1050228310502283 0.3371385083713851 0.0091324200913242 0.1689497716894977
16 0.146689497716895 0.3683409436834094 0.007990867579908675 0.1004566210045662
16 0.761986301369863 0.3858447488584475 0.012557077625570776 0.1111111111111111
16 0.3242009132420091 0.3866057838660578 0.01141552511415525 0.1735159817351598
16 0.7768264840182648 0.3729071537290715 0.010273972602739725 0.121765601217656
6 0.3458904109589041 0.4299847792998478 0.0136986301369863 0.0654490106544901
1 0.2756849315068493 0.3523592085235921 0.010273972602739725 0.0258751902587519
14 0.4138127853881279 0.4748858447488584 0.007990867579908675 0.0365296803652968
16 0.017123287671232876 0.3485540334855403 0.0091324200913242 0.106544901065449
16 0.4143835616438356 0.3181126331811263 0.01598173515981735 0.2678843226788432
6 0.2471461187214612 0.410958904109589 0.017123287671232876 0.0395738203957382
16 0.3361872146118721 0.3926940639269406 0.012557077625570776 0.1430745814307458
16 0.07648401826484018 0.3097412480974125 0.0091324200913242 0.2207001522070015
16 0.3527397260273973 0.3744292237442922 0.0091324200913242 0.0943683409436834
14 0.8624429223744292 0.593607305936073 0.023972602739726026 0.0639269406392694
6 0.9440639269406392 0.7686453576864536 0.11187214611872145 0.4018264840182648
16 0.06107305936073059 0.2359208523592085 0.012557077625570776 0.3531202435312024
10 0.5542237442922374 0.4216133942161339 0.08561643835616438 0.0334855403348554
