10 0.28594771241830064 0.3897058823529412 0.06209150326797386 0.03758169934640523
10 0.2181372549019608 0.3839869281045752 0.04411764705882353 0.03594771241830065
9 0.696078431372549 0.37336601307189543 0.5326797385620915 0.3872549019607843
19 0.1968954248366013 0.4591503267973856 0.05392156862745098 0.10457516339869281
10 0.36356209150326796 0.3946078431372549 0.08986928104575163 0.05392156862745098
10 0.17973856209150327 0.37826797385620914 0.0196078431372549 0.014705882352941176
10 0.2630718954248366 0.3799019607843137 0.032679738562091505 0.024509803921568627
10 0.41013071895424835 0.3880718954248366 0.032679738562091505 0.03758169934640523
10 0.049019607843137254 0.42892156862745096 0.026143790849673203 0.03431372549019608
10 0.0923202614379085 0.3790849673202614 0.024509803921568627 0.0196078431372549
6 0.4542483660130719 0.4591503267973856 0.10457516339869281 0.24509803921568626
16 0.13725490196078433 0.2622549019607843 0.032679738562091505 0.42320261437908496
0 0.6740196078431373 0.4934640522875817 0.4362745098039216 0.9379084967320261
2 0.08333333333333333 0.30637254901960786 0.016339869281045753 0.04084967320261438
