10 0.03046875 0.7505854800936768 0.0578125 0.07728337236533958
10 0.47890625 0.5058548009367682 0.0359375 0.02810304449648712
10 0.51328125 0.4929742388758782 0.0359375 0.03044496487119438
10 0.37890625 0.5046838407494145 0.0421875 0.03044496487119438
6 0.04296875 0.9086651053864169 0.0296875 0.1358313817330211
6 0.13359375 0.819672131147541 0.0171875 0.0702576112412178
6 0.17734375 0.8243559718969555 0.0265625 0.10304449648711944
6 0.2828125 0.7540983606557377 0.015625 0.08899297423887588
6 0.3375 0.689695550351288 0.01875 0.0351288056206089
6 0.36796875 0.7072599531615925 0.0203125 0.0702576112412178
6 0.2828125 0.6135831381733021 0.009375 0.05152224824355972
6 0.48046875 0.6510538641686182 0.0109375 0.05620608899297424
6 0.12734375 0.6510538641686182 0.0203125 0.05152224824355972
6 0.675 0.5480093676814989 0.009375 0.0468384074941452
10 0.33203125 0.5140515222482436 0.0484375 0.0351288056206089
6 0.225 0.788056206088993 0.021875 0.09601873536299765
6 0.1921875 0.765807962529274 0.015625 0.08899297423887588
6 0.11015625 0.8911007025761124 0.0359375 0.1288056206088993
16 0.81484375 0.7224824355971897 0.0328125 0.4894613583138173
6 0.0765625 0.8770491803278688 0.034375 0.13348946135831383
6 0.0140625 0.8665105386416861 0.025 0.11241217798594848
6 0.11171875 0.7822014051522248 0.0265625 0.08899297423887588
6 0.1546875 0.7962529274004684 0.028125 0.11241217798594848
6 0.2515625 0.7822014051522248 0.021875 0.10772833723653395
6 0.26875 0.7564402810304449 0.015625 0.08899297423887588
6 0.29765625 0.7423887587822015 0.0234375 0.09836065573770492
6 0.03046875 0.6779859484777517 0.0265625 0.053864168618266976
6 0.05703125 0.6733021077283372 0.0203125 0.053864168618266976
6 0.07265625 0.702576112412178 0.0265625 0.07494145199063232
6 0.06875 0.6592505854800936 0.015625 0.0351288056206089
6 0.14296875 0.6440281030444965 0.0203125 0.05152224824355972
6 0.15234375 0.6451990632318502 0.0171875 0.053864168618266976
6 0.17109375 0.6416861826697893 0.0203125 0.06557377049180328
6 0.18828125 0.6346604215456675 0.0203125 0.05620608899297424
6 0.2546875 0.6018735362997658 0.0125 0.06088992974238876
6 0.26953125 0.6042154566744731 0.0171875 0.06088992974238876
10 0.2640625 0.5538641686182669 0.040625 0.03044496487119438
6 0.86875 0.8641686182669789 0.03125 0.12177985948477751
6 0.5 0.6381733021077284 0.015625 0.06791569086651054
6 0.546875 0.6135831381733021 0.015625 0.05620608899297424
6 0.7 0.5362997658079626 0.015625 0.04215456674473068
6 0.51875 0.6323185011709602 0.01875 0.0702576112412178
6 0.53203125 0.6217798594847775 0.0171875 0.06323185011709602
6 0.6140625 0.5761124121779859 0.0125 0.04215456674473068
6 0.63046875 0.5667447306791569 0.0171875 0.0468384074941452
6 0.58828125 0.5936768149882904 0.0140625 0.04918032786885246
6 0.48046875 0.5573770491803278 0.0171875 0.0468384074941452
6 0.44921875 0.5433255269320844 0.0109375 0.04215456674473068
6 0.50234375 0.5234192037470726 0.0140625 0.03981264637002342
6 0.4640625 0.544496487119438 0.0125 0.04449648711943794
