9 0.0880281690140845 0.54921875 0.06338028169014084 0.0453125
19 0.4835680751173709 0.7953125 0.24882629107981222 0.278125
6 0.7276995305164319 0.6359375 0.25821596244131456 0.415625
6 0.6514084507042254 0.55703125 0.20422535211267606 0.1296875
6 0.36502347417840375 0.55390625 0.06338028169014084 0.1703125
6 0.5293427230046949 0.55859375 0.07276995305164319 0.1703125
6 0.45422535211267606 0.5515625 0.02112676056338028 0.04375
6 0.29460093896713613 0.57109375 0.07746478873239436 0.1140625
6 0.42018779342723006 0.55390625 0.023474178403755867 0.0328125
6 0.8086854460093896 0.52109375 0.09154929577464789 0.1203125
6 0.5140845070422535 0.40703125 0.023474178403755867 0.0421875
6 0.9401408450704225 0.3515625 0.02112676056338028 0.03125
6 0.12910798122065728 0.57890625 0.03286384976525822 0.0421875
6 0.20305164319248825 0.58671875 0.06338028169014084 0.0390625
6 0.1936619718309859 0.5546875 0.0539906103286385 0.0625
6 0.5645539906103286 0.559375 0.025821596244131457 0.046875
6 0.9025821596244131 0.36328125 0.035211267605633804 0.0265625
6 0.613849765258216 0.4234375 0.035211267605633804 0.03125
6 0.5657276995305164 0.4140625 0.028169014084507043 0.025
6 0.3826291079812207 0.3875 0.03755868544600939 0.03125
16 0.812206572769953 0.24296875 0.028169014084507043 0.3484375
