13 0.513375 0.3975 0.14925 0.20166666666666666
6 0.4895 0.24033333333333334 0.041 0.12666666666666668
6 0.420375 0.2455 0.04975 0.14033333333333334
6 0.383125 0.22533333333333333 0.02825 0.04733333333333333
6 0.210375 0.20316666666666666 0.02975 0.077
11 0.08975 0.31633333333333336 0.1005 0.152
6 0.94325 0.21466666666666667 0.021 0.07733333333333334
6 0.050125 0.21 0.01275 0.05
6 0.118 0.21083333333333334 0.015 0.049
16 0.927125 0.13116666666666665 0.02425 0.25633333333333336
0 0.4565 0.18133333333333335 0.042 0.2806666666666667
9 0.92625 0.4045 0.1475 0.25566666666666665
16 0.752375 0.17683333333333334 0.02675 0.2643333333333333
