14 0.8551136363636364 0.6733490566037735 0.05965909090909091 0.5212264150943396
14 0.5106534090909091 0.419811320754717 0.03835227272727273 0.3443396226415094
14 0.3522727272727273 0.30424528301886794 0.028409090909090908 0.2641509433962264
14 0.25639204545454547 0.23702830188679244 0.029829545454545456 0.20518867924528303
14 0.19176136363636365 0.19339622641509435 0.022727272727272728 0.17452830188679244
14 0.12571022727272727 0.14504716981132076 0.02130681818181818 0.1391509433962264
16 0.45667613636363635 0.1721698113207547 0.03835227272727273 0.33962264150943394
10 0.03977272727272727 0.19221698113207547 0.07670454545454546 0.37971698113207547
4 0.6875 0.6533018867924528 0.6221590909090909 0.6037735849056604
0 0.6363636363636364 0.17806603773584906 0.045454545454545456 0.35141509433962265
