13 0.46380208333333334 0.6574074074074074 0.28802083333333334 0.5555555555555556
6 0.68359375 0.2449074074074074 0.049479166666666664 0.14722222222222223
11 0.68515625 0.31342592592592594 0.06822916666666666 0.13240740740740742
11 0.44609375 0.2875 0.1109375 0.1527777777777778
10 0.81171875 0.2064814814814815 0.0578125 0.08518518518518518
10 0.9635416666666666 0.23055555555555557 0.065625 0.1537037037037037
10 0.9763020833333333 0.31712962962962965 0.04739583333333333 0.24351851851851852
10 0.7408854166666666 0.23055555555555557 0.08489583333333334 0.0962962962962963
16 0.34036458333333336 0.19907407407407407 0.034895833333333334 0.38333333333333336
0 0.31145833333333334 0.14583333333333334 0.028125 0.2898148148148148
0 0.48411458333333335 0.1550925925925926 0.04114583333333333 0.2361111111111111
0 0.8479166666666667 0.21712962962962962 0.035416666666666666 0.4324074074074074
0 0.8966145833333333 0.3773148148148148 0.08489583333333334 0.7527777777777778
10 0.6611979166666667 0.24861111111111112 0.13489583333333333 0.12314814814814815
