3 0.5091324200913242 0.7275494672754946 0.9726027397260274 0.5418569254185692
6 0.2728310502283105 0.5121765601217656 0.12100456621004566 0.2480974124809741
6 0.0656392694063927 0.6514459665144596 0.12899543378995434 0.4596651445966514
6 0.8841324200913242 0.6757990867579908 0.1449771689497717 0.6362252663622526
10 0.15011415525114155 0.3721461187214612 0.04680365296803653 0.0410958904109589
9 0.04737442922374429 0.3774733637747336 0.09246575342465753 0.0791476407914764
10 0.1095890410958904 0.3812785388127854 0.04337899543378995 0.0441400304414003
10 0.2009132420091324 0.380517503805175 0.05251141552511415 0.045662100456621
11 0.0930365296803653 0.7336377473363774 0.18378995433789955 0.3987823439878234
0 0.4389269406392694 0.3394216133942161 0.04452054794520548 0.213089802130898
1 0.9257990867579908 0.19254185692541856 0.0365296803652968 0.1141552511415525
6 0.519406392694064 0.4033485540334855 0.02968036529680365 0.1035007610350076
11 0.2505707762557078 0.5989345509893456 0.18378995433789955 0.2602739726027397
6 0.7551369863013698 0.3995433789954338 0.03538812785388128 0.1050228310502283
0 0.785958904109589 0.3432267884322679 0.03538812785388128 0.2359208523592085
8 0.19748858447488585 0.350076103500761 0.06164383561643835 0.0517503805175038
2 0.2711187214611872 0.2595129375951294 0.023972602739726026 0.0654490106544901
6 0.9634703196347032 0.6057838660578386 0.0730593607305936 0.5205479452054794
5 0.2768264840182648 0.30441400304414 0.026255707762557076 0.0273972602739726
6 0.41837899543379 0.395738203957382 0.021689497716894976 0.0791476407914764
2 0.3464611872146119 0.286910197869102 0.017123287671232876 0.0410958904109589
14 0.3772831050228311 0.423896499238965 0.007990867579908675 0.0441400304414003
14 0.4029680365296804 0.4246575342465753 0.0091324200913242 0.0426179604261796
14 0.2950913242009132 0.4117199391171994 0.007990867579908675 0.0350076103500761
14 0.3578767123287671 0.4223744292237443 0.010273972602739725 0.0441400304414003
16 0.3373287671232877 0.3386605783866058 0.014840182648401826 0.1719939117199391
14 0.3424657534246575 0.4178082191780822 0.0091324200913242 0.0380517503805175
14 0.3224885844748858 0.4170471841704718 0.010273972602739725 0.045662100456621
16 0.9480593607305936 0.2496194824961948 0.017123287671232876 0.2526636225266362
3 0.1341324200913242 0.4360730593607306 0.2659817351598174 0.0380517503805175
14 0.3070776255707763 0.4140030441400304 0.0091324200913242 0.0365296803652968
16 0.5496575342465754 0.3584474885844749 0.017123287671232876 0.1872146118721461
16 0.2756849315068493 0.3637747336377473 0.012557077625570776 0.0821917808219178
8 0.2517123287671233 0.350076103500761 0.030821917808219176 0.030441400304414
10 0.24315068493150685 0.3637747336377473 0.02054794520547945 0.0243531202435312
16 0.2694063926940639 0.2480974124809741 0.01598173515981735 0.2526636225266362
14 0.2853881278538813 0.410958904109589 0.00684931506849315 0.0334855403348554
