13 0.91725 0.5533333333333333 0.1655 0.868
15 0.742 0.37133333333333335 0.096 0.146
15 0.663 0.30516666666666664 0.081 0.12966666666666668
15 0.5565 0.24166666666666667 0.0655 0.10533333333333333
6 0.389 0.17483333333333334 0.109 0.347
6 0.28825 0.17183333333333334 0.1195 0.3396666666666667
6 0.123625 0.38166666666666665 0.23975 0.7573333333333333
18 0.881 0.04416666666666667 0.157 0.08233333333333333
4 0.414875 0.782 0.23775 0.2793333333333333
4 0.146 0.9045 0.289 0.191
15 0.348375 0.2175 0.05325 0.101
6 0.1845 0.07816666666666666 0.063 0.15566666666666668
