3 0.5005707762557078 0.7214611872146118 0.9988584474885844 0.5570776255707762
6 0.7083333333333334 0.423896499238965 0.028538812785388126 0.0989345509893455
6 0.625 0.4208523592085236 0.033105022831050226 0.1202435312024353
6 0.7334474885844748 0.4208523592085236 0.026255707762557076 0.0958904109589041
11 0.8807077625570776 0.423896499238965 0.04223744292237443 0.0563165905631659
13 0.3384703196347032 0.4101978691019787 0.033105022831050226 0.0380517503805175
11 0.9320776255707762 0.426179604261796 0.04452054794520548 0.0547945205479452
6 0.680365296803653 0.4246575342465753 0.02511415525114155 0.0882800608828006
11 0.5114155251141552 0.4162861491628615 0.0410958904109589 0.0471841704718417
11 0.8167808219178082 0.4178082191780822 0.033105022831050226 0.0563165905631659
6 0.6518264840182648 0.4155251141552511 0.02054794520547945 0.0821917808219178
16 0.7448630136986302 0.2945205479452055 0.017123287671232876 0.1811263318112633
11 0.773972602739726 0.4193302891933029 0.0410958904109589 0.0502283105022831
0 0.3801369863013699 0.3828006088280061 0.0136986301369863 0.0928462709284627
0 0.1877853881278539 0.3706240487062405 0.014840182648401826 0.1019786910197869
2 0.639269406392694 0.3219178082191781 0.0136986301369863 0.0319634703196347
6 0.5821917808219178 0.4208523592085236 0.0365296803652968 0.1202435312024353
14 0.2916666666666667 0.423896499238965 0.007990867579908675 0.0319634703196347
16 0.8093607305936074 0.3105022831050228 0.01141552511415525 0.1308980213089802
11 0.06906392694063927 0.4003044140030441 0.033105022831050226 0.0395738203957382
16 0.2642694063926941 0.3135464231354642 0.012557077625570776 0.2313546423135464
16 0.3047945205479452 0.3455098934550989 0.01141552511415525 0.1430745814307458
6 0.6027397260273972 0.4193302891933029 0.02054794520547945 0.1050228310502283
16 0.8441780821917808 0.2968036529680365 0.023972602739726026 0.30441400304414
11 0.4240867579908676 0.410958904109589 0.023972602739726026 0.045662100456621
11 0.5507990867579908 0.4155251141552511 0.026255707762557076 0.0487062404870624
11 0.4480593607305936 0.4101978691019787 0.019406392694063926 0.0471841704718417
14 0.3070776255707763 0.4277016742770167 0.00684931506849315 0.0334855403348554
11 0.4046803652968037 0.410958904109589 0.023972602739726026 0.045662100456621
16 0.6455479452054794 0.3394216133942161 0.007990867579908675 0.0821917808219178
14 0.96175799086758 0.4360730593607306 0.007990867579908675 0.0380517503805175
0 0.22602739726027396 0.3439878234398782 0.01141552511415525 0.0700152207001522
10 0.7602739726027398 0.3866057838660578 0.0319634703196347 0.0273972602739726
11 0.4697488584474886 0.4155251141552511 0.019406392694063926 0.0426179604261796
6 0.5679223744292238 0.4071537290715373 0.019406392694063926 0.0837138508371385
12 0.9942922374429224 0.4216133942161339 0.01141552511415525 0.030441400304414
6 0.24143835616438356 0.3820395738203957 0.014840182648401826 0.0426179604261796
6 0.7517123287671232 0.4216133942161339 0.021689497716894976 0.0700152207001522
10 0.8019406392694064 0.3789954337899543 0.05365296803652968 0.030441400304414
1 0.2779680365296804 0.167427701674277 0.028538812785388126 0.0730593607305936
