3 0.5296803652968036 0.7229832572298326 0.9337899543378996 0.5509893455098934
9 0.7876712328767124 0.3713850837138508 0.319634703196347 0.1948249619482496
16 0.12271689497716895 0.2207001522070015 0.04452054794520548 0.4322678843226788
6 0.4269406392694064 0.4185692541856925 0.0319634703196347 0.1400304414003044
6 0.3162100456621005 0.4299847792998478 0.0410958904109589 0.1445966514459665
6 0.05365296803652968 0.4505327245053272 0.0684931506849315 0.167427701674277
6 0.3932648401826484 0.4216133942161339 0.030821917808219176 0.1308980213089802
1 0.797945205479452 0.06925418569254185 0.0319634703196347 0.1141552511415525
6 0.2631278538812785 0.4193302891933029 0.03538812785388128 0.1171993911719939
16 0.08276255707762557 0.2853881278538813 0.033105022831050226 0.2907153729071537
6 0.54337899543379 0.4056316590563166 0.0365296803652968 0.1141552511415525
0 0.4988584474885845 0.3165905631659056 0.02054794520547945 0.1552511415525114
11 0.0547945205479452 0.4984779299847793 0.05251141552511415 0.0898021308980213
6 0.5570776255707762 0.3721461187214612 0.0228310502283105 0.0624048706240487
16 0.9720319634703196 0.2161339421613394 0.023972602739726026 0.3592085235920852
2 0.23059360730593606 0.2945205479452055 0.01598173515981735 0.0380517503805175
16 0.2197488584474886 0.3439878234398782 0.019406392694063926 0.182648401826484
6 0.2882420091324201 0.4185692541856925 0.023972602739726026 0.1156773211567732
10 0.980593607305936 0.4048706240487062 0.03881278538812785 0.091324200913242
16 0.9195205479452054 0.14079147640791476 0.017123287671232876 0.2754946727549467
7 0.5496575342465754 0.4193302891933029 0.07191780821917808 0.0563165905631659
0 0.3287671232876712 0.3356164383561644 0.01598173515981735 0.1050228310502283
16 0.7334474885844748 0.197869101978691 0.014840182648401826 0.182648401826484
16 0.01598173515981735 0.3455098934550989 0.02054794520547945 0.1339421613394216
16 0.07191780821917808 0.3432267884322679 0.0182648401826484 0.1476407914764079
16 0.02968036529680365 0.3439878234398782 0.01598173515981735 0.1126331811263318
0 0.3892694063926941 0.319634703196347 0.0136986301369863 0.0791476407914764
0 0.7128995433789954 0.256468797564688 0.019406392694063926 0.0837138508371385
