5 0.7916666666666666 0.71015625 0.041666666666666664 0.0296875
8 0.525 0.74296875 0.5083333333333333 0.0984375
10 0.051041666666666666 0.76796875 0.09791666666666667 0.0578125
6 0.9802083333333333 0.7703125 0.03958333333333333 0.11875
8 0.9041666666666667 0.73984375 0.14583333333333334 0.0953125
5 0.33541666666666664 0.74375 0.020833333333333332 0.015625
16 0.5166666666666667 0.3515625 0.058333333333333334 0.596875
16 0.128125 0.5984375 0.03125 0.11875
16 0.05520833333333333 0.5640625 0.04375 0.346875
16 0.6010416666666667 0.5828125 0.03125 0.221875
19 0.24270833333333333 0.7765625 0.022916666666666665 0.025
10 0.021875 0.7765625 0.03958333333333333 0.053125
