3 0.5005707762557078 0.7298325722983258 0.9988584474885844 0.5403348554033486
9 0.1341324200913242 0.3584474885844749 0.2659817351598174 0.4124809741248097
10 0.6027397260273972 0.5038051750380518 0.5251141552511416 0.2404870624048706
11 0.8938356164383562 0.8074581430745814 0.2100456621004566 0.3820395738203957
1 0.5861872146118722 0.273972602739726 0.019406392694063926 0.0517503805175038
6 0.4006849315068493 0.410958904109589 0.0502283105022831 0.1004566210045662
16 0.7676940639269406 0.2176560121765601 0.033105022831050226 0.395738203957382
1 0.4069634703196347 0.18188736681887366 0.019406392694063926 0.0624048706240487
11 0.3955479452054795 0.4398782343987823 0.11757990867579908 0.0943683409436834
1 0.3207762557077626 0.17884322678843226 0.0182648401826484 0.0624048706240487
16 0.5468036529680366 0.1948249619482496 0.0228310502283105 0.380517503805175
6 0.4668949771689498 0.3896499238964992 0.0182648401826484 0.0700152207001522
1 0.4863013698630137 0.2572298325722983 0.01598173515981735 0.060882800608828
6 0.4355022831050228 0.3789954337899543 0.017123287671232876 0.060882800608828
16 0.7214611872146118 0.3508371385083714 0.01141552511415525 0.0958904109589041
10 0.3304794520547945 0.3607305936073059 0.033105022831050226 0.0273972602739726
11 0.9343607305936074 0.4360730593607306 0.033105022831050226 0.0684931506849315
6 0.5034246575342466 0.3904109589041096 0.0182648401826484 0.0776255707762557
10 0.29337899543379 0.3599695585996956 0.04337899543378995 0.0380517503805175
16 0.5759132420091324 0.3181126331811263 0.012557077625570776 0.136986301369863
11 0.8350456621004566 0.4269406392694064 0.026255707762557076 0.0624048706240487
6 0.6546803652968036 0.3774733637747336 0.021689497716894976 0.0213089802130898
6 0.4805936073059361 0.3828006088280061 0.0136986301369863 0.0624048706240487
11 0.3082191780821918 0.3774733637747336 0.01598173515981735 0.0273972602739726
10 0.273972602739726 0.3599695585996956 0.0182648401826484 0.0350076103500761
10 0.3738584474885845 0.3561643835616438 0.014840182648401826 0.0213089802130898
6 0.3082191780821918 0.3599695585996956 0.0136986301369863 0.0350076103500761
6 0.4189497716894977 0.3691019786910198 0.0182648401826484 0.0502283105022831
16 0.4948630136986301 0.3637747336377473 0.012557077625570776 0.1035007610350076
10 0.3898401826484018 0.3561643835616438 0.019406392694063926 0.0182648401826484
11 0.805365296803653 0.4269406392694064 0.028538812785388126 0.0563165905631659
11 0.8715753424657534 0.4269406392694064 0.04908675799086758 0.0745814307458143
9 0.3504566210045662 0.3531202435312024 0.03424657534246575 0.0426179604261796
10 0.3304794520547945 0.3622526636225266 0.028538812785388126 0.030441400304414
6 0.7682648401826484 0.3858447488584475 0.02511415525114155 0.0776255707762557
