10 0.67890625 0.6838407494145199 0.0734375 0.05152224824355972
6 0.77578125 0.6932084309133489 0.0171875 0.07962529274004684
6 0.79296875 0.6920374707259953 0.0203125 0.08196721311475409
6 0.58984375 0.7037470725995316 0.0359375 0.1053864168618267
6 0.86484375 0.680327868852459 0.0203125 0.06323185011709602
6 0.159375 0.7096018735362998 0.034375 0.11241217798594848
10 0.175 0.6756440281030445 0.021875 0.02107728337236534
10 0.2890625 0.7072599531615925 0.21875 0.117096018735363
6 0.1375 0.6967213114754098 0.021875 0.11475409836065574
16 0.83203125 0.550351288056206 0.0265625 0.34660421545667447
13 0.95390625 0.6978922716627635 0.0828125 0.08430913348946135
13 0.5671875 0.7599531615925058 0.053125 0.11943793911007025
13 0.43125 0.6838407494145199 0.021875 0.03278688524590164
0 0.37265625 0.6323185011709602 0.0390625 0.4168618266978923
0 0.25546875 0.5901639344262295 0.0515625 0.3840749414519906
0 0.1109375 0.6147540983606558 0.05 0.49414519906323184
0 0.0515625 0.5796252927400468 0.046875 0.4379391100702576
0 0.89921875 0.6135831381733021 0.0296875 0.15456674473067916
0 0.703125 0.5960187353629977 0.015625 0.14285714285714285
0 0.62109375 0.4718969555035129 0.0796875 0.9391100702576113
19 0.80625 0.6967213114754098 0.015625 0.04449648711943794
