12 0.9760416666666667 0.6486111111111111 0.04791666666666667 0.2324074074074074
12 0.8065104166666667 0.31157407407407406 0.015104166666666667 0.04537037037037037
12 0.65 0.3824074074074074 0.028125 0.09444444444444444
12 0.6513020833333333 0.4462962962962963 0.034895833333333334 0.03333333333333333
12 0.6440104166666667 0.30833333333333335 0.0109375 0.037037037037037035
12 0.5109375 0.39814814814814814 0.028125 0.09444444444444444
12 0.5013020833333334 0.37453703703703706 0.013020833333333334 0.06388888888888888
12 0.4036458333333333 0.3819444444444444 0.01875 0.06388888888888888
12 0.3807291666666667 0.35138888888888886 0.010416666666666666 0.03796296296296296
12 0.28984375 0.3523148148148148 0.009895833333333333 0.03611111111111111
12 0.24036458333333333 0.3726851851851852 0.0109375 0.041666666666666664
15 0.22526041666666666 0.4361111111111111 0.03697916666666667 0.07222222222222222
16 0.2752604166666667 0.39305555555555555 0.0171875 0.1675925925925926
6 0.15703125 0.3375 0.027604166666666666 0.058333333333333334
15 0.10234375 0.4388888888888889 0.03802083333333333 0.07037037037037037
6 0.05546875 0.3523148148148148 0.022395833333333334 0.11203703703703703
0 0.4510416666666667 0.5273148148148148 0.06145833333333333 0.7231481481481481
0 0.33619791666666665 0.4074074074074074 0.0359375 0.387037037037037
0 0.2518229166666667 0.38055555555555554 0.028645833333333332 0.24259259259259258
16 0.31302083333333336 0.26064814814814813 0.022916666666666665 0.2824074074074074
