0 0.7363970588235295 0.10098039215686275 0.04044117647058824 0.2
0 0.9283088235294118 0.11813725490196078 0.0625 0.23431372549019608
0 0.6511029411764706 0.10637254901960784 0.016911764705882352 0.11470588235294117
8 0.9169117647058823 0.10441176470588236 0.16323529411764706 0.14215686274509803
10 0.6841911764705882 0.15343137254901962 0.0625 0.026470588235294117
6 0.6408088235294118 0.19950980392156864 0.03602941176470588 0.10098039215686275
11 0.4676470588235294 0.2019607843137255 0.04264705882352941 0.056862745098039215
10 0.8253676470588235 0.1588235294117647 0.07867647058823529 0.043137254901960784
11 0.6419117647058824 0.23039215686274508 0.041176470588235294 0.1
6 0.5191176470588236 0.17990196078431372 0.022058823529411766 0.05392156862745098
10 0.9261029411764706 0.1553921568627451 0.10661764705882353 0.06764705882352941
11 0.5566176470588236 0.19901960784313724 0.01911764705882353 0.045098039215686274
0 0.425 0.17598039215686276 0.033823529411764704 0.2088235294117647
6 0.5577205882352941 0.17058823529411765 0.019852941176470587 0.0392156862745098
0 0.6102941176470589 0.1 0.016176470588235296 0.1392156862745098
6 0.4904411764705882 0.16470588235294117 0.010294117647058823 0.027450980392156862
11 0.4915441176470588 0.1730392156862745 0.022794117647058822 0.020588235294117647
4 0.5577205882352941 0.6524509803921569 0.1786764705882353 0.6950980392156862
6 0.631985294117647 0.17450980392156862 0.015441176470588236 0.03529411764705882
10 0.5470588235294118 0.17450980392156862 0.05588235294117647 0.041176470588235294
11 0.5198529411764706 0.19607843137254902 0.01911764705882353 0.043137254901960784
