3 0.5542237442922374 0.6681887366818874 0.8915525114155252 0.6605783866057838
10 0.8110730593607306 0.3310502283105023 0.3184931506849315 0.1841704718417047
0 0.0839041095890411 0.256468797564688 0.030821917808219176 0.1385083713850837
0 0.3007990867579909 0.2557077625570776 0.021689497716894976 0.1278538812785388
16 0.15182648401826485 0.23972602739726026 0.01598173515981735 0.1750380517503805
1 0.158675799086758 0.18797564687975646 0.01598173515981735 0.0410958904109589
13 0.4115296803652968 0.3074581430745814 0.021689497716894976 0.0365296803652968
0 0.1906392694063927 0.2602739726027397 0.01598173515981735 0.091324200913242
0 0.4606164383561644 0.2656012176560122 0.014840182648401826 0.1171993911719939
0 0.9297945205479452 0.2610350076103501 0.019406392694063926 0.0715372907153729
16 0.521689497716895 0.256468797564688 0.01141552511415525 0.1202435312024353
0 0.9817351598173516 0.2732115677321157 0.0182648401826484 0.0837138508371385
0 0.5884703196347032 0.2724505327245053 0.017123287671232876 0.1126331811263318
10 0.2391552511415525 0.289193302891933 0.04680365296803653 0.0334855403348554
16 0.4480593607305936 0.1643835616438356 0.017123287671232876 0.3257229832572298
0 0.3504566210045662 0.2633181126331811 0.0136986301369863 0.0882800608828006
0 0.6210045662100456 0.2671232876712329 0.01598173515981735 0.0745814307458143
3 0.9823059360730594 0.3432267884322679 0.03538812785388128 0.0289193302891933
0 0.3190639269406393 0.2503805175038052 0.012557077625570776 0.1171993911719939
0 0.4269406392694064 0.2678843226788432 0.0136986301369863 0.0791476407914764
