6 0.3578125 0.7166666666666667 0.146875 0.5666666666666667
6 0.5234375 0.54375 0.125 0.19166666666666668
6 0.471875 0.6302083333333334 0.1125 0.19791666666666666
6 0.5609375 0.6479166666666667 0.084375 0.2916666666666667
16 0.9578125 0.321875 0.0625 0.6395833333333333
11 0.4171875 0.7854166666666667 0.440625 0.4
11 0.62578125 0.7291666666666666 0.1671875 0.325
16 0.46328125 0.26979166666666665 0.0359375 0.5354166666666667
10 0.97734375 0.58125 0.0453125 0.07916666666666666
1 0.9265625 0.4583333333333333 0.028125 0.03333333333333333
