3 0.4994292237442922 0.6993911719939118 0.9965753424657534 0.6012176560121766
10 0.8898401826484018 0.3645357686453577 0.22031963470319635 0.1324200913242009
6 0.3601598173515982 0.4528158295281583 0.09703196347031963 0.2633181126331811
11 0.2562785388127854 0.4132420091324201 0.04452054794520548 0.0928462709284627
11 0.13470319634703196 0.4056316590563166 0.045662100456621 0.0806697108066971
16 0.3110730593607306 0.19101978691019786 0.03767123287671233 0.3759512937595129
6 0.4617579908675799 0.34779299847793 0.023972602739726026 0.0867579908675799
16 0.5884703196347032 0.1917808219178082 0.019406392694063926 0.3774733637747336
16 0.8841324200913242 0.1598173515981735 0.023972602739726026 0.3165905631659056
16 0.22488584474885845 0.2526636225266362 0.0273972602739726 0.2313546423135464
2 0.19863013698630136 0.2085235920852359 0.0182648401826484 0.0426179604261796
6 0.6672374429223744 0.334855403348554 0.023972602739726026 0.0852359208523592
6 0.20662100456621005 0.3599695585996956 0.02511415525114155 0.0654490106544901
2 0.3110730593607306 0.2633181126331811 0.017123287671232876 0.0334855403348554
10 0.07191780821917808 0.3462709284627093 0.03424657534246575 0.0289193302891933
6 0.2557077625570776 0.3675799086757991 0.045662100456621 0.0776255707762557
0 0.6484018264840182 0.2747336377473364 0.0136986301369863 0.0684931506849315
0 0.9920091324200914 0.2595129375951294 0.0136986301369863 0.0715372907153729
16 0.7442922374429224 0.3135464231354642 0.0091324200913242 0.1278538812785388
16 0.797945205479452 0.21841704718417046 0.01598173515981735 0.2876712328767123
6 0.10102739726027397 0.3531202435312024 0.021689497716894976 0.045662100456621
11 0.1004566210045662 0.3797564687975647 0.02054794520547945 0.0410958904109589
11 0.2089041095890411 0.3820395738203957 0.0228310502283105 0.0426179604261796
6 0.14726027397260275 0.3592085235920852 0.02511415525114155 0.0669710806697108
6 0.023401826484018264 0.3843226788432268 0.03767123287671233 0.0958904109589041
11 0.2876712328767123 0.3797564687975647 0.03424657534246575 0.0441400304414003
6 0.3110730593607306 0.3462709284627093 0.014840182648401826 0.0654490106544901
11 0.02511415525114155 0.530441400304414 0.04794520547945205 0.2085235920852359
1 0.18093607305936074 0.2100456621004566 0.014840182648401826 0.045662100456621
10 0.030251141552511414 0.3584474885844749 0.05136986301369863 0.0410958904109589
3 0.16666666666666666 0.4025875190258752 0.3036529680365297 0.0319634703196347
7 0.02968036529680365 0.4345509893455099 0.04794520547945205 0.0715372907153729
10 0.16095890410958905 0.3386605783866058 0.02511415525114155 0.0197869101978691
6 0.12728310502283105 0.3546423135464231 0.030821917808219176 0.0395738203957382
16 0.9486301369863014 0.2534246575342466 0.01141552511415525 0.0867579908675799
16 0.759703196347032 0.302130898021309 0.007990867579908675 0.0867579908675799
6 0.3321917808219178 0.334855403348554 0.01141552511415525 0.0395738203957382
10 0.10159817351598173 0.3523592085235921 0.02511415525114155 0.0441400304414003
16 0.3036529680365297 0.2975646879756469 0.0136986301369863 0.1476407914764079
16 0.2454337899543379 0.2990867579908676 0.01141552511415525 0.0654490106544901
0 0.569634703196347 0.2983257229832572 0.0091324200913242 0.0578386605783866
0 0.5462328767123288 0.2952815829528158 0.010273972602739725 0.0578386605783866
0 0.4863013698630137 0.3143074581430746 0.01141552511415525 0.0441400304414003
6 0.2888127853881279 0.3523592085235921 0.02054794520547945 0.0502283105022831
6 0.3904109589041096 0.4193302891933029 0.05707762557077625 0.2298325722983257
