6 0.26176470588235295 0.04485294117647059 0.056862745098039215 0.08823529411764706
11 0.6642156862745098 0.033455882352941176 0.05588235294117647 0.04926470588235294
10 0.33088235294117646 0.01838235294117647 0.04411764705882353 0.033823529411764704
7 0.26715686274509803 0.07977941176470588 0.03823529411764706 0.06691176470588235
7 0.02303921568627451 0.03455882352941177 0.04411764705882353 0.03529411764705882
11 0.48970588235294116 0.04632352941176471 0.04215686274509804 0.04264705882352941
3 0.5558823529411765 0.22536764705882353 0.888235294117647 0.19044117647058822
16 0.18088235294117647 0.01911764705882353 0.020588235294117647 0.03676470588235294
0 0.1034313725490196 0.021323529411764706 0.026470588235294117 0.041176470588235294
11 0.075 0.028308823529411765 0.03823529411764706 0.03897058823529412
11 0.9607843137254902 0.075 0.0784313725490196 0.08823529411764706
10 0.40490196078431373 0.010294117647058823 0.03333333333333333 0.01911764705882353
15 0.44019607843137254 0.44669117647058826 0.10392156862745099 0.10514705882352941
15 0.9220588235294118 0.39080882352941176 0.10294117647058823 0.10220588235294117
4 0.8318627450980393 0.8716911764705882 0.32450980392156864 0.2566176470588235
4 0.21568627450980393 0.6922794117647059 0.4294117647058823 0.14191176470588235
4 0.4519607843137255 0.47205882352941175 0.9019607843137255 0.19705882352941176
16 0.9431372549019608 0.059926470588235296 0.047058823529411764 0.11838235294117647
15 0.9058823529411765 0.11029411764705882 0.03333333333333333 0.026470588235294117
15 0.509313725490196 0.1036764705882353 0.024509803921568627 0.020588235294117647
15 0.6411764705882353 0.10477941176470588 0.025490196078431372 0.030147058823529412
15 0.7745098039215687 0.10588235294117647 0.029411764705882353 0.025
4 0.5730392156862745 0.10808823529411765 0.04019607843137255 0.03529411764705882
6 0.5740196078431372 0.01948529411764706 0.014705882352941176 0.0375
10 0.37254901960784315 0.022058823529411766 0.06666666666666667 0.039705882352941174
11 0.36470588235294116 0.05330882352941176 0.049019607843137254 0.04926470588235294
15 0.4166666666666667 0.08639705882352941 0.0196078431372549 0.022794117647058822
15 0.4019607843137255 0.07830882352941176 0.0196078431372549 0.022794117647058822
