11 0.7134703196347032 0.5768645357686454 0.1643835616438356 0.1552511415525114
3 0.7100456621004566 0.6377473363774734 0.5799086757990868 0.2222222222222222
6 0.723744292237443 0.5319634703196348 0.0821917808219178 0.1750380517503805
1 0.17180365296803654 0.19710806697108066 0.026255707762557076 0.0837138508371385
2 0.6592465753424658 0.11796042617960426 0.030821917808219176 0.1232876712328767
6 0.4212328767123288 0.4611872146118721 0.02968036529680365 0.0943683409436834
16 0.5970319634703196 0.3729071537290715 0.0228310502283105 0.3013698630136986
1 0.1969178082191781 0.19710806697108066 0.026255707762557076 0.0837138508371385
1 0.5878995433789954 0.3302891933028919 0.02054794520547945 0.0487062404870624
0 0.9394977168949772 0.4185692541856925 0.03424657534246575 0.1735159817351598
6 0.3949771689497717 0.4657534246575342 0.0228310502283105 0.0852359208523592
14 0.5667808219178082 0.4961948249619482 0.010273972602739725 0.0517503805175038
0 0.7539954337899544 0.4452054794520548 0.023972602739726026 0.1324200913242009
16 0.2962328767123288 0.3554033485540335 0.019406392694063926 0.2754946727549467
16 0.8601598173515982 0.4505327245053272 0.014840182648401826 0.1613394216133942
16 0.3156392694063927 0.2914764079147641 0.019406392694063926 0.4094368340943683
14 0.4942922374429224 0.4908675799086758 0.01141552511415525 0.0593607305936073
14 0.3396118721461187 0.4878234398782344 0.010273972602739725 0.0532724505327245
6 0.22659817351598174 0.4315068493150685 0.010273972602739725 0.0289193302891933
3 0.13812785388127855 0.5076103500761036 0.273972602739726 0.0441400304414003
14 0.3144977168949772 0.4832572298325723 0.010273972602739725 0.0532724505327245
5 0.13070776255707764 0.23820395738203956 0.030821917808219176 0.0441400304414003
