12 0.9635416666666666 0.34814814814814815 0.020833333333333332 0.07777777777777778
12 0.68125 0.3541666666666667 0.019791666666666666 0.06388888888888888
12 0.66484375 0.35324074074074074 0.015104166666666667 0.06388888888888888
12 0.67578125 0.4740740740740741 0.0546875 0.1814814814814815
16 0.4861979166666667 0.28564814814814815 0.011979166666666667 0.17685185185185184
12 0.37213541666666666 0.37222222222222223 0.0171875 0.06111111111111111
12 0.34453125 0.34629629629629627 0.0140625 0.04259259259259259
12 0.23125 0.3333333333333333 0.007291666666666667 0.025925925925925925
12 0.19765625 0.3384259259259259 0.008854166666666666 0.025
12 0.18489583333333334 0.350462962962963 0.0125 0.03981481481481482
12 0.18072916666666666 0.475 0.036458333333333336 0.11666666666666667
12 0.08932291666666667 0.5601851851851852 0.049479166666666664 0.15
12 0.0375 0.35324074074074074 0.009375 0.03425925925925926
0 0.5713541666666667 0.2671296296296296 0.035416666666666666 0.19537037037037036
12 0.5393229166666667 0.34629629629629627 0.0140625 0.05185185185185185
0 0.7588541666666667 0.26435185185185184 0.020833333333333332 0.21574074074074073
