3 0.5005707762557078 0.5905631659056316 0.9988584474885844 0.8127853881278538
9 0.3436073059360731 0.03424657534246575 0.2054794520547945 0.0654490106544901
0 0.4594748858447489 0.05707762557077625 0.021689497716894976 0.1111111111111111
16 0.615296803652968 0.07838660578386605 0.02054794520547945 0.1537290715372907
0 0.639269406392694 0.05555555555555555 0.0228310502283105 0.1080669710806697
10 0.13470319634703196 0.04794520547945205 0.09360730593607305 0.0532724505327245
0 0.7049086757990868 0.0395738203957382 0.017123287671232876 0.076103500761035
0 0.8938356164383562 0.0334855403348554 0.0182648401826484 0.0639269406392694
0 0.5810502283105022 0.04033485540334855 0.01598173515981735 0.0776255707762557
0 0.08447488584474885 0.0380517503805175 0.02054794520547945 0.0730593607305936
0 0.9457762557077626 0.0380517503805175 0.019406392694063926 0.0730593607305936
10 0.030251141552511414 0.04794520547945205 0.05821917808219178 0.0502283105022831
0 0.5656392694063926 0.0350076103500761 0.017123287671232876 0.0669710806697108
16 0.19463470319634704 0.0837138508371385 0.03995433789954338 0.1643835616438356
0 0.3344748858447489 0.0350076103500761 0.02054794520547945 0.0669710806697108
0 0.06335616438356165 0.03729071537290715 0.019406392694063926 0.0715372907153729
0 0.8498858447488584 0.03272450532724505 0.014840182648401826 0.0624048706240487
10 0.08276255707762557 0.04946727549467275 0.08561643835616438 0.0502283105022831
0 0.511986301369863 0.045662100456621 0.017123287671232876 0.0882800608828006
16 0.9315068493150684 0.0395738203957382 0.0136986301369863 0.076103500761035
