14 0.3151041666666667 0.8217592592592593 0.10104166666666667 0.35648148148148145
14 0.7294270833333333 0.8138888888888889 0.10260416666666666 0.3592592592592593
6 0.7653645833333333 0.30833333333333335 0.07447916666666667 0.30925925925925923
16 0.7302083333333333 0.20694444444444443 0.025 0.4064814814814815
16 0.55390625 0.2111111111111111 0.008854166666666666 0.2037037037037037
11 0.44609375 0.3337962962962963 0.03802083333333333 0.06574074074074074
6 0.4466145833333333 0.30787037037037035 0.03177083333333333 0.09537037037037037
6 0.42421875 0.3023148148148148 0.015104166666666667 0.062037037037037036
10 0.3109375 0.30324074074074076 0.036458333333333336 0.04351851851851852
10 0.34296875 0.3037037037037037 0.027604166666666666 0.03333333333333333
18 0.23619791666666667 0.30787037037037035 0.11614583333333334 0.14166666666666666
10 0.41354166666666664 0.29583333333333334 0.011458333333333333 0.01574074074074074
10 0.38776041666666666 0.29814814814814816 0.021354166666666667 0.027777777777777776
3 0.28567708333333336 0.49953703703703706 0.5703125 0.1287037037037037
3 0.43802083333333336 0.3787037037037037 0.27708333333333335 0.12037037037037036
