10 0.7837239583333333 0.24699074074074073 0.4158854166666667 0.3439814814814815
12 0.5135416666666667 0.611574074074074 0.09895833333333333 0.29907407407407405
12 0.288671875 0.3578703703703704 0.05182291666666667 0.1425925925925926
12 0.49921875 0.21296296296296297 0.016145833333333335 0.05
12 0.44388020833333336 0.19814814814814816 0.01640625 0.04259259259259259
12 0.21302083333333333 0.2849537037037037 0.035416666666666666 0.09583333333333334
12 0.16614583333333333 0.23726851851851852 0.021875 0.06898148148148148
12 0.121875 0.2013888888888889 0.021875 0.05740740740740741
12 0.097265625 0.17777777777777778 0.015364583333333333 0.04259259259259259
10 0.221875 0.1414351851851852 0.07083333333333333 0.07546296296296297
9 0.193359375 0.09675925925925925 0.06328125 0.06574074074074074
11 0.27955729166666665 0.1789351851851852 0.03828125 0.10416666666666667
6 0.27486979166666664 0.15 0.027864583333333335 0.1111111111111111
8 0.34427083333333336 0.10439814814814814 0.11458333333333333 0.13935185185185187
12 0.31328125 0.16203703703703703 0.009895833333333333 0.02962962962962963
12 0.36861979166666664 0.17916666666666667 0.012239583333333333 0.03425925925925926
10 0.558984375 0.16157407407407406 0.07526041666666666 0.06481481481481481
10 0.47369791666666666 0.15162037037037038 0.0484375 0.059722222222222225
10 0.43463541666666666 0.1502314814814815 0.0390625 0.06527777777777778
11 0.40768229166666664 0.1673611111111111 0.04765625 0.05787037037037037
6 0.4083333333333333 0.1474537037037037 0.015625 0.0699074074074074
6 0.068359375 0.025694444444444443 0.013802083333333333 0.050462962962962966
9 0.05625 0.05949074074074074 0.058333333333333334 0.059722222222222225
9 0.55390625 0.11412037037037037 0.13958333333333334 0.12268518518518519
8 0.14856770833333333 0.08032407407407408 0.02890625 0.03287037037037037
11 0.15364583333333334 0.12569444444444444 0.0125 0.034722222222222224
11 0.14166666666666666 0.12916666666666668 0.016666666666666666 0.040740740740740744
11 0.12760416666666666 0.12199074074074075 0.013020833333333334 0.038425925925925926
6 0.12643229166666667 0.10486111111111111 0.009114583333333334 0.014351851851851852
10 0.259765625 0.12106481481481482 0.027864583333333335 0.04490740740740741
6 0.9444010416666667 0.17754629629629629 0.023697916666666666 0.07175925925925926
0 0.9548177083333333 0.10185185185185185 0.02734375 0.20277777777777778
6 0.14049479166666667 0.10694444444444444 0.013802083333333333 0.025925925925925925
6 0.15299479166666666 0.10717592592592592 0.009114583333333334 0.02175925925925926
