3 0.3955479452054795 0.713089802130898 0.7888127853881278 0.5707762557077626
16 0.7317351598173516 0.2800608828006088 0.0228310502283105 0.2800608828006088
14 0.930365296803653 0.3729071537290715 0.0228310502283105 0.0821917808219178
2 0.4982876712328767 0.1750380517503805 0.019406392694063926 0.060882800608828
16 0.24942922374429224 0.19254185692541856 0.03538812785388128 0.3820395738203957
10 0.01997716894977169 0.3386605783866058 0.03767123287671233 0.0563165905631659
16 0.4891552511415525 0.2777777777777778 0.017123287671232876 0.2785388127853881
14 0.8133561643835616 0.3607305936073059 0.019406392694063926 0.0882800608828006
2 0.2990867579908676 0.20624048706240486 0.0136986301369863 0.0410958904109589
2 0.285958904109589 0.20776255707762556 0.014840182648401826 0.0410958904109589
0 0.4160958904109589 0.2815829528158295 0.017123287671232876 0.1856925418569254
16 0.2420091324200913 0.3006088280060883 0.02054794520547945 0.1628614916286149
5 0.22945205479452055 0.19406392694063926 0.02054794520547945 0.0532724505327245
9 0.285958904109589 0.2945205479452055 0.09931506849315068 0.0471841704718417
