3 0.6295662100456622 0.7465753424657534 0.7408675799086758 0.5068493150684932
10 0.8373287671232876 0.4429223744292237 0.1952054794520548 0.1035007610350076
6 0.6312785388127854 0.6202435312024354 0.1004566210045662 0.3668188736681887
10 0.6381278538812786 0.4596651445966514 0.1643835616438356 0.076103500761035
6 0.4275114155251142 0.4596651445966514 0.023972602739726026 0.0791476407914764
10 0.3424657534246575 0.4512937595129376 0.0776255707762557 0.0532724505327245
6 0.5422374429223744 0.4581430745814307 0.01598173515981735 0.0669710806697108
10 0.968607305936073 0.4375951293759513 0.06278538812785388 0.0654490106544901
6 0.3829908675799087 0.4627092846270928 0.019406392694063926 0.0730593607305936
1 0.0884703196347032 0.3066971080669711 0.014840182648401826 0.0410958904109589
6 0.2779680365296804 0.4710806697108067 0.021689497716894976 0.0745814307458143
6 0.4497716894977169 0.4604261796042618 0.02054794520547945 0.0776255707762557
6 0.4697488584474886 0.4604261796042618 0.021689497716894976 0.0776255707762557
16 0.9389269406392694 0.3554033485540335 0.017123287671232876 0.1476407914764079
6 0.4001141552511416 0.4581430745814307 0.019406392694063926 0.0669710806697108
6 0.23059360730593606 0.45662100456621 0.0182648401826484 0.060882800608828
10 0.273972602739726 0.4467275494672755 0.08447488584474885 0.0563165905631659
6 0.559931506849315 0.4512937595129376 0.019406392694063926 0.0745814307458143
2 0.02226027397260274 0.3059360730593607 0.014840182648401826 0.0426179604261796
16 0.6301369863013698 0.3523592085235921 0.01598173515981735 0.1476407914764079
6 0.4994292237442922 0.4535768645357686 0.017123287671232876 0.0669710806697108
10 0.028538812785388126 0.45662100456621 0.0365296803652968 0.0334855403348554
16 0.18664383561643835 0.2663622526636225 0.026255707762557076 0.4322678843226788
2 0.11244292237442922 0.3059360730593607 0.014840182648401826 0.0365296803652968
10 0.4971461187214612 0.4337899543378995 0.04680365296803653 0.0426179604261796
10 0.75 0.4284627092846271 0.07990867579908675 0.0441400304414003
2 0.4046803652968037 0.3828006088280061 0.012557077625570776 0.0319634703196347
6 0.7094748858447488 0.4284627092846271 0.017123287671232876 0.0350076103500761
16 0.1541095890410959 0.3774733637747336 0.0182648401826484 0.1856925418569254
8 0.2511415525114155 0.410958904109589 0.05251141552511415 0.0273972602739726
16 0.579337899543379 0.2960426179604262 0.017123287671232876 0.3120243531202435
14 0.3664383561643836 0.4824961948249619 0.00684931506849315 0.0334855403348554
3 0.05707762557077625 0.4908675799086758 0.11187214611872145 0.0228310502283105
16 0.2106164383561644 0.3828006088280061 0.019406392694063926 0.1933028919330289
14 0.3224885844748858 0.4824961948249619 0.005707762557077625 0.030441400304414
14 0.9657534246575342 0.4771689497716895 0.0091324200913242 0.0471841704718417
16 0.2791095890410959 0.3234398782343988 0.010273972602739725 0.1506849315068493
11 0.526255707762557 0.4733637747336377 0.0365296803652968 0.0395738203957382
16 0.1449771689497717 0.4063926940639269 0.01598173515981735 0.1278538812785388
16 0.2545662100456621 0.2960426179604262 0.01141552511415525 0.1476407914764079
9 0.3601598173515982 0.4147640791476408 0.033105022831050226 0.0350076103500761
16 0.2391552511415525 0.2937595129375951 0.021689497716894976 0.1430745814307458
16 0.533675799086758 0.24733637747336376 0.017123287671232876 0.3972602739726027
10 0.0091324200913242 0.4482496194824962 0.01598173515981735 0.0228310502283105
16 0.06506849315068493 0.3767123287671233 0.0136986301369863 0.1506849315068493
16 0.17009132420091325 0.395738203957382 0.0091324200913242 0.0669710806697108
16 0.271689497716895 0.3219178082191781 0.0091324200913242 0.1354642313546423
16 0.4138127853881279 0.4140030441400304 0.010273972602739725 0.1400304414003044
14 0.9771689497716894 0.4771689497716895 0.01141552511415525 0.0502283105022831
10 0.627283105022831 0.426179604261796 0.06735159817351598 0.0365296803652968
16 0.19863013698630136 0.2968036529680365 0.0228310502283105 0.3592085235920852
14 0.9960045662100456 0.4672754946727549 0.007990867579908675 0.0730593607305936
5 0.09931506849315068 0.3569254185692542 0.01598173515981735 0.0228310502283105
10 0.10730593607305935 0.4406392694063927 0.02968036529680365 0.0197869101978691
6 0.11986301369863013 0.4619482496194825 0.0136986301369863 0.0563165905631659
6 0.12728310502283105 0.4573820395738204 0.014840182648401826 0.0593607305936073
16 0.24315068493150685 0.2785388127853881 0.0136986301369863 0.1613394216133942
11 0.7203196347031964 0.4573820395738204 0.0273972602739726 0.0441400304414003
