3 0.5605022831050228 0.6902587519025876 0.8789954337899544 0.619482496194825
16 0.10901826484018265 0.1993911719939117 0.04680365296803653 0.395738203957382
16 0.295662100456621 0.1796042617960426 0.03424657534246575 0.3531202435312024
10 0.3824200913242009 0.317351598173516 0.0547945205479452 0.0471841704718417
11 0.4925799086757991 0.3378995433789954 0.03538812785388128 0.0426179604261796
10 0.5131278538812786 0.3112633181126332 0.06050228310502283 0.0471841704718417
1 0.13184931506849315 0.2359208523592085 0.021689497716894976 0.0487062404870624
16 0.146689497716895 0.2922374429223744 0.023972602739726026 0.2009132420091324
16 0.8378995433789954 0.22450532724505326 0.0136986301369863 0.1719939117199391
10 0.4063926940639269 0.3089802130898021 0.03424657534246575 0.0365296803652968
16 0.96175799086758 0.2207001522070015 0.014840182648401826 0.1704718417047184
10 0.3407534246575342 0.3158295281582953 0.026255707762557076 0.0319634703196347
0 0.9075342465753424 0.2557077625570776 0.01598173515981735 0.1035007610350076
16 0.886986301369863 0.2671232876712329 0.0091324200913242 0.0867579908675799
1 0.3824200913242009 0.15220700152207 0.01598173515981735 0.0517503805175038
6 0.4891552511415525 0.3181126331811263 0.019406392694063926 0.0547945205479452
0 0.8122146118721462 0.2762557077625571 0.012557077625570776 0.0624048706240487
10 0.2785388127853881 0.3150684931506849 0.0273972602739726 0.030441400304414
9 0.4160958904109589 0.2678843226788432 0.12442922374429223 0.0669710806697108
16 0.8544520547945206 0.23211567732115676 0.010273972602739725 0.1567732115677321
0 0.7351598173515982 0.2785388127853881 0.0136986301369863 0.060882800608828
3 0.589041095890411 0.3470319634703196 0.58675799086758 0.060882800608828
0 0.6164383561643836 0.2777777777777778 0.0091324200913242 0.0593607305936073
16 0.3213470319634703 0.2267884322678843 0.012557077625570776 0.1552511415525114
0 0.6655251141552512 0.273972602739726 0.0136986301369863 0.0730593607305936
0 0.2905251141552511 0.3028919330289193 0.019406392694063926 0.0821917808219178
0 0.2614155251141553 0.2929984779299848 0.01598173515981735 0.0867579908675799
0 0.21860730593607305 0.302130898021309 0.014840182648401826 0.0624048706240487
0 0.1843607305936073 0.3051750380517504 0.012557077625570776 0.0563165905631659
10 0.4434931506849315 0.3028919330289193 0.04452054794520548 0.030441400304414
10 0.45662100456621 0.319634703196347 0.05707762557077625 0.0487062404870624
14 0.4320776255707763 0.3333333333333333 0.007990867579908675 0.0334855403348554
14 0.4269406392694064 0.3310502283105023 0.00684931506849315 0.0319634703196347
