14 0.18725198412698413 0.41578249336870027 0.04513888888888889 0.1962864721485411
14 0.46205357142857145 0.40218832891246686 0.03720238095238095 0.1956233421750663
14 0.7626488095238095 0.40185676392572944 0.03521825396825397 0.1909814323607427
10 0.16765873015873015 0.13295755968169762 0.33134920634920634 0.15848806366047746
7 0.4600694444444444 0.16246684350132626 0.1324404761904762 0.123342175066313
10 0.7611607142857143 0.1369363395225464 0.37549603174603174 0.14787798408488065
0 0.043402777777777776 0.16710875331564987 0.08581349206349206 0.3328912466843501
0 0.3896329365079365 0.1253315649867374 0.03720238095238095 0.2493368700265252
0 0.3038194444444444 0.23972148541114058 0.05109126984126984 0.36273209549071617
0 0.4243551587301587 0.15417771883289125 0.042162698412698416 0.30702917771883287
0 0.8427579365079365 0.1206896551724138 0.054563492063492064 0.24005305039787797
