0 0.43933823529411764 0.06862745098039216 0.030147058823529412 0.13529411764705881
6 0.11911764705882352 0.04852941176470588 0.020588235294117647 0.06764705882352941
16 0.28088235294117647 0.0392156862745098 0.014705882352941176 0.07647058823529412
10 0.45330882352941176 0.04019607843137255 0.013970588235294118 0.021568627450980392
6 0.6893382352941176 0.06813725490196078 0.013970588235294118 0.04019607843137255
0 0.2959558823529412 0.04019607843137255 0.015441176470588236 0.0784313725490196
0 0.25477941176470587 0.030882352941176472 0.0125 0.059803921568627454
0 0.2301470588235294 0.027941176470588237 0.011764705882352941 0.05392156862745098
10 0.5 0.04852941176470588 0.01764705882352941 0.018627450980392157
11 0.31470588235294117 0.10196078431372549 0.07794117647058824 0.0803921568627451
11 0.6591911764705882 0.0661764705882353 0.02426470588235294 0.028431372549019607
4 0.611764705882353 0.5651960784313725 0.7764705882352941 0.8696078431372549
15 0.3448529411764706 0.13578431372549019 0.01764705882352941 0.030392156862745098
15 0.6036764705882353 0.2867647058823529 0.03235294117647059 0.06764705882352941
15 0.731985294117647 0.35784313725490197 0.05514705882352941 0.08823529411764706
15 0.9522058823529411 0.4843137254901961 0.07794117647058824 0.12549019607843137
16 0.8658088235294118 0.05 0.02426470588235294 0.09803921568627451
11 0.9294117647058824 0.10196078431372549 0.05 0.043137254901960784
11 0.768014705882353 0.07450980392156863 0.030147058823529412 0.03333333333333333
11 0.6911764705882353 0.08186274509803922 0.026470588235294117 0.03431372549019608
6 0.6941176470588235 0.06715686274509804 0.01911764705882353 0.03823529411764706
6 0.9319852941176471 0.08725490196078431 0.02426470588235294 0.050980392156862744
