16 0.73486328125 0.657608695652174 0.0146484375 0.391304347826087
10 0.94384765625 0.8383152173913043 0.0576171875 0.051630434782608696
6 0.9853515625 0.8403532608695652 0.01953125 0.07744565217391304
6 0.87451171875 0.8471467391304348 0.0263671875 0.07201086956521739
10 0.9013671875 0.8342391304347826 0.037109375 0.03804347826086957
11 0.7685546875 0.8654891304347826 0.056640625 0.043478260869565216
6 0.79150390625 0.8335597826086957 0.0166015625 0.050271739130434784
6 0.6103515625 0.8532608695652174 0.01953125 0.07336956521739131
10 0.57373046875 0.8349184782608695 0.0341796875 0.03940217391304348
6 0.51025390625 0.8539402173913043 0.0205078125 0.07472826086956522
10 0.43701171875 0.8457880434782609 0.0634765625 0.08016304347826086
10 0.2578125 0.8634510869565217 0.232421875 0.11820652173913043
6 0.078125 0.8634510869565217 0.0390625 0.12635869565217392
9 0.83935546875 0.8362771739130435 0.0595703125 0.07472826086956522
3 0.1396484375 0.9456521739130435 0.27734375 0.10869565217391304
3 0.66064453125 0.8865489130434783 0.4794921875 0.033967391304347824
6 0.76416015625 0.8355978260869565 0.0224609375 0.057065217391304345
10 0.9814453125 0.8355978260869565 0.037109375 0.04619565217391304
