0 0.7514705882352941 0.08529411764705883 0.026470588235294117 0.09264705882352942
0 0.6955882352941176 0.09117647058823529 0.020588235294117647 0.07647058823529412
0 0.8274509803921568 0.07941176470588235 0.0392156862745098 0.1338235294117647
10 0.825 0.12169117647058823 0.06568627450980392 0.028676470588235293
11 0.9426470588235294 0.22830882352941176 0.10490196078431373 0.13897058823529412
6 0.9568627450980393 0.1889705882352941 0.08235294117647059 0.14852941176470588
11 0.5431372549019607 0.12095588235294118 0.013725490196078431 0.015441176470588236
6 0.5426470588235294 0.11102941176470588 0.012745098039215686 0.013235294117647059
11 0.6401960784313725 0.40625 0.25098039215686274 0.37720588235294117
10 0.7607843137254902 0.11066176470588235 0.027450980392156862 0.013970588235294118
0 0.6666666666666666 0.08639705882352941 0.013725490196078431 0.05808823529411765
4 0.5803921568627451 0.6198529411764706 0.23137254901960785 0.7602941176470588
0 0.9779411764705882 0.07904411764705882 0.04411764705882353 0.12720588235294117
16 0.9387254901960784 0.09264705882352942 0.024509803921568627 0.061764705882352944
0 0.8568627450980392 0.08786764705882352 0.01764705882352941 0.04485294117647059
0 0.8877450980392156 0.09632352941176471 0.018627450980392157 0.045588235294117645
0 0.9186274509803921 0.09375 0.0196078431372549 0.05514705882352941
0 0.6465686274509804 0.08566176470588235 0.014705882352941176 0.05514705882352941
0 0.6294117647058823 0.09080882352941176 0.011764705882352941 0.04485294117647059
0 0.6186274509803922 0.09669117647058824 0.00980392156862745 0.030147058823529412
16 0.6754901960784314 0.07867647058823529 0.0196078431372549 0.07647058823529412
9 0.7308823529411764 0.10588235294117647 0.028431372549019607 0.022058823529411766
14 0.832843137254902 0.12720588235294117 0.008823529411764706 0.01911764705882353
8 0.5504901960784314 0.10110294117647059 0.020588235294117647 0.027205882352941177
10 0.7093137254901961 0.11176470588235295 0.024509803921568627 0.011764705882352941
