4 0.346078431372549 0.6345588235294117 0.32941176470588235 0.725
11 0.8754901960784314 0.09227941176470589 0.24901960784313726 0.14779411764705883
4 0.5348039215686274 0.16948529411764707 0.1892156862745098 0.2595588235294118
11 0.7651960784313725 0.06470588235294118 0.15784313725490196 0.12058823529411765
0 0.6058823529411764 0.01875 0.029411764705882353 0.03602941176470588
0 0.557843137254902 0.010294117647058823 0.023529411764705882 0.01911764705882353
0 0.8676470588235294 0.034926470588235295 0.06666666666666667 0.06838235294117648
11 0.6779411764705883 0.05698529411764706 0.06372549019607843 0.06838235294117648
11 0.9622549019607843 0.19669117647058823 0.07352941176470588 0.1125
16 0.6573529411764706 0.026470588235294117 0.030392156862745098 0.051470588235294115
16 0.5892156862745098 0.015073529411764706 0.01764705882352941 0.028676470588235293
4 0.48676470588235293 0.2893382352941177 0.29901960784313725 0.05220588235294118
11 0.9808823529411764 0.04779411764705882 0.03823529411764706 0.08088235294117647
