10 0.18036529680365296 0.4452054794520548 0.1598173515981735 0.0684931506849315
8 0.8972602739726028 0.3797564687975647 0.1278538812785388 0.1171993911719939
11 0.8515981735159818 0.4939117199391172 0.05707762557077625 0.1050228310502283
6 0.8498858447488584 0.454337899543379 0.05821917808219178 0.1263318112633181
2 0.7026255707762558 0.2656012176560122 0.014840182648401826 0.0410958904109589
0 0.24315068493150685 0.3759512937595129 0.02054794520547945 0.106544901065449
16 0.06335616438356165 0.3858447488584475 0.012557077625570776 0.0745814307458143
10 0.016552511415525113 0.4444444444444444 0.030821917808219176 0.0700152207001522
10 0.747716894977169 0.3949771689497717 0.0182648401826484 0.0167427701674277
3 0.4212328767123288 0.4901065449010654 0.3561643835616438 0.0852359208523592
2 0.6301369863013698 0.350076103500761 0.0091324200913242 0.0243531202435312
16 0.3909817351598174 0.3736681887366819 0.05593607305936073 0.7442922374429224
16 0.3573059360730594 0.3051750380517504 0.0273972602739726 0.5007610350076104
16 0.636986301369863 0.3744292237442922 0.00684931506849315 0.1187214611872146
16 0.66324200913242 0.3614916286149163 0.01141552511415525 0.1111111111111111
3 0.7968036529680366 0.4307458143074581 0.2602739726027397 0.0243531202435312
10 0.730593607305936 0.3949771689497717 0.01598173515981735 0.0136986301369863
6 0.3681506849315068 0.4665144596651446 0.021689497716894976 0.1293759512937595
7 0.351027397260274 0.484779299847793 0.023972602739726026 0.0715372907153729
