16 0.4951171875 0.443603515625 0.0283203125 0.39111328125
16 0.07470703125 0.408447265625 0.02734375 0.38916015625
14 0.046142578125 0.585693359375 0.00732421875 0.04052734375
14 0.08935546875 0.592041015625 0.0078125 0.04248046875
1 0.19775390625 0.31982421875 0.083984375 0.0322265625
0 0.26318359375 0.552978515625 0.0361328125 0.13330078125
4 0.171630859375 0.603759765625 0.14501953125 0.02587890625
4 0.376953125 0.620361328125 0.216796875 0.02294921875
4 0.576171875 0.626953125 0.142578125 0.017578125
4 0.746826171875 0.619384765625 0.17822265625 0.02197265625
4 0.908203125 0.603759765625 0.1455078125 0.02587890625
0 0.654541015625 0.552001953125 0.02783203125 0.17919921875
0 0.9853515625 0.5380859375 0.0263671875 0.1279296875
