3 0.430365296803653 0.6894977168949772 0.8584474885844748 0.6210045662100456
10 0.8789954337899544 0.3645357686453577 0.2420091324200913 0.1050228310502283
10 0.1375570776255708 0.4010654490106545 0.2728310502283105 0.2450532724505327
10 0.2528538812785388 0.3683409436834094 0.23858447488584475 0.1248097412480974
16 0.5570776255707762 0.256468797564688 0.0136986301369863 0.2389649923896499
8 0.1341324200913242 0.286910197869102 0.2636986301369863 0.0958904109589041
16 0.7385844748858448 0.3203957382039574 0.0091324200913242 0.1050228310502283
14 0.4172374429223744 0.3554033485540335 0.007990867579908675 0.0380517503805175
14 0.3938356164383562 0.3531202435312024 0.00684931506849315 0.0334855403348554
16 0.5907534246575342 0.19710806697108066 0.017123287671232876 0.3576864535768645
1 0.5507990867579908 0.2450532724505327 0.014840182648401826 0.0334855403348554
0 0.3578767123287671 0.3074581430745814 0.012557077625570776 0.0639269406392694
0 0.3778538812785388 0.3112633181126332 0.01141552511415525 0.0684931506849315
10 0.15924657534246575 0.3264840182648402 0.06963470319634703 0.0380517503805175
0 0.3458904109589041 0.3143074581430746 0.01141552511415525 0.0441400304414003
