10 0.08079625292740047 0.8296875 0.15690866510538642 0.128125
6 0.3629976580796253 0.85859375 0.0936768149882904 0.2046875
6 0.27400468384074944 0.8765625 0.117096018735363 0.159375
6 0.1756440281030445 0.8609375 0.08899297423887588 0.178125
6 0.9309133489461359 0.79453125 0.0351288056206089 0.1015625
7 0.4098360655737705 0.8828125 0.11241217798594848 0.109375
10 0.6451990632318502 0.83984375 0.3395784543325527 0.1390625
10 0.45550351288056207 0.83515625 0.2459016393442623 0.1609375
10 0.9672131147540983 0.834375 0.06557377049180328 0.08125
0 0.5843091334894613 0.6859375 0.0351288056206089 0.165625
0 0.32669789227166274 0.6765625 0.04918032786885246 0.153125
0 0.1252927400468384 0.6921875 0.03981264637002342 0.096875
16 0.3981264637002342 0.7765625 0.03278688524590164 0.29375
