10 0.9609137055837563 0.2071651090342679 0.07817258883248732 0.11526479750778816
10 0.7715736040609137 0.06697819314641744 0.07715736040609138 0.0529595015576324
10 0.3020304568527919 0.7733644859813084 0.5857868020304569 0.4532710280373832
14 0.6050761421319797 0.6495327102803738 0.030456852791878174 0.19003115264797507
14 0.467005076142132 0.5475077881619937 0.046700507614213196 0.19470404984423675
14 0.350253807106599 0.471183800623053 0.03857868020304569 0.1573208722741433
14 0.27106598984771574 0.4127725856697819 0.03248730964467005 0.13707165109034267
14 0.20710659898477157 0.3598130841121495 0.030456852791878174 0.1277258566978193
14 0.15583756345177666 0.31853582554517135 0.027411167512690356 0.1261682242990654
14 0.9431472081218274 0.4104361370716511 0.03248730964467005 0.13551401869158877
14 0.7903553299492386 0.3644859813084112 0.027411167512690356 0.12461059190031153
14 0.682741116751269 0.32165109034267914 0.025380710659898477 0.11682242990654206
14 0.5944162436548224 0.29439252336448596 0.023350253807106598 0.10903426791277258
14 0.5192893401015228 0.26246105919003115 0.023350253807106598 0.11059190031152648
9 0.13604060913705585 0.05841121495327103 0.06294416243654823 0.05763239875389408
10 0.012182741116751269 0.04127725856697819 0.02030456852791878 0.03271028037383177
