3 0.4708904109589041 0.573820395738204 0.9394977168949772 0.8432267884322678
0 0.08447488584474885 0.0654490106544901 0.0410958904109589 0.1278538812785388
16 0.898972602739726 0.0578386605783866 0.030821917808219176 0.1126331811263318
0 0.2825342465753425 0.05859969558599695 0.03767123287671233 0.1141552511415525
16 0.4668949771689498 0.0669710806697108 0.03424657534246575 0.1308980213089802
0 0.502283105022831 0.04946727549467275 0.02511415525114155 0.0958904109589041
0 0.7602739726027398 0.03576864535768645 0.02511415525114155 0.0684931506849315
0 0.04965753424657534 0.06468797564687975 0.030821917808219176 0.1263318112633181
14 0.4680365296803653 0.06773211567732115 0.03424657534246575 0.1324200913242009
10 0.5450913242009132 0.01902587519025875 0.06963470319634703 0.0350076103500761
10 0.4046803652968037 0.02663622526636225 0.08561643835616438 0.0471841704718417
0 0.408675799086758 0.02815829528158295 0.0182648401826484 0.0532724505327245
