9 0.2288812785388128 0.2313546423135464 0.3047945205479452 0.1856925418569254
6 0.4149543378995434 0.3592085235920852 0.09703196347031963 0.3318112633181126
9 0.5039954337899544 0.20776255707762556 0.07648401826484018 0.0837138508371385
10 0.4189497716894977 0.22907153729071536 0.1232876712328767 0.0867579908675799
6 0.7734018264840182 0.4216133942161339 0.1678082191780822 0.4200913242009132
6 0.6318493150684932 0.2960426179604262 0.06735159817351598 0.1445966514459665
7 0.781392694063927 0.5487062404870624 0.2773972602739726 0.3242009132420091
16 0.053082191780821915 0.14231354642313546 0.04452054794520548 0.2785388127853881
11 0.632420091324201 0.3462709284627093 0.14840182648401826 0.1385083713850837
2 0.601027397260274 0.04337899543378995 0.03538812785388128 0.0837138508371385
10 0.5416666666666666 0.22754946727549466 0.08561643835616438 0.0928462709284627
16 0.8658675799086758 0.23363774733637746 0.030821917808219176 0.3120243531202435
14 0.5371004566210046 0.30441400304414 0.012557077625570776 0.076103500761035
3 0.4212328767123288 0.6856925418569254 0.8356164383561644 0.6286149162861492
16 0.8042237442922374 0.16818873668188736 0.028538812785388126 0.3089802130898021
3 0.2705479452054795 0.3280060882800609 0.5388127853881278 0.0776255707762557
16 0.577054794520548 0.15753424657534246 0.017123287671232876 0.3120243531202435
14 0.5542237442922374 0.3082191780821918 0.012557077625570776 0.0776255707762557
6 0.9474885844748858 0.2009132420091324 0.02054794520547945 0.0639269406392694
0 0.3704337899543379 0.16362252663622526 0.019406392694063926 0.0684931506849315
6 0.9172374429223744 0.20319634703196346 0.021689497716894976 0.0745814307458143
6 0.622716894977169 0.23363774733637746 0.028538812785388126 0.0745814307458143
0 0.639269406392694 0.1430745814307458 0.0228310502283105 0.1339421613394216
6 0.8498858447488584 0.20015220700152206 0.014840182648401826 0.0532724505327245
6 0.882420091324201 0.20167427701674276 0.01598173515981735 0.0624048706240487
16 0.6113013698630136 0.1643835616438356 0.017123287671232876 0.1643835616438356
16 0.7391552511415526 0.13318112633181126 0.04680365296803653 0.2602739726027397
6 0.7853881278538812 0.22602739726027396 0.0228310502283105 0.0958904109589041
16 0.8333333333333334 0.14535768645357686 0.0136986301369863 0.1232876712328767
10 0.8144977168949772 0.19406392694063926 0.030821917808219176 0.0319634703196347
16 0.5941780821917808 0.18036529680365296 0.014840182648401826 0.2267884322678843
15 0.9240867579908676 0.3683409436834094 0.04452054794520548 0.0821917808219178
6 0.930365296803653 0.2070015220700152 0.01598173515981735 0.0639269406392694
