14 0.643625 0.4875 0.02675 0.109
14 0.528 0.4648333333333333 0.0245 0.09633333333333334
13 0.306875 0.44366666666666665 0.10625 0.16933333333333334
6 0.21125 0.318 0.023 0.036
14 0.15825 0.4068333333333333 0.0115 0.029666666666666668
6 0.031375 0.36933333333333335 0.05875 0.10733333333333334
11 0.033625 0.391 0.06675 0.082
0 0.923375 0.24816666666666667 0.13075 0.49566666666666664
0 0.129625 0.2826666666666667 0.03675 0.19533333333333333
0 0.26925 0.268 0.024 0.15666666666666668
0 0.378625 0.2255 0.01625 0.11766666666666667
0 0.4765 0.2663333333333333 0.0175 0.08933333333333333
0 0.586625 0.20416666666666666 0.05425 0.26966666666666667
0 0.551 0.25166666666666665 0.0195 0.11133333333333334
0 0.81175 0.20583333333333334 0.0235 0.18433333333333332
6 0.824 0.267 0.0245 0.04133333333333333
5 0.645875 0.07483333333333334 0.03075 0.06833333333333333
16 0.644625 0.24 0.01575 0.17
0 0.716375 0.24116666666666667 0.01525 0.09033333333333333
