6 0.496875 0.6940298507462687 0.121875 0.4541577825159915
6 0.8875 0.6364605543710021 0.0875 0.232409381663113
6 0.734375 0.5852878464818764 0.06875 0.1300639658848614
6 0.12421875 0.5607675906183369 0.0515625 0.14925373134328357
6 0.4171875 0.5874200426439232 0.059375 0.17270788912579957
6 0.36796875 0.511727078891258 0.0109375 0.05543710021321962
6 0.66328125 0.5373134328358209 0.0171875 0.09381663113006397
6 0.70546875 0.5533049040511727 0.0265625 0.1044776119402985
6 0.7328125 0.5159914712153518 0.03125 0.06823027718550106
6 0.60078125 0.5298507462686567 0.0234375 0.09168443496801706
6 0.55 0.5266524520255863 0.021875 0.08528784648187633
6 0.53125 0.5181236673773987 0.015625 0.042643923240938165
6 0.5921875 0.5287846481876333 0.0125 0.06823027718550106
6 0.38671875 0.5127931769722814 0.0109375 0.057569296375266525
6 0.4 0.5170575692963753 0.015625 0.053304904051172705
6 0.33828125 0.5106609808102346 0.0140625 0.057569296375266525
10 0.32578125 0.5074626865671642 0.0203125 0.029850746268656716
10 0.2734375 0.5074626865671642 0.021875 0.021321961620469083
10 0.28515625 0.502132196162047 0.0203125 0.02771855010660981
10 0.3015625 0.502132196162047 0.021875 0.02771855010660981
