5 0.56953125 0.13200934579439252 0.1515625 0.21261682242990654
6 0.68125 0.5035046728971962 0.246875 0.6752336448598131
6 0.2890625 0.4567757009345794 0.184375 0.6425233644859814
6 0.40078125 0.9228971962616822 0.0828125 0.12149532710280374
6 0.47265625 0.8878504672897196 0.0734375 0.17757009345794392
6 0.95390625 0.866822429906542 0.0671875 0.09813084112149532
6 0.52890625 0.9322429906542056 0.0734375 0.09813084112149532
6 0.71171875 0.8761682242990654 0.0796875 0.12149532710280374
6 0.7875 0.919392523364486 0.090625 0.10046728971962617
6 0.44453125 0.8341121495327103 0.0578125 0.09813084112149532
6 0.78515625 0.8656542056074766 0.0765625 0.10981308411214953
6 0.65390625 0.8574766355140186 0.0640625 0.1308411214953271
6 0.553125 0.8773364485981309 0.109375 0.12850467289719625
6 0.27421875 0.8738317757009346 0.0828125 0.1308411214953271
6 0.06328125 0.9532710280373832 0.0953125 0.09345794392523364
6 0.13203125 0.9065420560747663 0.0890625 0.14485981308411214
6 0.2140625 0.7932242990654206 0.08125 0.12850467289719625
6 0.25 0.927570093457944 0.090625 0.12149532710280374
6 0.0546875 0.8598130841121495 0.08125 0.11682242990654206
6 0.0578125 0.8014018691588785 0.08125 0.13551401869158877
6 0.13046875 0.8130841121495327 0.0796875 0.09345794392523364
6 0.2859375 0.8119158878504673 0.078125 0.1191588785046729
6 0.31328125 0.9462616822429907 0.0953125 0.10747663551401869
6 0.8640625 0.9077102803738317 0.065625 0.07242990654205607
6 0.8578125 0.860981308411215 0.065625 0.09579439252336448
6 0.61328125 0.9567757009345794 0.0796875 0.08644859813084112
6 0.9234375 0.9450934579439252 0.078125 0.10514018691588785
6 0.68359375 0.9579439252336449 0.0671875 0.08411214953271028
6 0.859375 0.9684579439252337 0.078125 0.0630841121495327
6 0.97421875 0.9509345794392523 0.0484375 0.09813084112149532
