10 0.34270833333333334 0.58359375 0.09375 0.0390625
10 0.22708333333333333 0.5796875 0.14583333333333334 0.05
10 0.925 0.59453125 0.04583333333333333 0.0265625
10 0.8864583333333333 0.5859375 0.014583333333333334 0.01875
10 0.86875 0.590625 0.029166666666666667 0.025
9 0.821875 0.596875 0.06458333333333334 0.040625
19 0.9635416666666666 0.62734375 0.014583333333333334 0.0296875
16 0.5385416666666667 0.62890625 0.06875 0.3890625
16 0.6791666666666667 0.625 0.05 0.278125
16 0.9791666666666666 0.4875 0.025 0.325
