16 0.5848958333333333 0.4101851851851852 0.09270833333333334 0.8185185185185185
11 0.7690104166666667 0.8041666666666667 0.46197916666666666 0.38981481481481484
11 0.58671875 0.7939814814814815 0.2630208333333333 0.4027777777777778
7 0.7890625 0.8532407407407407 0.2916666666666667 0.2935185185185185
10 0.41432291666666665 0.6990740740740741 0.3109375 0.49444444444444446
6 0.16822916666666668 0.7333333333333333 0.096875 0.5333333333333333
10 0.25494791666666666 0.6217592592592592 0.0828125 0.19722222222222222
6 0.0328125 0.538425925925926 0.022916666666666665 0.10833333333333334
6 0.07239583333333334 0.5412037037037037 0.021875 0.10092592592592593
6 0.05625 0.5277777777777778 0.014583333333333334 0.06851851851851852
10 0.05703125 0.49398148148148147 0.044270833333333336 0.04537037037037037
9 0.21119791666666668 0.5078703703703704 0.0765625 0.10648148148148148
10 0.23515625 0.562037037037037 0.06197916666666667 0.07962962962962963
10 0.08359375 0.48842592592592593 0.028645833333333332 0.04351851851851852
11 0.10703125 0.5018518518518519 0.015104166666666667 0.037037037037037035
11 0.084375 0.5111111111111111 0.0125 0.03518518518518519
6 0.08463541666666667 0.49074074074074076 0.0109375 0.03333333333333333
6 0.0078125 0.5328703703703703 0.014583333333333334 0.10462962962962963
