15 0.22 0.6416666666666667 0.15 0.24333333333333335
15 0.73625 0.645 0.1575 0.25666666666666665
6 0.61625 0.205 0.0675 0.27
6 0.7275 0.24666666666666667 0.075 0.26666666666666666
7 0.07 0.26 0.07 0.14
7 0.25625 0.25166666666666665 0.0475 0.13
7 0.30375 0.25333333333333335 0.0425 0.14
6 0.92875 0.21833333333333332 0.0675 0.21
0 0.37875 0.08666666666666667 0.0475 0.16666666666666666
0 0.9125 0.12666666666666668 0.065 0.24666666666666667
6 0.8275 0.185 0.035 0.15
6 0.985 0.185 0.03 0.15666666666666668
6 0.7925 0.18833333333333332 0.045 0.15
0 0.24875 0.10833333333333334 0.0375 0.21
