10 0.86640625 0.8295454545454546 0.2640625 0.3409090909090909
10 0.81875 0.7636363636363637 0.2875 0.2727272727272727
10 0.40703125 0.7011363636363637 0.0765625 0.10681818181818181
10 0.659375 0.7454545454545455 0.215625 0.2681818181818182
10 0.5703125 0.725 0.153125 0.22727272727272727
10 0.53671875 0.7068181818181818 0.1703125 0.21363636363636362
10 0.38828125 0.634090909090909 0.0515625 0.031818181818181815
10 0.31484375 0.6931818181818182 0.1328125 0.16818181818181818
6 0.321875 0.6977272727272728 0.06875 0.19545454545454546
6 0.18125 0.7147727272727272 0.01875 0.08409090909090909
6 0.1125 0.7102272727272727 0.034375 0.12954545454545455
6 0.2234375 0.7113636363636363 0.0625 0.17272727272727273
6 0.01796875 0.7136363636363636 0.0328125 0.18181818181818182
6 0.12890625 0.7079545454545455 0.0234375 0.12954545454545455
6 0.36328125 0.5556818181818182 0.0140625 0.0659090909090909
6 0.33984375 0.5556818181818182 0.0140625 0.06136363636363636
6 0.30859375 0.5840909090909091 0.0203125 0.05909090909090909
6 0.57109375 0.5511363636363636 0.0171875 0.05227272727272727
6 0.4890625 0.5761363636363637 0.021875 0.06136363636363636
6 0.27578125 0.6 0.0171875 0.02727272727272727
10 0.428125 0.5602272727272727 0.075 0.06136363636363636
10 0.521875 0.5556818181818182 0.065625 0.0659090909090909
19 0.153125 0.7465909090909091 0.015625 0.05227272727272727
6 0.68359375 0.5965909090909091 0.0140625 0.038636363636363635
10 0.45078125 0.7068181818181818 0.0265625 0.07272727272727272
16 0.9140625 0.35 0.03125 0.5363636363636364
2 0.7875 0.175 0.034375 0.12272727272727273
2 0.490625 0.17272727272727273 0.03125 0.11363636363636363
16 0.15546875 0.5386363636363637 0.0234375 0.42727272727272725
2 0.47421875 0.4284090909090909 0.0171875 0.06136363636363636
2 0.490625 0.4784090909090909 0.015625 0.05227272727272727
2 0.61640625 0.4409090909090909 0.0171875 0.06363636363636363
2 0.65859375 0.4818181818181818 0.0203125 0.05909090909090909
16 0.78046875 0.5079545454545454 0.0234375 0.22045454545454546
6 0.04453125 0.6897727272727273 0.0328125 0.13863636363636364
10 0.4734375 0.5659090909090909 0.028125 0.05
9 0.6015625 0.5670454545454545 0.05 0.06136363636363636
6 0.35390625 0.5568181818181818 0.0140625 0.05454545454545454
6 0.19453125 0.5420454545454545 0.0171875 0.03409090909090909
