6 0.6029106029106029 0.79375 0.062370062370062374 0.121875
6 0.9178794178794178 0.8390625 0.11850311850311851 0.259375
10 0.033264033264033266 0.7828125 0.062370062370062374 0.065625
10 0.20893970893970895 0.77421875 0.1101871101871102 0.0546875
10 0.08731808731808732 0.778125 0.12058212058212059 0.05625
6 0.6403326403326404 0.78515625 0.04158004158004158 0.1046875
10 0.26715176715176714 0.7703125 0.060291060291060294 0.046875
10 0.29521829521829523 0.7671875 0.062370062370062374 0.046875
6 0.15280665280665282 0.7625 0.018711018711018712 0.053125
6 0.12785862785862787 0.7515625 0.02286902286902287 0.0375
6 0.10291060291060292 0.74453125 0.02702702702702703 0.0203125
6 0.7328482328482329 0.81171875 0.09771309771309772 0.1984375
16 0.6673596673596673 0.6953125 0.04573804573804574 0.496875
16 0.5 0.771875 0.031185031185031187 0.259375
4 0.5987525987525988 0.90625 0.4490644490644491 0.04375
4 0.8638253638253638 0.9390625 0.27234927234927236 0.0625
10 0.5114345114345115 0.775 0.1288981288981289 0.0875
10 0.38357588357588357 0.7671875 0.11850311850311851 0.071875
