4 0.39215686274509803 0.84375 0.7764705882352941 0.3125
10 0.06470588235294118 0.04448529411764706 0.12549019607843137 0.08014705882352942
10 0.29901960784313725 0.040808823529411765 0.07254901960784314 0.05661764705882353
10 0.25588235294117645 0.03161764705882353 0.03725490196078431 0.029411764705882353
4 0.5598039215686275 0.5926470588235294 0.44313725490196076 0.7235294117647059
12 0.4245098039215686 0.08051470588235295 0.027450980392156862 0.03897058823529412
0 0.3519607843137255 0.04779411764705882 0.052941176470588235 0.09411764705882353
16 0.1769607843137255 0.1536764705882353 0.14215686274509803 0.3044117647058823
4 0.48627450980392156 0.2647058823529412 0.2980392156862745 0.08529411764705883
11 0.36617647058823527 0.0625 0.11470588235294117 0.061764705882352944
3 0.23872549019607844 0.07867647058823529 0.14411764705882352 0.026470588235294117
16 0.07254901960784314 0.5360294117647059 0.14313725490196078 0.3220588235294118
0 0.3990196078431373 0.01764705882352941 0.023529411764705882 0.033823529411764704
6 0.5009803921568627 0.03455882352941177 0.00980392156862745 0.01911764705882353
