10 0.9240867579908676 0.3873668188736682 0.15182648401826485 0.1445966514459665
6 0.8213470319634704 0.6308980213089802 0.1815068493150685 0.69558599695586
6 0.3841324200913242 0.5144596651445966 0.10388127853881278 0.350076103500761
3 0.5005707762557078 0.7024353120243532 0.9942922374429224 0.5951293759512938
10 0.7351598173515982 0.3592085235920852 0.0867579908675799 0.0821917808219178
6 0.3030821917808219 0.4375951293759513 0.05821917808219178 0.2237442922374429
11 0.9223744292237442 0.439117199391172 0.08904109589041095 0.1293759512937595
10 0.6472602739726028 0.3432267884322679 0.03881278538812785 0.0380517503805175
16 0.5702054794520548 0.20319634703196346 0.021689497716894976 0.4033485540334855
11 0.634703196347032 0.3683409436834094 0.02054794520547945 0.0365296803652968
6 0.5365296803652968 0.3554033485540335 0.01598173515981735 0.0563165905631659
6 0.958904109589041 0.6438356164383562 0.0821917808219178 0.5722983257229832
10 0.6113013698630136 0.3386605783866058 0.028538812785388126 0.0289193302891933
16 0.5234018264840182 0.2070015220700152 0.017123287671232876 0.410958904109589
6 0.9143835616438356 0.4003044140030441 0.0502283105022831 0.1400304414003044
10 0.6872146118721462 0.3485540334855403 0.03424657534246575 0.0547945205479452
16 0.8430365296803652 0.286910197869102 0.014840182648401826 0.0867579908675799
6 0.4503424657534247 0.3523592085235921 0.014840182648401826 0.0502283105022831
16 0.8647260273972602 0.2770167427701674 0.014840182648401826 0.1187214611872146
14 0.4457762557077626 0.4162861491628615 0.012557077625570776 0.0593607305936073
14 0.5513698630136986 0.3881278538812785 0.0091324200913242 0.0487062404870624
2 0.4771689497716895 0.2907153729071537 0.0136986301369863 0.0273972602739726
10 0.8470319634703196 0.3470319634703196 0.02054794520547945 0.030441400304414
16 0.4023972602739726 0.18645357686453576 0.019406392694063926 0.3546423135464231
6 0.464041095890411 0.3485540334855403 0.012557077625570776 0.0487062404870624
6 0.4794520547945205 0.34779299847793 0.01141552511415525 0.0410958904109589
11 0.5821917808219178 0.3576864535768645 0.0136986301369863 0.0273972602739726
16 0.4748858447488584 0.2823439878234399 0.0136986301369863 0.1811263318112633
16 0.2625570776255708 0.2191780821917808 0.02511415525114155 0.426179604261796
16 0.329337899543379 0.3089802130898021 0.012557077625570776 0.1735159817351598
6 0.634703196347032 0.34779299847793 0.0182648401826484 0.0410958904109589
6 0.5085616438356164 0.3462709284627093 0.012557077625570776 0.0502283105022831
6 0.4235159817351598 0.3622526636225266 0.01598173515981735 0.0517503805175038
16 0.4280821917808219 0.22907153729071536 0.01598173515981735 0.3150684931506849
16 0.9748858447488584 0.273972602739726 0.01141552511415525 0.0791476407914764
14 0.3321917808219178 0.4003044140030441 0.01141552511415525 0.0700152207001522
14 0.5610730593607306 0.395738203957382 0.007990867579908675 0.045662100456621
16 0.4931506849315068 0.2732115677321157 0.01141552511415525 0.1750380517503805
6 0.490296803652968 0.3462709284627093 0.010273972602739725 0.0380517503805175
2 0.6695205479452054 0.0395738203957382 0.03538812785388128 0.076103500761035
14 0.5256849315068494 0.4094368340943683 0.012557077625570776 0.0578386605783866
6 0.58162100456621 0.3394216133942161 0.014840182648401826 0.0273972602739726
14 0.5781963470319634 0.3896499238964992 0.007990867579908675 0.0395738203957382
14 0.509703196347032 0.3828006088280061 0.007990867579908675 0.0410958904109589
