5 0.616 0.272 0.172 0.4
5 0.952 0.366 0.096 0.348
5 0.184 0.768 0.168 0.28
5 0.078 0.676 0.132 0.36
5 0.75 0.124 0.132 0.144
5 0.836 0.36 0.084 0.344
5 0.892 0.362 0.044 0.372
5 0.762 0.348 0.172 0.376
5 0.926 0.178 0.04 0.14
5 0.959 0.222 0.054 0.244
5 0.315 0.428 0.182 0.336
16 0.644 0.722 0.048 0.54
16 0.426 0.798 0.128 0.396
16 0.692 0.878 0.024 0.244
16 0.725 0.794 0.03 0.396
16 0.751 0.834 0.026 0.332
16 0.784 0.834 0.036 0.324
16 0.86 0.852 0.028 0.28
16 0.913 0.814 0.026 0.284
16 0.818 0.846 0.032 0.308
16 0.97 0.636 0.028 0.6
16 0.956 0.734 0.028 0.412
2 0.447 0.16 0.018 0.08
5 0.827 0.116 0.022 0.048
