3 0.5513698630136986 0.7222222222222222 0.8972602739726028 0.5525114155251142
10 0.6912100456621004 0.3972602739726027 0.1769406392694064 0.0974124809741248
6 0.5667808219178082 0.4901065449010654 0.07420091324200913 0.2678843226788432
6 0.9571917808219178 0.576103500761035 0.08561643835616438 0.4642313546423135
10 0.2151826484018265 0.4010654490106545 0.09018264840182648 0.0502283105022831
10 0.5034246575342466 0.4124809741248097 0.15296803652968036 0.076103500761035
10 0.13984018264840184 0.3964992389649924 0.09246575342465753 0.0624048706240487
10 0.3698630136986301 0.3919330289193303 0.0593607305936073 0.0502283105022831
10 0.6187214611872146 0.3850837138508371 0.0730593607305936 0.0487062404870624
6 0.08447488584474885 0.4056316590563166 0.0182648401826484 0.0624048706240487
10 0.2922374429223744 0.3964992389649924 0.0639269406392694 0.0532724505327245
10 0.4434931506849315 0.3843226788432268 0.04680365296803653 0.0319634703196347
16 0.039383561643835614 0.22298325722983256 0.033105022831050226 0.4246575342465753
16 0.5051369863013698 0.3059360730593607 0.014840182648401826 0.1461187214611872
16 0.7922374429223744 0.3249619482496195 0.0182648401826484 0.1567732115677321
10 0.8224885844748858 0.3926940639269406 0.07420091324200913 0.0639269406392694
10 0.8767123287671232 0.3919330289193303 0.14383561643835616 0.0715372907153729
6 0.4166666666666667 0.4094368340943683 0.01598173515981735 0.0639269406392694
16 0.454337899543379 0.24581430745814306 0.01598173515981735 0.3150684931506849
2 0.2756849315068493 0.3310502283105023 0.014840182648401826 0.0350076103500761
8 0.11358447488584475 0.3607305936073059 0.05593607305936073 0.030441400304414
16 0.02054794520547945 0.3363774733637747 0.01141552511415525 0.076103500761035
6 0.21232876712328766 0.4117199391171994 0.0228310502283105 0.0563165905631659
14 0.8681506849315068 0.3881278538812785 0.017123287671232876 0.0791476407914764
11 0.21232876712328766 0.4292237442922374 0.0319634703196347 0.0395738203957382
16 0.285958904109589 0.3668188736681887 0.012557077625570776 0.1400304414003044
16 0.05878995433789954 0.23211567732115676 0.03767123287671233 0.3972602739726027
11 0.4041095890410959 0.423896499238965 0.04337899543378995 0.0441400304414003
6 0.3670091324200913 0.4079147640791476 0.014840182648401826 0.0669710806697108
16 0.14840182648401826 0.2617960426179604 0.0136986301369863 0.1765601217656012
16 0.13926940639269406 0.2633181126331811 0.0136986301369863 0.1765601217656012
9 0.23573059360730594 0.3660578386605784 0.03538812785388128 0.0441400304414003
16 0.4092465753424658 0.2054794520547945 0.017123287671232876 0.3866057838660578
14 0.18664383561643835 0.4330289193302892 0.007990867579908675 0.0289193302891933
14 0.8105022831050228 0.4345509893455099 0.0091324200913242 0.0410958904109589
16 0.10388127853881278 0.23515981735159816 0.01598173515981735 0.2024353120243531
14 0.23573059360730594 0.4337899543378995 0.005707762557077625 0.0273972602739726
16 0.12100456621004566 0.2404870624048706 0.0136986301369863 0.1643835616438356
16 0.007420091324200913 0.3234398782343988 0.012557077625570776 0.1780821917808219
14 0.8002283105022832 0.4345509893455099 0.0091324200913242 0.0380517503805175
10 0.4965753424657534 0.378234398782344 0.0547945205479452 0.0258751902587519
6 0.4851598173515982 0.3858447488584475 0.0182648401826484 0.0228310502283105
14 0.8299086757990868 0.4101978691019787 0.0091324200913242 0.0350076103500761
9 0.95662100456621 0.3462709284627093 0.0867579908675799 0.0624048706240487
