10 0.83 0.46319018404907975 0.336 0.18404907975460122
6 0.08 0.593558282208589 0.156 0.8128834355828221
6 0.4 0.5904907975460123 0.148 0.34049079754601225
6 0.381 0.593558282208589 0.162 0.3159509202453988
6 0.72 0.7346625766871165 0.216 0.4815950920245399
6 0.726 0.5843558282208589 0.048 0.18711656441717792
6 0.604 0.7300613496932515 0.18 0.5153374233128835
6 0.891 0.42484662576687116 0.038 0.05828220858895705
5 0.627 0.2883435582822086 0.05 0.09202453987730061
16 0.327 0.25306748466257667 0.038 0.5
11 0.927 0.7423312883435583 0.146 0.3987730061349693
14 0.305 0.6104294478527608 0.022 0.12883435582822086
14 0.525 0.745398773006135 0.034 0.18404907975460122
14 0.94 0.946319018404908 0.052 0.10122699386503067
