10 0.73515625 0.5788235294117647 0.1890625 0.18352941176470589
10 0.525 0.48823529411764705 0.096875 0.10588235294117647
10 0.2796875 0.46588235294117647 0.071875 0.08941176470588236
19 0.8640625 0.8505882352941176 0.1 0.16705882352941176
6 0.53203125 0.8070588235294117 0.1921875 0.34823529411764703
6 0.34765625 0.6423529411764706 0.1578125 0.18823529411764706
6 0.05625 0.5317647058823529 0.046875 0.16941176470588235
10 0.9671875 0.5423529411764706 0.065625 0.16705882352941176
10 0.24453125 0.4117647058823529 0.0234375 0.03764705882352941
10 0.4296875 0.44588235294117645 0.084375 0.1011764705882353
6 0.72578125 0.43176470588235294 0.0234375 0.09176470588235294
6 0.70078125 0.41411764705882353 0.0296875 0.07529411764705882
9 0.3296875 0.43176470588235294 0.06875 0.09647058823529411
16 0.84140625 0.3952941176470588 0.0296875 0.7858823529411765
16 0.3375 0.49058823529411766 0.01875 0.15764705882352942
16 0.61171875 0.5176470588235295 0.0234375 0.3623529411764706
0 0.37265625 0.48470588235294115 0.0421875 0.2823529411764706
0 0.4484375 0.48 0.040625 0.23058823529411765
0 0.5875 0.6211764705882353 0.053125 0.6541176470588236
