18 0.429375 0.4725 0.63375 0.6683333333333333
10 0.82875 0.2775 0.2925 0.13166666666666665
11 0.3325 0.2325 0.04 0.08166666666666667
6 0.32875 0.21916666666666668 0.0275 0.08166666666666667
6 0.316875 0.19666666666666666 0.01375 0.03333333333333333
6 0.0375 0.25166666666666665 0.0725 0.17333333333333334
0 0.663125 0.14083333333333334 0.04875 0.2783333333333333
0 0.181875 0.15916666666666668 0.04625 0.315
0 0.118125 0.115 0.03875 0.22666666666666666
0 0.07375 0.15083333333333335 0.035 0.115
14 0.123125 0.2675 0.02625 0.08833333333333333
5 0.4925 0.0925 0.03 0.045
5 0.495 0.04583333333333333 0.0325 0.045
