6 0.021689497716894976 0.5220700152207002 0.03881278538812785 0.1004566210045662
11 0.3219178082191781 0.5296803652968036 0.06164383561643835 0.076103500761035
16 0.7374429223744292 0.3378995433789954 0.0228310502283105 0.4200913242009132
16 0.22203196347031964 0.2694063926940639 0.030821917808219176 0.5235920852359208
6 0.1872146118721461 0.5289193302891934 0.0365296803652968 0.1263318112633181
11 0.12442922374429223 0.5228310502283106 0.03424657534246575 0.0593607305936073
2 0.5365296803652968 0.363013698630137 0.0182648401826484 0.0471841704718417
7 0.8299086757990868 0.515220700152207 0.0547945205479452 0.0806697108066971
16 0.9275114155251142 0.4497716894977169 0.014840182648401826 0.1811263318112633
16 0.3030821917808219 0.4071537290715373 0.014840182648401826 0.1385083713850837
16 0.523972602739726 0.3972602739726027 0.0182648401826484 0.3105022831050228
11 0.7049086757990868 0.5060882800608828 0.04223744292237443 0.0806697108066971
14 0.5593607305936074 0.530441400304414 0.01141552511415525 0.0654490106544901
11 0.5085616438356164 0.510654490106545 0.08561643835616438 0.0715372907153729
6 0.317351598173516 0.5015220700152208 0.0319634703196347 0.0989345509893455
7 0.9417808219178082 0.5144596651445966 0.0502283105022831 0.076103500761035
6 0.125 0.5045662100456622 0.030821917808219176 0.0776255707762557
14 0.6278538812785388 0.5296803652968036 0.01141552511415525 0.060882800608828
6 0.2636986301369863 0.4893455098934551 0.0228310502283105 0.0593607305936073
7 0.4257990867579909 0.5182648401826484 0.03881278538812785 0.0593607305936073
3 0.5028538812785388 0.784627092846271 0.9942922374429224 0.4307458143074581
7 0.7819634703196348 0.512937595129376 0.0273972602739726 0.0882800608828006
14 0.523972602739726 0.5365296803652968 0.0091324200913242 0.0532724505327245
7 0.4680365296803653 0.5190258751902588 0.03881278538812785 0.0639269406392694
3 0.14440639269406394 0.5639269406392694 0.2865296803652968 0.0441400304414003
7 0.2625570776255708 0.5076103500761036 0.0593607305936073 0.0502283105022831
