4 0.7416666666666667 0.5290441176470588 0.47352941176470587 0.9330882352941177
13 0.17107843137254902 0.2746323529411765 0.32450980392156864 0.2933823529411765
16 0.45294117647058824 0.11102941176470588 0.06862745098039216 0.22058823529411764
0 0.1568627450980392 0.03529411764705882 0.0392156862745098 0.06911764705882353
11 0.20049019607843138 0.04301470588235294 0.06372549019607843 0.0375
0 0.5215686274509804 0.08676470588235294 0.06274509803921569 0.17205882352941176
11 0.3985294117647059 0.02463235294117647 0.024509803921568627 0.028676470588235293
16 0.55 0.05477941176470588 0.023529411764705882 0.10808823529411765
0 0.5857843137254902 0.03713235294117647 0.04019607843137255 0.07279411764705883
11 0.4676470588235294 0.012867647058823529 0.0196078431372549 0.021323529411764706
0 0.27058823529411763 0.022426470588235294 0.027450980392156862 0.04338235294117647
6 0.3980392156862745 0.01213235294117647 0.023529411764705882 0.022794117647058822
3 0.3348039215686274 0.07022058823529412 0.3284313725490196 0.025735294117647058
0 0.34019607843137256 0.016911764705882352 0.023529411764705882 0.03235294117647059
11 0.23480392156862745 0.04044117647058824 0.03235294117647059 0.03676470588235294
15 0.03872549019607843 0.06213235294117647 0.018627450980392157 0.015441176470588236
0 0.028431372549019607 0.028676470588235293 0.03137254901960784 0.05588235294117647
0 0.6019607843137255 0.020955882352941175 0.027450980392156862 0.04044117647058824
15 0.058333333333333334 0.05772058823529412 0.014705882352941176 0.0125
15 0.12009803921568628 0.05477941176470588 0.014705882352941176 0.013970588235294118
15 0.025490196078431372 0.06213235294117647 0.01568627450980392 0.013970588235294118
