10 0.758 0.8573333333333333 0.184 0.18933333333333333
10 0.609 0.836 0.046 0.056
10 0.988 0.8786666666666667 0.024 0.08266666666666667
10 0.15 0.8506666666666667 0.112 0.112
10 0.458 0.8386666666666667 0.016 0.04
10 0.962 0.8666666666666667 0.072 0.08533333333333333
10 0.663 0.8386666666666667 0.034 0.04
8 0.429 0.8146666666666667 0.062 0.07733333333333334
6 0.952 0.824 0.02 0.037333333333333336
10 0.234 0.8386666666666667 0.024 0.024
10 0.854 0.836 0.02 0.029333333333333333
9 0.061 0.8666666666666667 0.118 0.11733333333333333
16 0.519 0.644 0.106 0.6693333333333333
