10 0.12549019607843137 0.2823529411764706 0.24901960784313726 0.2691176470588235
13 0.8598039215686275 0.24375 0.10980392156862745 0.1036764705882353
10 0.3622549019607843 0.2025735294117647 0.12254901960784313 0.09338235294117647
10 0.27009803921568626 0.2301470588235294 0.19117647058823528 0.13088235294117648
10 0.5014705882352941 0.17977941176470588 0.07549019607843137 0.03308823529411765
0 0.7230392156862745 0.15955882352941175 0.08725490196078431 0.18382352941176472
11 0.9431372549019608 0.3698529411764706 0.11372549019607843 0.23676470588235293
10 0.828921568627451 0.1698529411764706 0.03235294117647059 0.01764705882352941
16 0.6583333333333333 0.10882352941176471 0.022549019607843137 0.16323529411764706
10 0.43529411764705883 0.17977941176470588 0.058823529411764705 0.03602941176470588
10 0.7808823529411765 0.1713235294117647 0.03627450980392157 0.022058823529411766
4 0.40637254901960784 0.6139705882352942 0.35784313725490197 0.7720588235294118
10 0.425 0.18639705882352942 0.04215686274509804 0.027205882352941177
6 0.5558823529411765 0.18235294117647058 0.01764705882352941 0.026470588235294117
0 0.6318627450980392 0.1577205882352941 0.028431372549019607 0.06838235294117648
11 0.7975490196078432 0.1889705882352941 0.018627450980392157 0.030882352941176472
11 0.9102941176470588 0.1738970588235294 0.020588235294117647 0.015441176470588236
6 0.7980392156862746 0.17316176470588235 0.023529411764705882 0.027205882352941177
6 0.9098039215686274 0.16544117647058823 0.013725490196078431 0.016176470588235296
6 0.9647058823529412 0.175 0.023529411764705882 0.03235294117647059
6 0.9774509803921568 0.17169117647058824 0.03137254901960784 0.030147058823529412
11 0.9642156862745098 0.20625 0.03627450980392157 0.04044117647058824
10 0.682843137254902 0.17426470588235293 0.03823529411764706 0.023529411764705882
