9 0.6889269406392694 0.2960426179604262 0.3184931506849315 0.1963470319634703
3 0.5011415525114156 0.6377473363774734 0.9931506849315068 0.5662100456621004
9 0.09703196347031963 0.30441400304414 0.1917808219178082 0.228310502283105
10 0.20319634703196346 0.3249619482496195 0.136986301369863 0.1111111111111111
6 0.4897260273972603 0.3523592085235921 0.0730593607305936 0.2267884322678843
6 0.3167808219178082 0.3120243531202435 0.04452054794520548 0.1308980213089802
7 0.3162100456621005 0.3592085235920852 0.0365296803652968 0.0882800608828006
2 0.7031963470319634 0.04794520547945205 0.0228310502283105 0.0745814307458143
6 0.8835616438356164 0.3051750380517504 0.0639269406392694 0.1293759512937595
1 0.678082191780822 0.0487062404870624 0.0228310502283105 0.0730593607305936
6 0.4343607305936073 0.3013698630136986 0.028538812785388126 0.1248097412480974
16 0.021689497716894976 0.09817351598173515 0.03424657534246575 0.1933028919330289
6 0.4554794520547945 0.3006088280060883 0.02511415525114155 0.1171993911719939
2 0.3687214611872146 0.18797564687975646 0.0182648401826484 0.0471841704718417
11 0.8807077625570776 0.3318112633181126 0.06050228310502283 0.106544901065449
5 0.1512557077625571 0.15220700152207 0.023972602739726026 0.0517503805175038
16 0.1541095890410959 0.22602739726027396 0.0136986301369863 0.0806697108066971
6 0.3721461187214612 0.2808219178082192 0.02054794520547945 0.0837138508371385
8 0.882420091324201 0.24581430745814306 0.13926940639269406 0.1628614916286149
16 0.2671232876712329 0.16971080669710806 0.0273972602739726 0.3302891933028919
16 0.3538812785388128 0.18949771689497716 0.0182648401826484 0.2846270928462709
15 0.4035388127853881 0.3059360730593607 0.017123287671232876 0.0273972602739726
16 0.3242009132420091 0.1385083713850837 0.0228310502283105 0.273972602739726
8 0.9726027397260274 0.2054794520547945 0.0547945205479452 0.3835616438356164
6 0.398972602739726 0.2663622526636225 0.014840182648401826 0.0517503805175038
16 0.5182648401826484 0.19254185692541856 0.01141552511415525 0.1171993911719939
16 0.610730593607306 0.13622526636225266 0.01141552511415525 0.1841704718417047
6 0.5108447488584474 0.2617960426179604 0.019406392694063926 0.0365296803652968
16 0.5827625570776256 0.12252663622526636 0.012557077625570776 0.2420091324200913
6 0.23059360730593606 0.2663622526636225 0.02511415525114155 0.0395738203957382
11 0.9200913242009132 0.3219178082191781 0.02968036529680365 0.0898021308980213
16 0.6215753424657534 0.18645357686453576 0.007990867579908675 0.0593607305936073
15 0.3898401826484018 0.3074581430745814 0.019406392694063926 0.030441400304414
6 0.906392694063927 0.2557077625570776 0.0182648401826484 0.0273972602739726
8 0.5639269406392694 0.24124809741248096 0.04794520547945205 0.0410958904109589
