3 0.5005707762557078 0.662861491628615 0.9988584474885844 0.6712328767123288
9 0.5684931506849316 0.2800608828006088 0.16666666666666666 0.0882800608828006
10 0.07648401826484018 0.3234398782343988 0.1506849315068493 0.1263318112633181
10 0.396689497716895 0.286910197869102 0.11529680365296803 0.0563165905631659
10 0.708904109589041 0.2831050228310502 0.03424657534246575 0.0395738203957382
10 0.8464611872146118 0.2785388127853881 0.05136986301369863 0.030441400304414
16 0.0182648401826484 0.121765601217656 0.03424657534246575 0.2404870624048706
16 0.2694063926940639 0.16666666666666666 0.02511415525114155 0.2998477929984779
10 0.6626712328767124 0.2777777777777778 0.023972602739726026 0.0197869101978691
2 0.2819634703196347 0.1552511415525114 0.01598173515981735 0.0426179604261796
0 0.1889269406392694 0.2404870624048706 0.017123287671232876 0.1095890410958904
2 0.6678082191780822 0.1902587519025875 0.01141552511415525 0.030441400304414
0 0.4794520547945205 0.2602739726027397 0.01141552511415525 0.0791476407914764
14 0.5730593607305936 0.2975646879756469 0.0091324200913242 0.0380517503805175
14 0.5593607305936074 0.2770167427701674 0.0091324200913242 0.0700152207001522
14 0.4309360730593607 0.3051750380517504 0.007990867579908675 0.0380517503805175
16 0.3504566210045662 0.14535768645357686 0.01598173515981735 0.2267884322678843
14 0.3698630136986301 0.3036529680365297 0.0091324200913242 0.0471841704718417
3 0.735730593607306 0.2975646879756469 0.1815068493150685 0.0197869101978691
2 0.363013698630137 0.23363774733637746 0.0091324200913242 0.0228310502283105
10 0.07591324200913242 0.2846270928462709 0.1495433789954338 0.1004566210045662
0 0.29337899543379 0.24429223744292236 0.01598173515981735 0.1111111111111111
9 0.4052511415525114 0.2694063926940639 0.13926940639269406 0.0547945205479452
6 0.4269406392694064 0.2541856925418569 0.0182648401826484 0.0273972602739726
