6 0.0915 0.6926666666666667 0.18233333333333332 0.518
6 0.25666666666666665 0.5306666666666666 0.08266666666666667 0.206
11 0.25866666666666666 0.551 0.27466666666666667 0.17333333333333334
6 0.33766666666666667 0.4851666666666667 0.068 0.11833333333333333
10 0.31633333333333336 0.4713333333333333 0.25933333333333336 0.08133333333333333
12 0.5751666666666667 0.5073333333333333 0.023666666666666666 0.04066666666666666
12 0.5791666666666667 0.4831666666666667 0.009 0.023666666666666666
12 0.5913333333333334 0.4826666666666667 0.015333333333333332 0.024666666666666667
10 0.7115 0.4595 0.24366666666666667 0.08766666666666667
12 0.8908333333333334 0.471 0.011 0.019333333333333334
11 0.8526666666666667 0.466 0.043333333333333335 0.056
6 0.8513333333333334 0.46016666666666667 0.03666666666666667 0.06366666666666666
16 0.17416666666666666 0.44866666666666666 0.007 0.062
0 0.22883333333333333 0.38716666666666666 0.03833333333333333 0.09033333333333333
0 0.43066666666666664 0.4021666666666667 0.02266666666666667 0.10566666666666667
0 0.5888333333333333 0.3965 0.029 0.14033333333333334
0 0.7735 0.355 0.029666666666666668 0.12
0 0.6605 0.37183333333333335 0.019 0.12966666666666668
0 0.908 0.398 0.028666666666666667 0.13066666666666665
0 0.9551666666666667 0.37983333333333336 0.028333333333333332 0.15566666666666668
16 0.9903333333333333 0.3576666666666667 0.019333333333333334 0.22333333333333333
6 0.709 0.43783333333333335 0.023333333333333334 0.019666666666666666
6 0.04783333333333333 0.5046666666666667 0.095 0.19733333333333333
6 0.04066666666666666 0.44066666666666665 0.044 0.052
11 0.3958333333333333 0.5316666666666666 0.10566666666666667 0.152
