4 0.3392156862745098 0.6808823529411765 0.43529411764705883 0.6352941176470588
16 0.17941176470588235 0.2426470588235294 0.10392156862745099 0.4838235294117647
0 0.3715686274509804 0.28345588235294117 0.03725490196078431 0.13897058823529412
0 0.32254901960784316 0.26544117647058824 0.07254901960784314 0.25882352941176473
0 0.42990196078431375 0.2838235294117647 0.020588235294117647 0.12058823529411765
0 0.46176470588235297 0.2908088235294118 0.0196078431372549 0.08897058823529412
0 0.07892156862745098 0.3220588235294118 0.15588235294117647 0.6352941176470588
0 0.4931372549019608 0.2893382352941177 0.013725490196078431 0.06985294117647059
6 0.09215686274509804 0.32169117647058826 0.01764705882352941 0.03602941176470588
11 0.40637254901960784 0.31433823529411764 0.012745098039215686 0.013970588235294118
16 0.05588235294117647 0.48051470588235295 0.10980392156862745 0.5566176470588236
0 0.3975490196078431 0.29301470588235295 0.016666666666666666 0.04632352941176471
6 0.40588235294117647 0.31066176470588236 0.011764705882352941 0.015441176470588236
16 0.5230392156862745 0.28088235294117647 0.010784313725490196 0.0661764705882353
0 0.5078431372549019 0.29007352941176473 0.011764705882352941 0.05808823529411765
