3 0.5 0.7229832572298326 0.997716894977169 0.5540334855403348
13 0.2317351598173516 0.3675799086757991 0.0547945205479452 0.0776255707762557
1 0.1558219178082192 0.0776255707762557 0.026255707762557076 0.0791476407914764
6 0.7345890410958904 0.3850837138508371 0.04452054794520548 0.15220700152207
1 0.3150684931506849 0.1613394216133942 0.0273972602739726 0.0730593607305936
3 0.0684931506849315 0.3789954337899543 0.13470319634703196 0.0639269406392694
16 0.9240867579908676 0.3569254185692542 0.03538812785388128 0.2359208523592085
0 0.5616438356164384 0.24429223744292236 0.03424657534246575 0.4185692541856925
14 0.4937214611872146 0.4223744292237443 0.014840182648401826 0.0745814307458143
14 0.3886986301369863 0.410958904109589 0.012557077625570776 0.0730593607305936
9 0.1872146118721461 0.2838660578386606 0.05251141552511415 0.0624048706240487
16 0.2705479452054795 0.17123287671232876 0.02511415525114155 0.3302891933028919
16 0.2945205479452055 0.2595129375951294 0.0182648401826484 0.3181126331811263
16 0.1906392694063927 0.1933028919330289 0.02968036529680365 0.3835616438356164
10 0.01997716894977169 0.2853881278538813 0.03767123287671233 0.0350076103500761
0 0.747716894977169 0.2541856925418569 0.02511415525114155 0.1308980213089802
10 0.06107305936073059 0.2853881278538813 0.04908675799086758 0.0289193302891933
10 0.10102739726027397 0.2861491628614916 0.04223744292237443 0.030441400304414
0 0.9823059360730594 0.3226788432267884 0.03538812785388128 0.30441400304414
0 0.8430365296803652 0.2861491628614916 0.019406392694063926 0.1126331811263318
14 0.10445205479452055 0.3295281582952816 0.010273972602739725 0.0350076103500761
16 0.23230593607305935 0.167427701674277 0.021689497716894976 0.3287671232876712
9 0.557648401826484 0.286910197869102 0.2522831050228311 0.1080669710806697
15 0.8122146118721462 0.4581430745814307 0.021689497716894976 0.0365296803652968
