3 0.593607305936073 0.7298325722983258 0.8105022831050228 0.5403348554033486
10 0.2437214611872146 0.5776255707762558 0.4851598173515982 0.4581430745814307
10 0.8738584474885844 0.4345509893455099 0.2522831050228311 0.1293759512937595
10 0.7226027397260274 0.4178082191780822 0.15296803652968036 0.0958904109589041
6 0.4195205479452055 0.4353120243531202 0.028538812785388126 0.091324200913242
1 0.0684931506849315 0.2557077625570776 0.02054794520547945 0.0547945205479452
11 0.4731735159817352 0.4383561643835616 0.04223744292237443 0.0395738203957382
2 0.1095890410958904 0.258751902587519 0.02054794520547945 0.045662100456621
11 0.5268264840182648 0.4353120243531202 0.05365296803652968 0.045662100456621
16 0.5896118721461188 0.3523592085235921 0.010273972602739725 0.1141552511415525
10 0.3493150684931507 0.4079147640791476 0.08447488584474885 0.0426179604261796
11 0.3658675799086758 0.4360730593607306 0.03538812785388128 0.0380517503805175
6 0.4440639269406393 0.4246575342465753 0.0228310502283105 0.076103500761035
6 0.5325342465753424 0.4216133942161339 0.021689497716894976 0.0639269406392694
6 0.4754566210045662 0.4231354642313546 0.023972602739726026 0.060882800608828
16 0.2831050228310502 0.3234398782343988 0.0136986301369863 0.1506849315068493
2 0.3116438356164384 0.3493150684931507 0.0136986301369863 0.0289193302891933
8 0.8025114155251142 0.363013698630137 0.3515981735159817 0.1141552511415525
11 0.601027397260274 0.4337899543378995 0.04452054794520548 0.0426179604261796
6 0.363013698630137 0.4193302891933029 0.0182648401826484 0.0410958904109589
6 0.601027397260274 0.4170471841704718 0.019406392694063926 0.0517503805175038
0 0.5662100456621004 0.3698630136986301 0.0136986301369863 0.076103500761035
16 0.4400684931506849 0.1993911719939117 0.019406392694063926 0.3866057838660578
14 0.5736301369863014 0.4383561643835616 0.007990867579908675 0.0395738203957382
14 0.557648401826484 0.4383561643835616 0.007990867579908675 0.0426179604261796
16 0.3007990867579909 0.3691019786910198 0.010273972602739725 0.0776255707762557
6 0.3447488584474886 0.4147640791476408 0.01598173515981735 0.0350076103500761
14 0.3972602739726027 0.4337899543378995 0.00684931506849315 0.0365296803652968
6 0.4320776255707763 0.426179604261796 0.014840182648401826 0.0791476407914764
16 0.4743150684931507 0.3744292237442922 0.017123287671232876 0.060882800608828
10 0.8242009132420092 0.4132420091324201 0.1872146118721461 0.1080669710806697
