7 0.6578125 0.5679156908665105 0.01875 0.09133489461358314
10 0.79609375 0.5913348946135831 0.2234375 0.30679156908665106
10 0.57421875 0.5374707259953162 0.0421875 0.11475409836065574
10 0.6046875 0.5081967213114754 0.08125 0.10304449648711944
8 0.29296875 0.46955503512880564 0.5828125 0.7236533957845434
6 0.6578125 0.5304449648711944 0.03125 0.1288056206088993
10 0.56171875 0.5573770491803278 0.0171875 0.11241217798594848
6 0.67578125 0.4953161592505855 0.0203125 0.07259953161592506
7 0.67578125 0.5257611241217799 0.0109375 0.04918032786885246
10 0.1296875 0.7622950819672131 0.25625 0.47540983606557374
9 0.74140625 0.4414519906323185 0.0890625 0.19437939110070257
10 0.58359375 0.522248243559719 0.0328125 0.09836065573770492
16 0.9296875 0.33840749414519905 0.046875 0.6721311475409836
