10 0.096875 0.23006644518272426 0.16375 0.10465116279069768
12 0.05875 0.25830564784053156 0.0275 0.07807308970099668
12 0.090625 0.26827242524916944 0.03125 0.08471760797342193
12 0.155 0.27740863787375414 0.0375 0.08970099667774087
12 0.23375 0.28820598006644516 0.04 0.09800664451827243
12 0.309375 0.303156146179402 0.04125 0.1079734219269103
12 0.3825 0.32475083056478404 0.0475 0.12790697674418605
12 0.435625 0.3480066445182724 0.04875 0.1378737541528239
12 0.48625 0.3795681063122924 0.055 0.1644518272425249
12 0.553125 0.42524916943521596 0.07375 0.19933554817275748
12 0.635625 0.48588039867109634 0.09125 0.25083056478405313
12 0.8 0.6137873754152824 0.13 0.3504983388704319
16 0.7675 0.12043189368770764 0.025 0.20764119601328904
16 0.429375 0.11461794019933555 0.02125 0.19601328903654486
16 0.308125 0.12458471760797342 0.02125 0.19933554817275748
16 0.27875 0.2084717607973422 0.015 0.12458471760797342
10 0.6625 0.23172757475083056 0.1175 0.05149501661129568
5 0.27375 0.1079734219269103 0.0525 0.059800664451827246
