10 0.051041666666666666 0.7277777777777777 0.09791666666666667 0.2740740740740741
10 0.20234375 0.6652777777777777 0.15677083333333333 0.14351851851851852
10 0.8393229166666667 0.6365740740740741 0.15260416666666668 0.17685185185185184
10 0.46848958333333335 0.6236111111111111 0.14322916666666666 0.11388888888888889
16 0.24791666666666667 0.45601851851851855 0.01875 0.2972222222222222
6 0.4973958333333333 0.6777777777777778 0.05 0.12037037037037036
11 0.49921875 0.7226851851851852 0.0578125 0.11203703703703703
11 0.3424479166666667 0.6944444444444444 0.05572916666666667 0.09259259259259259
6 0.33880208333333334 0.6560185185185186 0.04010416666666667 0.11574074074074074
11 0.69765625 0.7717592592592593 0.13072916666666667 0.19537037037037036
6 0.7221354166666667 0.7092592592592593 0.07447916666666667 0.21666666666666667
6 0.6890625 0.7143518518518519 0.06041666666666667 0.22685185185185186
10 0.6216145833333333 0.6337962962962963 0.14322916666666666 0.12314814814814815
10 0.93203125 0.638425925925926 0.12239583333333333 0.19907407407407407
10 0.9861979166666667 0.6736111111111112 0.027604166666666666 0.11018518518518519
10 0.5846354166666666 0.6212962962962963 0.1328125 0.1388888888888889
10 0.40598958333333335 0.6138888888888889 0.0984375 0.10740740740740741
10 0.31276041666666665 0.612037037037037 0.10572916666666667 0.07592592592592592
10 0.28229166666666666 0.5805555555555556 0.12395833333333334 0.06111111111111111
10 0.15286458333333333 0.6032407407407407 0.08802083333333334 0.06018518518518518
16 0.10130208333333333 0.49166666666666664 0.0171875 0.3537037037037037
18 0.06354166666666666 0.6425925925925926 0.07604166666666666 0.1111111111111111
0 0.7333333333333333 0.537962962962963 0.04479166666666667 0.22777777777777777
0 0.5166666666666667 0.5587962962962963 0.029166666666666667 0.1935185185185185
0 0.12734375 0.5740740740740741 0.025520833333333333 0.16111111111111112
11 0.6341145833333334 0.7453703703703703 0.06927083333333334 0.14444444444444443
6 0.6455729166666667 0.6967592592592593 0.06614583333333333 0.16944444444444445
