3 0.627283105022831 0.662861491628615 0.7454337899543378 0.6742770167427702
10 0.7802511415525114 0.2625570776255708 0.1495433789954338 0.0898021308980213
10 0.9429223744292238 0.2519025875190259 0.1141552511415525 0.0958904109589041
10 0.4765981735159817 0.2678843226788432 0.05593607305936073 0.0547945205479452
10 0.6581050228310502 0.2602739726027397 0.06050228310502283 0.0487062404870624
10 0.5713470319634704 0.2754946727549467 0.06506849315068493 0.0547945205479452
10 0.617579908675799 0.2656012176560122 0.06164383561643835 0.0532724505327245
16 0.3047945205479452 0.16818873668188736 0.03424657534246575 0.3302891933028919
2 0.8938356164383562 0.06925418569254185 0.0182648401826484 0.0563165905631659
2 0.5268264840182648 0.06012176560121765 0.021689497716894976 0.0654490106544901
10 0.8921232876712328 0.2465753424657534 0.07648401826484018 0.0700152207001522
11 0.5285388127853882 0.2968036529680365 0.0273972602739726 0.0487062404870624
7 0.4132420091324201 0.3097412480974125 0.02968036529680365 0.0410958904109589
6 0.3795662100456621 0.2853881278538813 0.019406392694063926 0.0715372907153729
16 0.4280821917808219 0.15905631659056316 0.02511415525114155 0.3059360730593607
2 0.3202054794520548 0.1841704718417047 0.021689497716894976 0.0517503805175038
6 0.4098173515981735 0.2853881278538813 0.0228310502283105 0.0593607305936073
5 0.9389269406392694 0.0624048706240487 0.017123287671232876 0.030441400304414
10 0.7134703196347032 0.2496194824961948 0.04337899543378995 0.060882800608828
6 0.526255707762557 0.2701674277016743 0.02511415525114155 0.0502283105022831
3 0.5907534246575342 0.3028919330289193 0.2522831050228311 0.0365296803652968
10 0.5188356164383562 0.2633181126331811 0.03995433789954338 0.0395738203957382
10 0.4377853881278539 0.2648401826484018 0.023972602739726026 0.0273972602739726
9 0.6883561643835616 0.22146118721461186 0.09817351598173515 0.0806697108066971
5 0.9554794520547946 0.06621004566210045 0.0182648401826484 0.0319634703196347
5 0.9726027397260274 0.16210045662100456 0.0136986301369863 0.0258751902587519
16 0.9703196347031964 0.1035007610350076 0.0182648401826484 0.2039573820395738
6 0.3310502283105023 0.2815829528158295 0.0228310502283105 0.0700152207001522
