16 0.9661764705882353 0.26433823529411765 0.03235294117647059 0.12426470588235294
0 0.8779411764705882 0.3040441176470588 0.024509803921568627 0.06985294117647059
16 0.2818627450980392 0.3003676470588235 0.12058823529411765 0.5786764705882353
11 0.9588235294117647 0.33676470588235297 0.0392156862745098 0.026470588235294117
16 0.6892156862745098 0.2731617647058823 0.027450980392156862 0.15073529411764705
6 0.11960784313725491 0.3341911764705882 0.021568627450980392 0.03308823529411765
0 0.5818627450980393 0.3150735294117647 0.024509803921568627 0.06985294117647059
10 0.008823529411764706 0.3738970588235294 0.01568627450980392 0.03602941176470588
14 0.20392156862745098 0.3628676470588235 0.011764705882352941 0.02426470588235294
6 0.9651960784313726 0.3272058823529412 0.022549019607843137 0.030882352941176472
16 0.4774509803921569 0.43125 0.060784313725490195 0.5360294117647059
3 0.23039215686274508 0.41507352941176473 0.4588235294117647 0.1036764705882353
16 0.34068627450980393 0.35661764705882354 0.05392156862745098 0.35294117647058826
16 0.9857843137254902 0.27095588235294116 0.028431372549019607 0.1375
4 0.033823529411764704 0.569485294117647 0.06568627450980392 0.1625
13 0.09754901960784314 0.3386029411764706 0.024509803921568627 0.02426470588235294
1 0.5176470588235295 0.2963235294117647 0.01568627450980392 0.022058823529411766
16 0.6392156862745098 0.3099264705882353 0.011764705882352941 0.08014705882352942
