16 0.14383561643835616 0.06316590563165905 0.02054794520547945 0.1232876712328767
0 0.7711187214611872 0.0654490106544901 0.021689497716894976 0.1156773211567732
0 0.889269406392694 0.0532724505327245 0.0182648401826484 0.0943683409436834
0 0.19006849315068494 0.0578386605783866 0.017123287671232876 0.0943683409436834
0 0.0730593607305936 0.0654490106544901 0.0365296803652968 0.1278538812785388
0 0.305365296803653 0.05859969558599695 0.023972602739726026 0.1141552511415525
0 0.3607305936073059 0.05707762557077625 0.01598173515981735 0.0958904109589041
3 0.5536529680365296 0.5684931506849316 0.8926940639269406 0.8599695585996956
16 0.5462328767123288 0.05403348554033485 0.012557077625570776 0.1050228310502283
0 0.6170091324200914 0.06316590563165905 0.017123287671232876 0.1171993911719939
13 0.4257990867579909 0.10426179604261795 0.02511415525114155 0.0380517503805175
16 0.4657534246575342 0.06468797564687975 0.0136986301369863 0.1263318112633181
0 0.7922374429223744 0.06773211567732115 0.01598173515981735 0.1111111111111111
0 0.478310502283105 0.060882800608828 0.01598173515981735 0.1156773211567732
0 0.9891552511415526 0.0502283105022831 0.019406392694063926 0.091324200913242
0 0.932648401826484 0.0532724505327245 0.02054794520547945 0.0882800608828006
0 0.648972602739726 0.05403348554033485 0.014840182648401826 0.0776255707762557
0 0.565068493150685 0.05403348554033485 0.01598173515981735 0.0928462709284627
10 0.5490867579908676 0.5692541856925418 0.8972602739726028 0.8614916286149162
0 0.656392694063927 0.0547945205479452 0.0136986301369863 0.076103500761035
0 0.4503424657534247 0.06012176560121765 0.012557077625570776 0.0867579908675799
0 0.7454337899543378 0.05403348554033485 0.0182648401826484 0.0928462709284627
0 0.2585616438356164 0.0624048706240487 0.014840182648401826 0.0852359208523592
0 0.8681506849315068 0.06012176560121765 0.017123287671232876 0.0837138508371385
0 0.3886986301369863 0.05707762557077625 0.014840182648401826 0.0867579908675799
6 0.8476027397260274 0.07382039573820395 0.017123287671232876 0.0350076103500761
6 0.8584474885844748 0.076103500761035 0.01141552511415525 0.0395738203957382
9 0.18207762557077625 0.0669710806697108 0.04452054794520548 0.0578386605783866
10 0.2425799086757991 0.0837138508371385 0.05136986301369863 0.0365296803652968
