10 0.3789954337899543 0.3896499238964992 0.3105022831050228 0.1491628614916286
3 0.3242009132420091 0.6902587519025876 0.6461187214611872 0.5342465753424658
10 0.6141552511415526 0.3888888888888889 0.1735159817351598 0.1050228310502283
10 0.9235159817351598 0.3736681887366819 0.1415525114155251 0.0624048706240487
1 0.4223744292237443 0.1948249619482496 0.0182648401826484 0.0547945205479452
11 0.20376712328767124 0.3691019786910198 0.028538812785388126 0.0350076103500761
16 0.8789954337899544 0.21537290715372906 0.0319634703196347 0.4003044140030441
1 0.2328767123287671 0.2024353120243531 0.0182648401826484 0.0517503805175038
1 0.6352739726027398 0.2770167427701674 0.014840182648401826 0.0365296803652968
16 0.07248858447488585 0.23668188736681886 0.023972602739726026 0.2998477929984779
16 0.7785388127853882 0.3523592085235921 0.01141552511415525 0.1171993911719939
16 0.2408675799086758 0.3409436834094368 0.00684931506849315 0.060882800608828
14 0.855593607305936 0.3972602739726027 0.010273972602739725 0.0487062404870624
14 0.8767123287671232 0.3972602739726027 0.01141552511415525 0.0487062404870624
16 0.6552511415525114 0.2503805175038052 0.0136986301369863 0.2146118721461187
11 0.829337899543379 0.3843226788432268 0.05136986301369863 0.0532724505327245
0 0.8065068493150684 0.3280060882800609 0.030821917808219176 0.1171993911719939
16 0.18949771689497716 0.30441400304414 0.01141552511415525 0.1248097412480974
10 0.014840182648401826 0.3828006088280061 0.0273972602739726 0.0806697108066971
16 0.7562785388127854 0.2792998477929985 0.017123287671232876 0.2572298325722983
10 0.7448630136986302 0.3538812785388128 0.07648401826484018 0.0471841704718417
10 0.8065068493150684 0.3576864535768645 0.09246575342465753 0.0365296803652968
3 0.12899543378995434 0.395738203957382 0.16210045662100456 0.0243531202435312
16 0.4982876712328767 0.1598173515981735 0.014840182648401826 0.3165905631659056
14 0.8898401826484018 0.3926940639269406 0.010273972602739725 0.045662100456621
16 0.622716894977169 0.2899543378995434 0.012557077625570776 0.0928462709284627
0 0.2745433789954338 0.3249619482496195 0.012557077625570776 0.0715372907153729
16 0.488013698630137 0.1750380517503805 0.014840182648401826 0.2770167427701674
