3 0.5005707762557078 0.6537290715372908 0.9988584474885844 0.6894977168949772
10 0.8202054794520548 0.273972602739726 0.10844748858447488 0.1126331811263318
10 0.4486301369863014 0.30441400304414 0.317351598173516 0.1187214611872146
6 0.4069634703196347 0.3523592085235921 0.09474885844748858 0.2146118721461187
11 0.9029680365296804 0.3569254185692542 0.18949771689497716 0.1567732115677321
16 0.4743150684931507 0.12709284627092846 0.021689497716894976 0.2511415525114155
10 0.889269406392694 0.2450532724505327 0.045662100456621 0.045662100456621
16 0.4315068493150685 0.121765601217656 0.02054794520547945 0.2404870624048706
16 0.4018264840182648 0.1308980213089802 0.0228310502283105 0.2100456621004566
16 0.06963470319634703 0.21993911719939116 0.02968036529680365 0.2176560121765601
1 0.7208904109589042 0.121765601217656 0.017123287671232876 0.0426179604261796
6 0.8972602739726028 0.3264840182648402 0.08447488584474885 0.2237442922374429
10 0.3270547945205479 0.2884322678843227 0.1358447488584475 0.0958904109589041
0 0.023972602739726026 0.2595129375951294 0.02968036529680365 0.1171993911719939
11 0.3955479452054795 0.3942161339421613 0.10616438356164383 0.1735159817351598
11 0.6809360730593608 0.2792998477929985 0.021689497716894976 0.0350076103500761
1 0.5496575342465754 0.1917808219178082 0.014840182648401826 0.0365296803652968
6 0.680365296803653 0.2663622526636225 0.02054794520547945 0.0547945205479452
16 0.9765981735159818 0.18493150684931506 0.012557077625570776 0.1080669710806697
16 0.872716894977169 0.1552511415525114 0.010273972602739725 0.1308980213089802
11 0.7437214611872146 0.271689497716895 0.021689497716894976 0.0289193302891933
16 0.5559360730593608 0.24581430745814306 0.01141552511415525 0.0684931506849315
16 0.656392694063927 0.17427701674277016 0.01141552511415525 0.2115677321156773
11 0.7203196347031964 0.2754946727549467 0.0136986301369863 0.0334855403348554
11 0.7631278538812786 0.273972602739726 0.017123287671232876 0.0334855403348554
6 0.7060502283105022 0.2640791476407915 0.012557077625570776 0.0410958904109589
6 0.7454337899543378 0.2595129375951294 0.01598173515981735 0.0380517503805175
10 0.7614155251141552 0.2420091324200913 0.04337899543378995 0.0243531202435312
6 0.7671232876712328 0.2557077625570776 0.0136986301369863 0.0365296803652968
16 0.6192922374429224 0.2070015220700152 0.010273972602739725 0.1278538812785388
6 0.7180365296803652 0.2633181126331811 0.0182648401826484 0.045662100456621
10 0.6352739726027398 0.2503805175038052 0.017123287671232876 0.0197869101978691
3 0.7208904109589042 0.2899543378995434 0.09018264840182648 0.0197869101978691
5 0.8875570776255708 0.1324200913242009 0.021689497716894976 0.030441400304414
11 0.7077625570776256 0.2747336377473364 0.0136986301369863 0.0350076103500761
