10 0.5395833333333333 0.53203125 0.04583333333333333 0.0359375
10 0.3375 0.57265625 0.12083333333333333 0.0765625
10 0.4947916666666667 0.54296875 0.08541666666666667 0.0546875
10 0.2375 0.5359375 0.10833333333333334 0.059375
6 0.41875 0.66171875 0.125 0.2765625
10 0.12604166666666666 0.64765625 0.24791666666666667 0.1703125
10 0.05416666666666667 0.5484375 0.10416666666666667 0.04375
10 0.571875 0.51484375 0.03958333333333333 0.0171875
10 0.55625 0.52421875 0.05 0.0328125
10 0.6 0.5125 0.03333333333333333 0.01875
16 0.11979166666666667 0.64765625 0.04375 0.2484375
