3 0.5 0.7184170471841704 0.997716894977169 0.5601217656012176
11 0.1752283105022831 0.4124809741248097 0.13356164383561644 0.1035007610350076
6 0.598744292237443 0.3751902587519026 0.030821917808219176 0.1263318112633181
6 0.9103881278538812 0.4193302891933029 0.05136986301369863 0.1750380517503805
7 0.8841324200913242 0.4436834094368341 0.1404109589041096 0.1141552511415525
11 0.7157534246575342 0.4185692541856925 0.12100456621004566 0.091324200913242
6 0.8259132420091324 0.3919330289193303 0.04680365296803653 0.1354642313546423
1 0.4457762557077626 0.24429223744292236 0.019406392694063926 0.0502283105022831
6 0.1740867579908676 0.3949771689497717 0.05136986301369863 0.1324200913242009
6 0.7265981735159818 0.3926940639269406 0.04908675799086758 0.1430745814307458
0 0.11358447488584475 0.3013698630136986 0.014840182648401826 0.0852359208523592
0 0.0136986301369863 0.3028919330289193 0.0182648401826484 0.1400304414003044
16 0.4121004566210046 0.20319634703196346 0.0273972602739726 0.3972602739726027
6 0.4480593607305936 0.3744292237442922 0.026255707762557076 0.0974124809741248
6 0.5405251141552512 0.3356164383561644 0.014840182648401826 0.0471841704718417
0 0.1917808219178082 0.2960426179604262 0.0136986301369863 0.0776255707762557
7 0.8042237442922374 0.4299847792998478 0.09703196347031963 0.1019786910197869
7 0.9714611872146118 0.4315068493150685 0.0547945205479452 0.1019786910197869
6 0.7323059360730594 0.3295281582952816 0.023972602739726026 0.0471841704718417
6 0.8687214611872146 0.3637747336377473 0.0273972602739726 0.0365296803652968
3 0.23230593607305935 0.423896499238965 0.4577625570776256 0.0563165905631659
13 0.04794520547945205 0.3561643835616438 0.0273972602739726 0.0395738203957382
0 0.24771689497716895 0.3059360730593607 0.01141552511415525 0.0639269406392694
16 0.4434931506849315 0.2975646879756469 0.007990867579908675 0.0593607305936073
16 0.4948630136986301 0.2701674277016743 0.012557077625570776 0.1324200913242009
16 0.5102739726027398 0.2815829528158295 0.01141552511415525 0.1308980213089802
11 0.21404109589041095 0.34779299847793 0.026255707762557076 0.0258751902587519
6 0.9891552511415526 0.4003044140030441 0.021689497716894976 0.1339421613394216
6 0.4394977168949772 0.3888888888888889 0.02054794520547945 0.0837138508371385
