15 0.54125 0.49883333333333335 0.057 0.08566666666666667
10 0.926 0.2821666666666667 0.1025 0.057
10 0.822375 0.269 0.10575 0.03866666666666667
10 0.7435 0.277 0.0425 0.029333333333333333
10 0.688625 0.27666666666666667 0.05175 0.032
8 0.746 0.26116666666666666 0.0525 0.04766666666666667
8 0.5905 0.30616666666666664 0.2415 0.105
6 0.4625 0.29183333333333333 0.0135 0.049
6 0.476125 0.2793333333333333 0.01225 0.026
10 0.05525 0.3225 0.103 0.07166666666666667
10 0.077125 0.3095 0.13975 0.087
10 0.116625 0.31066666666666665 0.09225 0.07066666666666667
10 0.170625 0.31516666666666665 0.04375 0.05566666666666667
10 0.2065 0.3011666666666667 0.086 0.057666666666666665
4 0.503 0.5 0.0815 0.104
10 0.185375 0.307 0.06925 0.058
10 0.29075 0.30433333333333334 0.0525 0.04466666666666667
10 0.307 0.302 0.058 0.04133333333333333
10 0.312 0.2915 0.052 0.029666666666666668
