10 0.23230593607305935 0.3729071537290715 0.4646118721461187 0.3378995433789954
3 0.6312785388127854 0.6727549467275494 0.7374429223744292 0.654490106544901
1 0.3310502283105023 0.13470319634703196 0.02511415525114155 0.0684931506849315
16 0.742579908675799 0.15905631659056316 0.03767123287671233 0.3181126331811263
16 0.9297945205479452 0.15449010654490106 0.04223744292237443 0.3028919330289193
5 0.20662100456621005 0.08599695585996955 0.0502283105022831 0.0684931506849315
0 0.511986301369863 0.2267884322678843 0.026255707762557076 0.2100456621004566
16 0.3116438356164384 0.1263318112633181 0.02968036529680365 0.2526636225266362
10 0.3481735159817352 0.2876712328767123 0.1643835616438356 0.076103500761035
0 0.8299086757990868 0.2024353120243531 0.02968036529680365 0.2252663622526636
0 0.09988584474885845 0.15449010654490106 0.028538812785388126 0.1111111111111111
16 0.2146118721461187 0.18645357686453576 0.0136986301369863 0.0745814307458143
1 0.58162100456621 0.04337899543378995 0.033105022831050226 0.0837138508371385
16 0.9868721461187214 0.16818873668188736 0.026255707762557076 0.2754946727549467
16 0.565068493150685 0.17275494672754946 0.0182648401826484 0.3181126331811263
