18 0.087 0.493 0.056 0.03666666666666667
16 0.09066666666666667 0.4851666666666667 0.014 0.14033333333333334
15 0.28833333333333333 0.5168333333333334 0.012666666666666666 0.015
13 0.2981666666666667 0.48833333333333334 0.018333333333333333 0.023333333333333334
15 0.37933333333333336 0.513 0.012 0.014
10 0.44616666666666666 0.48966666666666664 0.06433333333333334 0.038
10 0.5506666666666666 0.48683333333333334 0.058 0.04033333333333333
10 0.6201666666666666 0.48483333333333334 0.05433333333333333 0.03966666666666667
10 0.7006666666666667 0.48333333333333334 0.042 0.04
15 0.698 0.511 0.013333333333333334 0.015333333333333332
16 0.744 0.4628333333333333 0.013333333333333334 0.177
15 0.7695 0.5085 0.008333333333333333 0.013666666666666667
0 0.9381666666666667 0.44116666666666665 0.089 0.4816666666666667
0 0.6758333333333333 0.48733333333333334 0.07833333333333334 0.258
0 0.7711666666666667 0.42766666666666664 0.034333333333333334 0.17933333333333334
0 0.5996666666666667 0.4445 0.017333333333333333 0.17366666666666666
0 0.44866666666666666 0.44866666666666666 0.016 0.12266666666666666
0 0.03266666666666666 0.5193333333333333 0.022 0.12733333333333333
0 0.1405 0.5028333333333334 0.017666666666666667 0.089
