3 0.6860730593607306 0.69558599695586 0.6278538812785388 0.60882800608828
11 0.14383561643835616 0.4512937595129376 0.2237442922374429 0.1659056316590563
16 0.1877853881278539 0.19101978691019786 0.033105022831050226 0.3759512937595129
10 0.9577625570776256 0.3455098934550989 0.08447488584474885 0.1035007610350076
6 0.24315068493150685 0.3569254185692542 0.02968036529680365 0.1202435312024353
6 0.1329908675799087 0.4132420091324201 0.07648401826484018 0.1993911719939117
2 0.9668949771689498 0.1263318112633181 0.0228310502283105 0.060882800608828
10 0.5844748858447488 0.319634703196347 0.07077625570776255 0.0547945205479452
0 0.7676940639269406 0.2823439878234399 0.012557077625570776 0.0806697108066971
1 0.5353881278538812 0.2085235920852359 0.0182648401826484 0.045662100456621
6 0.478310502283105 0.3188736681887367 0.0182648401826484 0.0715372907153729
14 0.490296803652968 0.3546423135464231 0.010273972602739725 0.0487062404870624
14 0.4452054794520548 0.3592085235920852 0.01141552511415525 0.0547945205479452
3 0.78824200913242 0.378234398782344 0.3824200913242009 0.0471841704718417
0 0.5702054794520548 0.2975646879756469 0.017123287671232876 0.1202435312024353
16 0.4029680365296804 0.19863013698630136 0.02054794520547945 0.3942161339421613
0 0.8384703196347032 0.2815829528158295 0.017123287671232876 0.0882800608828006
10 0.5165525114155252 0.3074581430745814 0.03995433789954338 0.0395738203957382
0 0.9218036529680366 0.2686453576864536 0.021689497716894976 0.1080669710806697
0 0.507420091324201 0.2914764079147641 0.012557077625570776 0.0837138508371385
6 0.71175799086758 0.2998477929984779 0.010273972602739725 0.030441400304414
0 0.6809360730593608 0.2831050228310502 0.010273972602739725 0.060882800608828
16 0.9651826484018264 0.2777777777777778 0.007990867579908675 0.0441400304414003
6 0.7214611872146118 0.2983257229832572 0.0091324200913242 0.0334855403348554
16 0.5348173515981736 0.3036529680365297 0.010273972602739725 0.1385083713850837
10 0.5507990867579908 0.3105022831050228 0.05136986301369863 0.0426179604261796
6 0.4925799086757991 0.3051750380517504 0.012557077625570776 0.0441400304414003
0 0.7311643835616438 0.2853881278538813 0.010273972602739725 0.0684931506849315
