3 0.5148401826484018 0.7199391171993912 0.9703196347031964 0.5601217656012176
10 0.7779680365296804 0.5091324200913242 0.4440639269406393 0.4368340943683409
10 0.4697488584474886 0.2998477929984779 0.11986301369863013 0.0974124809741248
16 0.16666666666666666 0.243531202435312 0.0547945205479452 0.4840182648401826
0 0.809931506849315 0.21841704718417046 0.033105022831050226 0.1354642313546423
3 0.5171232876712328 0.3904109589041096 0.18949771689497716 0.0837138508371385
6 0.2437214611872146 0.3219178082191781 0.04223744292237443 0.1445966514459665
1 0.4143835616438356 0.0943683409436834 0.0365296803652968 0.0943683409436834
16 0.8641552511415526 0.1796042617960426 0.0273972602739726 0.2070015220700152
6 0.6352739726027398 0.3097412480974125 0.03995433789954338 0.0593607305936073
16 0.4297945205479452 0.2237442922374429 0.019406392694063926 0.4018264840182648
10 0.3453196347031963 0.2876712328767123 0.07191780821917808 0.0547945205479452
16 0.3361872146118721 0.2298325722983257 0.023972602739726026 0.2678843226788432
6 0.2665525114155251 0.3135464231354642 0.030821917808219176 0.1278538812785388
0 0.5131278538812786 0.2404870624048706 0.014840182648401826 0.0943683409436834
6 0.9823059360730594 0.2846270928462709 0.017123287671232876 0.045662100456621
0 0.6341324200913242 0.23363774733637746 0.021689497716894976 0.0958904109589041
11 0.2745433789954338 0.3439878234398782 0.05365296803652968 0.0852359208523592
6 0.4132420091324201 0.3051750380517504 0.0182648401826484 0.0928462709284627
16 0.386986301369863 0.271689497716895 0.01598173515981735 0.2267884322678843
14 0.4240867579908676 0.3767123287671233 0.012557077625570776 0.1019786910197869
10 0.20490867579908675 0.2663622526636225 0.026255707762557076 0.0395738203957382
6 0.5764840182648402 0.2808219178082192 0.0136986301369863 0.0471841704718417
0 0.1889269406392694 0.2465753424657534 0.014840182648401826 0.121765601217656
10 0.23401826484018265 0.2648401826484018 0.0365296803652968 0.045662100456621
6 0.5981735159817352 0.2785388127853881 0.01598173515981735 0.0426179604261796
16 0.3105022831050228 0.2617960426179604 0.0136986301369863 0.1400304414003044
16 0.2054794520547945 0.2503805175038052 0.01141552511415525 0.1324200913242009
11 0.3424657534246575 0.3165905631659056 0.045662100456621 0.0639269406392694
9 0.2893835616438356 0.243531202435312 0.08333333333333333 0.060882800608828
1 0.7751141552511416 0.03576864535768645 0.03424657534246575 0.0684931506849315
