10 0.95390625 0.55625 0.0890625 0.07083333333333333
10 0.92421875 0.5239583333333333 0.1484375 0.06041666666666667
10 0.6953125 0.5166666666666667 0.046875 0.041666666666666664
10 0.73125 0.5104166666666666 0.021875 0.020833333333333332
10 0.0203125 0.5791666666666667 0.0375 0.125
8 0.3484375 0.5489583333333333 0.64375 0.54375
6 0.66015625 0.61875 0.0578125 0.22083333333333333
6 0.696875 0.5822916666666667 0.046875 0.13541666666666666
6 0.8859375 0.55625 0.03125 0.1125
10 0.73203125 0.4895833333333333 0.0171875 0.016666666666666666
19 0.921875 0.5770833333333333 0.015625 0.05416666666666667
16 0.0265625 0.35520833333333335 0.034375 0.3145833333333333
13 0.740625 0.6645833333333333 0.040625 0.1375
16 0.81015625 0.221875 0.0140625 0.24375
16 0.9015625 0.38125 0.015625 0.25
