3 0.4960045662100457 0.7146118721461188 0.9897260273972602 0.5707762557077626
10 0.11073059360730593 0.410958904109589 0.2191780821917808 0.1187214611872146
9 0.8224885844748858 0.3569254185692542 0.1997716894977169 0.1719939117199391
0 0.10331050228310502 0.3272450532724505 0.014840182648401826 0.0639269406392694
2 0.4492009132420091 0.317351598173516 0.012557077625570776 0.0319634703196347
14 0.2254566210045662 0.4140030441400304 0.007990867579908675 0.0395738203957382
14 0.2591324200913242 0.4178082191780822 0.0091324200913242 0.0410958904109589
16 0.5587899543378996 0.21385083713850836 0.017123287671232876 0.4185692541856925
14 0.8595890410958904 0.7115677321156774 0.03881278538812785 0.2176560121765601
16 0.2973744292237443 0.319634703196347 0.012557077625570776 0.1917808219178082
8 0.9394977168949772 0.3850837138508371 0.0502283105022831 0.060882800608828
3 0.9503424657534246 0.4223744292237443 0.09931506849315068 0.0228310502283105
7 0.3310502283105023 0.4025875190258752 0.0319634703196347 0.0380517503805175
16 0.4383561643835616 0.3097412480974125 0.0136986301369863 0.2328767123287671
6 0.273972602739726 0.3942161339421613 0.01598173515981735 0.045662100456621
11 0.273972602739726 0.3949771689497717 0.01598173515981735 0.0471841704718417
14 0.8447488584474886 0.6818873668188736 0.05251141552511415 0.1887366818873668
