10 0.05703125 0.351288056206089 0.1109375 0.2716627634660422
10 0.515625 0.3911007025761124 0.071875 0.02810304449648712
19 0.7 0.6124121779859485 0.190625 0.6065573770491803
6 0.3171875 0.27049180327868855 0.14375 0.5362997658079626
10 0.61171875 0.39695550351288056 0.0390625 0.02576112412177986
0 0.44765625 0.21428571428571427 0.0609375 0.4238875878220141
0 0.578125 0.3325526932084309 0.034375 0.15456674473067916
0 0.71953125 0.3255269320843091 0.1546875 0.6463700234192038
0 0.61796875 0.33489461358313816 0.0296875 0.12646370023419204
0 0.940625 0.2775175644028103 0.046875 0.11007025761124122
16 0.90078125 0.3583138173302108 0.0328125 0.36533957845433257
16 0.04765625 0.16159250585480095 0.0140625 0.16393442622950818
16 0.07734375 0.22482435597189696 0.0140625 0.1358313817330211
