8 0.783675799086758 0.3774733637747336 0.08561643835616438 0.1035007610350076
10 0.2471461187214612 0.4490106544901065 0.06963470319634703 0.1035007610350076
3 0.4075342465753425 0.5989345509893456 0.3812785388127854 0.2754946727549467
10 0.9703196347031964 0.3942161339421613 0.0593607305936073 0.0639269406392694
11 0.922945205479452 0.4429223744292237 0.11986301369863013 0.091324200913242
1 0.7294520547945206 0.21841704718417046 0.02054794520547945 0.0624048706240487
11 0.7311643835616438 0.4200913242009132 0.021689497716894976 0.0426179604261796
16 0.285958904109589 0.3280060882800609 0.021689497716894976 0.2876712328767123
3 0.6797945205479452 0.852359208523592 0.6358447488584474 0.2922374429223744
9 0.8841324200913242 0.3592085235920852 0.11986301369863013 0.1400304414003044
10 0.3013698630136986 0.410958904109589 0.06164383561643835 0.0395738203957382
6 0.646689497716895 0.410958904109589 0.017123287671232876 0.0639269406392694
1 0.6027397260273972 0.3249619482496195 0.0136986301369863 0.0350076103500761
0 0.5781963470319634 0.3736681887366819 0.021689497716894976 0.1293759512937595
6 0.928082191780822 0.4185692541856925 0.04337899543378995 0.106544901065449
6 0.6078767123287672 0.4170471841704718 0.017123287671232876 0.0730593607305936
14 0.5205479452054794 0.4490106544901065 0.0091324200913242 0.0395738203957382
2 0.7106164383561644 0.2191780821917808 0.017123287671232876 0.060882800608828
11 0.6735159817351598 0.4216133942161339 0.02968036529680365 0.045662100456621
11 0.7037671232876712 0.4208523592085236 0.021689497716894976 0.0441400304414003
6 0.6192922374429224 0.4155251141552511 0.017123287671232876 0.0700152207001522
14 0.5644977168949772 0.4421613394216134 0.007990867579908675 0.0380517503805175
16 0.4680365296803653 0.2389649923896499 0.0228310502283105 0.45662100456621
16 0.6501141552511416 0.3066971080669711 0.012557077625570776 0.1445966514459665
16 0.3795662100456621 0.24124809741248096 0.023972602739726026 0.4490106544901065
3 0.7505707762557078 0.454337899543379 0.2979452054794521 0.0380517503805175
6 0.7049086757990868 0.4033485540334855 0.021689497716894976 0.0487062404870624
16 0.66837899543379 0.3211567732115677 0.010273972602739725 0.1126331811263318
6 0.7288812785388128 0.3995433789954338 0.021689497716894976 0.0410958904109589
10 0.565068493150685 0.4033485540334855 0.05707762557077625 0.0365296803652968
16 0.625 0.3051750380517504 0.010273972602739725 0.1963470319634703
10 0.5964611872146118 0.4018264840182648 0.021689497716894976 0.0365296803652968
6 0.2585616438356164 0.4101978691019787 0.023972602739726026 0.0289193302891933
6 0.6723744292237442 0.3972602739726027 0.02054794520547945 0.030441400304414
16 0.06621004566210045 0.1796042617960426 0.0867579908675799 0.3561643835616438
16 0.6124429223744292 0.3409436834094368 0.010273972602739725 0.091324200913242
0 0.23230593607305935 0.3637747336377473 0.030821917808219176 0.0943683409436834
