10 0.7765625 0.5364583333333334 0.0625 0.07708333333333334
10 0.7046875 0.5354166666666667 0.090625 0.08333333333333333
10 0.9328125 0.53125 0.046875 0.05416666666666667
19 0.52578125 0.6447916666666667 0.0453125 0.13125
6 0.85234375 0.5802083333333333 0.1109375 0.35208333333333336
6 0.5375 0.4552083333333333 0.1625 0.3229166666666667
6 0.45703125 0.6239583333333333 0.0671875 0.11458333333333333
10 0.56484375 0.5364583333333334 0.0859375 0.07291666666666667
10 0.4390625 0.5385416666666667 0.18125 0.06875
16 0.196875 0.4322916666666667 0.040625 0.40208333333333335
16 0.259375 0.38333333333333336 0.021875 0.22916666666666666
13 0.940625 0.6875 0.09375 0.1875
