3 0.3784246575342466 0.6400304414003044 0.7545662100456622 0.7168949771689498
10 0.2648401826484018 0.2785388127853881 0.2237442922374429 0.106544901065449
9 0.03538812785388128 0.243531202435312 0.0684931506849315 0.1430745814307458
10 0.9765981735159818 0.2298325722983257 0.03538812785388128 0.0334855403348554
14 0.6689497716894978 0.2625570776255708 0.0091324200913242 0.0441400304414003
16 0.3515981735159817 0.11948249619482496 0.0182648401826484 0.2328767123287671
16 0.5234018264840182 0.136986301369863 0.019406392694063926 0.2648401826484018
0 0.4052511415525114 0.21537290715372906 0.0136986301369863 0.0715372907153729
0 0.8641552511415526 0.2115677321156773 0.01141552511415525 0.0669710806697108
2 0.5348173515981736 0.1171993911719939 0.014840182648401826 0.0395738203957382
16 0.648972602739726 0.09969558599695585 0.012557077625570776 0.1963470319634703
0 0.589041095890411 0.21537290715372906 0.01141552511415525 0.0806697108066971
9 0.6952054794520548 0.2343987823439878 0.14383561643835616 0.0700152207001522
0 0.15753424657534246 0.2100456621004566 0.01141552511415525 0.0639269406392694
0 0.09018264840182648 0.2085235920852359 0.0136986301369863 0.0700152207001522
2 0.6541095890410958 0.1841704718417047 0.01141552511415525 0.030441400304414
14 0.6101598173515982 0.2610350076103501 0.007990867579908675 0.0471841704718417
7 0.78824200913242 0.2846270928462709 0.028538812785388126 0.0669710806697108
6 0.7203196347031964 0.21385083713850836 0.0182648401826484 0.0289193302891933
6 0.7928082191780822 0.2503805175038052 0.030821917808219176 0.1019786910197869
10 0.06735159817351598 0.2557077625570776 0.04337899543378995 0.076103500761035
14 0.8242009132420092 0.2557077625570776 0.00684931506849315 0.0365296803652968
0 0.4971461187214612 0.2070015220700152 0.012557077625570776 0.0974124809741248
14 0.8110730593607306 0.2343987823439878 0.010273972602739725 0.0669710806697108
3 0.9726027397260274 0.2526636225266362 0.0547945205479452 0.0182648401826484
9 0.9377853881278538 0.2176560121765601 0.026255707762557076 0.0426179604261796
0 0.916095890410959 0.2115677321156773 0.012557077625570776 0.076103500761035
10 0.9554794520547946 0.2252663622526636 0.01598173515981735 0.0213089802130898
6 0.7802511415525114 0.23820395738203956 0.019406392694063926 0.0654490106544901
0 0.7825342465753424 0.18949771689497716 0.010273972602739725 0.0532724505327245
0 0.06906392694063927 0.20624048706240486 0.010273972602739725 0.0532724505327245
10 0.2865296803652968 0.2465753424657534 0.2146118721461187 0.0974124809741248
