8 0.4397163120567376 0.51015625 0.7139479905437353 0.3390625
6 0.07092198581560284 0.71171875 0.13238770685579196 0.5328125
6 0.8605200945626478 0.53515625 0.02364066193853428 0.0453125
6 0.4326241134751773 0.475 0.08983451536643026 0.071875
6 0.8983451536643026 0.53359375 0.02364066193853428 0.0484375
6 0.9314420803782506 0.53515625 0.03309692671394799 0.0421875
6 0.8096926713947991 0.53359375 0.03546099290780142 0.0453125
6 0.4988179669030733 0.478125 0.061465721040189124 0.06875
13 0.28368794326241137 0.8453125 0.2789598108747045 0.2875
13 0.11465721040189125 0.81484375 0.1111111111111111 0.2640625
16 0.2375886524822695 0.41640625 0.08274231678486997 0.3078125
