3 0.5810502283105022 0.693302891933029 0.8378995433789954 0.604261796042618
9 0.4897260273972603 0.3493150684931507 0.182648401826484 0.1263318112633181
9 0.7631278538812786 0.3181126331811263 0.1267123287671233 0.1004566210045662
6 0.3704337899543379 0.3599695585996956 0.033105022831050226 0.0928462709284627
10 0.6289954337899544 0.3264840182648402 0.0365296803652968 0.0410958904109589
10 0.6666666666666666 0.3340943683409437 0.05251141552511415 0.0441400304414003
16 0.259703196347032 0.20167427701674276 0.030821917808219176 0.4003044140030441
2 0.8333333333333334 0.1613394216133942 0.0182648401826484 0.0517503805175038
2 0.6307077625570776 0.1689497716894977 0.019406392694063926 0.0547945205479452
6 0.973744292237443 0.3226788432267884 0.0182648401826484 0.0669710806697108
16 0.2968036529680365 0.20015220700152206 0.03424657534246575 0.3972602739726027
16 0.8858447488584474 0.2549467275494673 0.0136986301369863 0.1841704718417047
16 0.4646118721461187 0.1461187214611872 0.02054794520547945 0.289193302891933
16 0.4400684931506849 0.2070015220700152 0.014840182648401826 0.1856925418569254
16 0.5416666666666666 0.16666666666666666 0.017123287671232876 0.2480974124809741
6 0.4063926940639269 0.3333333333333333 0.02054794520547945 0.0487062404870624
1 0.3972602739726027 0.2557077625570776 0.01598173515981735 0.0426179604261796
6 0.932648401826484 0.3280060882800609 0.0182648401826484 0.0563165905631659
10 0.898972602739726 0.3203957382039574 0.06506849315068493 0.0380517503805175
3 0.773972602739726 0.3668188736681887 0.410958904109589 0.0334855403348554
16 0.3458904109589041 0.2450532724505327 0.0228310502283105 0.2861491628614916
13 0.8567351598173516 0.3340943683409437 0.021689497716894976 0.0319634703196347
16 0.9366438356164384 0.19101978691019786 0.014840182648401826 0.2328767123287671
10 0.6877853881278538 0.3158295281582953 0.023972602739726026 0.0228310502283105
10 0.5878995433789954 0.3242009132420091 0.02511415525114155 0.0273972602739726
16 0.9914383561643836 0.21689497716894976 0.017123287671232876 0.2785388127853881
16 0.4023972602739726 0.2671232876712329 0.010273972602739725 0.0898021308980213
6 0.8304794520547946 0.3203957382039574 0.014840182648401826 0.0410958904109589
5 0.6906392694063926 0.2054794520547945 0.0182648401826484 0.0273972602739726
