3 0.5005707762557078 0.7633181126331812 0.9988584474885844 0.4733637747336377
16 0.6957762557077626 0.21537290715372906 0.03538812785388128 0.4246575342465753
10 0.9594748858447488 0.4124809741248097 0.08105022831050228 0.076103500761035
10 0.8761415525114156 0.4018264840182648 0.10159817351598173 0.060882800608828
10 0.7973744292237442 0.3949771689497717 0.06278538812785388 0.0502283105022831
6 0.5547945205479452 0.454337899543379 0.04794520547945205 0.1628614916286149
6 0.66324200913242 0.4596651445966514 0.05707762557077625 0.1400304414003044
6 0.521689497716895 0.4193302891933029 0.0273972602739726 0.1324200913242009
16 0.6432648401826484 0.3127853881278539 0.017123287671232876 0.2146118721461187
11 0.6649543378995434 0.4863013698630137 0.09246575342465753 0.0898021308980213
5 0.15011415525114155 0.15601217656012176 0.05593607305936073 0.0898021308980213
0 0.4971461187214612 0.3607305936073059 0.03538812785388128 0.2952815829528158
2 0.6289954337899544 0.2519025875190259 0.02511415525114155 0.0654490106544901
3 0.853310502283105 0.4923896499238965 0.29337899543379 0.0776255707762557
14 0.4252283105022831 0.4923896499238965 0.012557077625570776 0.0806697108066971
6 0.7568493150684932 0.4353120243531202 0.0410958904109589 0.1156773211567732
14 0.2671232876712329 0.4939117199391172 0.0136986301369863 0.0867579908675799
0 0.04223744292237443 0.3531202435312024 0.0776255707762557 0.3409436834094368
11 0.7482876712328768 0.4627092846270928 0.05365296803652968 0.0852359208523592
16 0.14840182648401826 0.3599695585996956 0.0182648401826484 0.3302891933028919
16 0.8755707762557078 0.3028919330289193 0.01598173515981735 0.1308980213089802
16 0.4149543378995434 0.3386605783866058 0.017123287671232876 0.1324200913242009
16 0.579337899543379 0.2549467275494673 0.033105022831050226 0.5068493150684932
10 0.7208904109589042 0.3850837138508371 0.04908675799086758 0.0365296803652968
10 0.6118721461187214 0.3767123287671233 0.03424657534246575 0.0258751902587519
16 0.5485159817351598 0.30441400304414 0.007990867579908675 0.0943683409436834
6 0.6752283105022832 0.3926940639269406 0.014840182648401826 0.0639269406392694
9 0.651255707762557 0.3607305936073059 0.05136986301369863 0.0517503805175038
6 0.7208904109589042 0.4277016742770167 0.03538812785388128 0.1004566210045662
6 0.5490867579908676 0.3789954337899543 0.02968036529680365 0.0395738203957382
