12 0.1925925925925926 0.40555555555555556 0.05185185185185185 0.10740740740740741
12 0.3800925925925926 0.38580246913580246 0.049074074074074076 0.10493827160493827
12 0.5467592592592593 0.36604938271604937 0.05277777777777778 0.10987654320987654
12 0.7337962962962963 0.3425925925925926 0.05092592592592592 0.10740740740740741
10 0.4981481481481482 0.2234567901234568 0.29814814814814816 0.1654320987654321
10 0.8625 0.17407407407407408 0.24537037037037038 0.1654320987654321
10 0.0837962962962963 0.1 0.09351851851851851 0.07407407407407407
10 0.17916666666666667 0.08950617283950617 0.09166666666666666 0.07037037037037037
10 0.2763888888888889 0.07530864197530865 0.08796296296296297 0.07160493827160494
10 0.38981481481481484 0.05308641975308642 0.09074074074074075 0.07654320987654321
12 0.9018518518518519 0.3160493827160494 0.037037037037037035 0.10864197530864197
0 0.8282407407407407 0.08703703703703704 0.030555555555555555 0.17160493827160495
0 0.7148148148148148 0.11358024691358025 0.03888888888888889 0.22469135802469137
0 0.6236111111111111 0.11234567901234568 0.04722222222222222 0.2222222222222222
0 0.4888888888888889 0.08641975308641975 0.03888888888888889 0.17037037037037037
