6 0.246078431372549 0.039705882352941174 0.025490196078431372 0.030882352941176472
10 0.08676470588235294 0.061764705882352944 0.1715686274509804 0.0838235294117647
10 0.052941176470588235 0.09301470588235294 0.10392156862745099 0.08897058823529412
0 0.28823529411764703 0.026470588235294117 0.03529411764705882 0.051470588235294115
11 0.2735294117647059 0.10404411764705883 0.07450980392156863 0.07720588235294118
0 0.40294117647058825 0.016176470588235296 0.027450980392156862 0.030882352941176472
16 0.1843137254901961 0.039338235294117646 0.03333333333333333 0.07720588235294118
10 0.16519607843137254 0.047058823529411764 0.14411764705882352 0.054411764705882354
11 0.3897058823529412 0.04889705882352941 0.03627450980392157 0.03455882352941177
0 0.4514705882352941 0.016176470588235296 0.024509803921568627 0.030882352941176472
6 0.2299019607843137 0.04007352941176471 0.022549019607843137 0.027205882352941177
10 0.3779411764705882 0.027205882352941177 0.03823529411764706 0.01764705882352941
16 0.492156862745098 0.013602941176470588 0.021568627450980392 0.025735294117647058
11 0.3112745098039216 0.08419117647058824 0.05 0.06397058823529411
4 0.6666666666666666 0.5540441176470589 0.6176470588235294 0.8919117647058824
