10 0.0265625 0.5645833333333333 0.05 0.0875
6 0.57890625 0.6125 0.1953125 0.7541666666666667
6 0.896875 0.5947916666666667 0.084375 0.36875
6 0.97265625 0.5833333333333334 0.0546875 0.375
6 0.946875 0.56875 0.03125 0.2375
6 0.8421875 0.5416666666666666 0.03125 0.16666666666666666
6 0.809375 0.5197916666666667 0.0125 0.06041666666666667
9 0.3375 0.43020833333333336 0.434375 0.61875
9 0.68515625 0.4635416666666667 0.1671875 0.27291666666666664
16 0.61015625 0.16458333333333333 0.0328125 0.325
16 0.68515625 0.46458333333333335 0.0765625 0.6541666666666667
