3 0.533675799086758 0.7100456621004566 0.930365296803653 0.5799086757990868
10 0.146689497716895 0.3942161339421613 0.20205479452054795 0.1187214611872146
6 0.6198630136986302 0.3523592085235921 0.03424657534246575 0.1019786910197869
9 0.079337899543379 0.3432267884322679 0.09703196347031963 0.1080669710806697
7 0.3139269406392694 0.3881278538812785 0.06164383561643835 0.0547945205479452
11 0.4377853881278539 0.3888888888888889 0.06963470319634703 0.0745814307458143
6 0.509703196347032 0.3736681887366819 0.04908675799086758 0.1293759512937595
11 0.91324200913242 0.363013698630137 0.0365296803652968 0.0989345509893455
1 0.2608447488584475 0.22907153729071536 0.023972602739726026 0.0624048706240487
7 0.6244292237442922 0.3828006088280061 0.09360730593607305 0.0867579908675799
1 0.3515981735159817 0.2617960426179604 0.0182648401826484 0.0426179604261796
11 0.8538812785388128 0.3660578386605784 0.0365296803652968 0.0958904109589041
6 0.7374429223744292 0.3272450532724505 0.02511415525114155 0.0943683409436834
6 0.4754566210045662 0.3447488584474886 0.021689497716894976 0.0745814307458143
6 0.3721461187214612 0.3774733637747336 0.04337899543378995 0.1187214611872146
11 0.5199771689497716 0.4018264840182648 0.06735159817351598 0.0943683409436834
11 0.6889269406392694 0.3645357686453577 0.04680365296803653 0.0867579908675799
11 0.7585616438356164 0.365296803652968 0.033105022831050226 0.0882800608828006
11 0.375 0.3949771689497717 0.05365296803652968 0.0867579908675799
16 0.803082191780822 0.21689497716894976 0.019406392694063926 0.3668188736681887
16 0.3350456621004566 0.2579908675799087 0.019406392694063926 0.2694063926940639
6 0.3070776255707763 0.3614916286149163 0.0319634703196347 0.0898021308980213
6 0.490296803652968 0.3249619482496195 0.017123287671232876 0.0441400304414003
6 0.4440639269406393 0.3637747336377473 0.0319634703196347 0.1035007610350076
10 0.1695205479452055 0.3257229832572298 0.033105022831050226 0.0213089802130898
6 0.285958904109589 0.3432267884322679 0.017123287671232876 0.0776255707762557
11 0.8059360730593608 0.3645357686453577 0.05251141552511415 0.0928462709284627
6 0.9537671232876712 0.3249619482496195 0.03767123287671233 0.1050228310502283
3 0.025684931506849314 0.4041095890410959 0.04908675799086758 0.0380517503805175
11 0.9583333333333334 0.3554033485540335 0.07648401826484018 0.0898021308980213
10 0.22945205479452055 0.3249619482496195 0.02054794520547945 0.0228310502283105
10 0.1934931506849315 0.3264840182648402 0.019406392694063926 0.0197869101978691
16 0.261986301369863 0.2039573820395738 0.019406392694063926 0.2557077625570776
10 0.2134703196347032 0.3264840182648402 0.02054794520547945 0.0228310502283105
9 0.019406392694063926 0.3401826484018265 0.0365296803652968 0.0989345509893455
6 0.4537671232876712 0.3280060882800609 0.014840182648401826 0.0410958904109589
6 0.8590182648401826 0.286910197869102 0.030821917808219176 0.0715372907153729
6 0.2699771689497717 0.34779299847793 0.017123287671232876 0.0654490106544901
6 0.636986301369863 0.3082191780821918 0.0228310502283105 0.0441400304414003
16 0.2939497716894977 0.2503805175038052 0.010273972602739725 0.1019786910197869
6 0.21404109589041095 0.3272450532724505 0.017123287671232876 0.0243531202435312
6 0.761986301369863 0.2831050228310502 0.019406392694063926 0.060882800608828
14 0.2625570776255708 0.3683409436834094 0.01141552511415525 0.0426179604261796
14 0.2517123287671233 0.363013698630137 0.007990867579908675 0.0350076103500761
14 0.2420091324200913 0.3645357686453577 0.0091324200913242 0.0410958904109589
6 0.4429223744292237 0.3143074581430746 0.01598173515981735 0.0350076103500761
2 0.78824200913242 0.10273972602739725 0.04452054794520548 0.1324200913242009
