12 0.9783333333333334 0.39116666666666666 0.014666666666666666 0.023
12 0.895 0.39566666666666667 0.016 0.024666666666666667
12 0.7073333333333334 0.4061666666666667 0.017333333333333333 0.028333333333333332
12 0.658 0.4176666666666667 0.018 0.034666666666666665
12 0.6661666666666667 0.41383333333333333 0.012333333333333333 0.03166666666666667
12 0.8305 0.4795 0.04633333333333333 0.073
12 0.3531666666666667 0.5008333333333334 0.04833333333333333 0.07966666666666666
12 0.128 0.43316666666666664 0.027333333333333334 0.039
16 0.08833333333333333 0.372 0.012666666666666666 0.07933333333333334
12 0.5063333333333333 0.42283333333333334 0.023333333333333334 0.03766666666666667
0 0.1655 0.32666666666666666 0.06766666666666667 0.16933333333333334
0 0.3185 0.30833333333333335 0.033 0.174
0 0.4115 0.299 0.043666666666666666 0.19666666666666666
0 0.6163333333333333 0.33166666666666667 0.034 0.12466666666666666
0 0.6906666666666667 0.3238333333333333 0.02 0.11566666666666667
0 0.8276666666666667 0.30383333333333334 0.064 0.16566666666666666
0 0.9846666666666667 0.293 0.030666666666666665 0.17266666666666666
