18 0.44754901960784316 0.14522058823529413 0.2656862745098039 0.2639705882352941
6 0.7480392156862745 0.1661764705882353 0.06862745098039216 0.11470588235294117
10 0.05196078431372549 0.033455882352941176 0.08431372549019608 0.05367647058823529
10 0.1514705882352941 0.04044117647058824 0.05392156862745098 0.03235294117647059
10 0.012745098039215686 0.04338235294117647 0.023529411764705882 0.04264705882352941
6 0.6808823529411765 0.11985294117647059 0.06568627450980392 0.12058823529411765
10 0.23039215686274508 0.04338235294117647 0.029411764705882353 0.020588235294117647
10 0.25882352941176473 0.045588235294117645 0.025490196078431372 0.01764705882352941
11 0.6073529411764705 0.13272058823529412 0.0696078431372549 0.0875
6 0.8313725490196079 0.16727941176470587 0.13333333333333333 0.09926470588235294
10 0.31323529411764706 0.04852941176470588 0.016666666666666666 0.013235294117647059
6 0.7093137254901961 0.16213235294117648 0.05588235294117647 0.11102941176470588
0 0.10882352941176471 0.023161764705882354 0.021568627450980392 0.04485294117647059
15 0.41127450980392155 0.40551470588235294 0.09117647058823529 0.10220588235294117
15 0.9401960784313725 0.43419117647058825 0.09803921568627451 0.09632352941176471
4 0.7240196078431372 0.35625 0.33431372549019606 0.29044117647058826
