3 0.5005707762557078 0.5449010654490106 0.9988584474885844 0.9071537290715372
10 0.4686073059360731 0.03424657534246575 0.04452054794520548 0.0319634703196347
10 0.3909817351598174 0.0380517503805175 0.05365296803652968 0.0426179604261796
9 0.5102739726027398 0.0228310502283105 0.04794520547945205 0.0426179604261796
6 0.6672374429223744 0.02207001522070015 0.014840182648401826 0.0410958904109589
14 0.6929223744292238 0.0532724505327245 0.01141552511415525 0.0639269406392694
10 0.9743150684931506 0.0213089802130898 0.04908675799086758 0.0395738203957382
14 0.7916666666666666 0.04642313546423135 0.012557077625570776 0.0654490106544901
3 0.7528538812785388 0.06012176560121765 0.2363013698630137 0.0350076103500761
10 0.5422374429223744 0.02359208523592085 0.0228310502283105 0.0258751902587519
14 0.5473744292237442 0.05707762557077625 0.007990867579908675 0.0441400304414003
16 0.932648401826484 0.0273972602739726 0.02511415525114155 0.0517503805175038
0 0.10844748858447488 0.0410958904109589 0.0182648401826484 0.0791476407914764
6 0.6061643835616438 0.0289193302891933 0.01598173515981735 0.0517503805175038
14 0.593607305936073 0.0563165905631659 0.0091324200913242 0.045662100456621
16 0.7174657534246576 0.02207001522070015 0.012557077625570776 0.0410958904109589
14 0.5582191780821918 0.0410958904109589 0.0091324200913242 0.0791476407914764
14 0.6187214611872146 0.0471841704718417 0.00684931506849315 0.0334855403348554
14 0.8641552511415526 0.0426179604261796 0.01141552511415525 0.060882800608828
16 0.7568493150684932 0.0213089802130898 0.0136986301369863 0.0395738203957382
14 0.6478310502283106 0.03881278538812785 0.007990867579908675 0.0289193302891933
12 0.7288812785388128 0.0365296803652968 0.010273972602739725 0.0213089802130898
0 0.0821917808219178 0.0182648401826484 0.01598173515981735 0.0334855403348554
0 0.01141552511415525 0.0441400304414003 0.02054794520547945 0.0852359208523592
0 0.11700913242009132 0.0182648401826484 0.012557077625570776 0.0334855403348554
0 0.639269406392694 0.02207001522070015 0.01141552511415525 0.0410958904109589
3 0.4121004566210046 0.06012176560121765 0.2808219178082192 0.0228310502283105
7 0.03424657534246575 0.0654490106544901 0.02054794520547945 0.0426179604261796
16 0.2990867579908676 0.030441400304414 0.0136986301369863 0.0578386605783866
14 0.8738584474885844 0.0289193302891933 0.007990867579908675 0.0243531202435312
