15 0.6316666666666667 0.655 0.16333333333333333 0.165
15 0.28833333333333333 0.44375 0.07 0.0625
15 0.395 0.51125 0.08333333333333333 0.0925
15 0.23666666666666666 0.41 0.05333333333333334 0.05
11 0.625 0.4775 0.49 0.31
11 0.245 0.35375 0.18333333333333332 0.0925
15 0.195 0.3875 0.043333333333333335 0.045
6 0.4666666666666667 0.33625 0.04666666666666667 0.0875
11 0.645 0.34375 0.12333333333333334 0.0625
11 0.7483333333333333 0.35375 0.10333333333333333 0.0725
0 0.17333333333333334 0.24125 0.04 0.1425
5 0.13 0.23375 0.04666666666666667 0.0375
10 0.041666666666666664 0.3125 0.07666666666666666 0.04
9 0.9016666666666666 0.35125 0.19666666666666666 0.3375
