10 0.05196078431372549 0.12169117647058823 0.10196078431372549 0.10514705882352941
0 0.2053921568627451 0.15661764705882353 0.19117647058823528 0.31176470588235294
10 0.1 0.08308823529411764 0.049019607843137254 0.03676470588235294
11 0.2372549019607843 0.22205882352941175 0.30196078431372547 0.15588235294117647
6 0.3553921568627451 0.09448529411764706 0.024509803921568627 0.0375
0 0.28088235294117647 0.09595588235294118 0.05392156862745098 0.1889705882352941
6 0.12696078431372548 0.11727941176470588 0.04607843137254902 0.09191176470588236
11 0.35637254901960785 0.1275735294117647 0.05392156862745098 0.04044117647058824
0 0.3338235294117647 0.06433823529411764 0.026470588235294117 0.09191176470588236
11 0.19166666666666668 0.3709558823529412 0.3813725490196078 0.1963235294117647
4 0.5058823529411764 0.5830882352941177 0.30980392156862746 0.8338235294117647
