14 0.1515 0.4555 0.0215 0.053
14 0.217 0.446 0.0215 0.048
14 0.27325 0.45966666666666667 0.018 0.09133333333333334
14 0.322125 0.43016666666666664 0.01875 0.04633333333333333
14 0.366375 0.4625 0.01575 0.125
14 0.411 0.4548333333333333 0.0145 0.11766666666666667
12 0.11875 0.3413333333333333 0.029 0.04533333333333334
12 0.118 0.38066666666666665 0.024 0.03866666666666667
6 0.211625 0.3205 0.03025 0.083
10 0.38275 0.30616666666666664 0.0385 0.04833333333333333
10 0.528125 0.31883333333333336 0.07875 0.055
6 0.59325 0.30983333333333335 0.01 0.039
10 0.728125 0.32183333333333336 0.14275 0.063
14 0.692 0.4185 0.021 0.09033333333333333
14 0.739625 0.42633333333333334 0.01875 0.09266666666666666
14 0.79025 0.43183333333333335 0.0135 0.09433333333333334
14 0.841 0.442 0.023 0.098
14 0.882375 0.451 0.02325 0.1
10 0.65025 0.29683333333333334 0.0345 0.013
15 0.31725 0.5066666666666667 0.0395 0.09866666666666667
15 0.381625 0.4881666666666667 0.04025 0.095
15 0.438125 0.4728333333333333 0.03375 0.087
15 0.486875 0.4618333333333333 0.03375 0.08433333333333333
15 0.531375 0.45 0.02975 0.07733333333333334
11 0.608625 0.313 0.01625 0.025333333333333333
11 0.563625 0.31066666666666665 0.01625 0.02266666666666667
11 0.578625 0.31166666666666665 0.01625 0.02666666666666667
11 0.6325 0.31333333333333335 0.0185 0.024666666666666667
11 0.651125 0.31383333333333335 0.01825 0.028333333333333332
16 0.511125 0.2115 0.00925 0.163
13 0.525875 0.3655 0.04925 0.08433333333333333
6 0.54575 0.29983333333333334 0.0095 0.017
