6 0.715625 0.5388235294117647 0.171875 0.24941176470588236
6 0.4546875 0.5317647058823529 0.05625 0.08470588235294117
6 0.84609375 0.6105882352941177 0.0765625 0.2988235294117647
6 0.8828125 0.6164705882352941 0.046875 0.28705882352941176
6 0.071875 0.611764705882353 0.096875 0.30117647058823527
6 0.1125 0.6035294117647059 0.040625 0.24705882352941178
6 0.909375 0.44823529411764707 0.0125 0.06352941176470588
6 0.14453125 0.47058823529411764 0.0296875 0.047058823529411764
6 0.2640625 0.5117647058823529 0.034375 0.08235294117647059
6 0.409375 0.5305882352941177 0.05 0.12
6 0.2125 0.5105882352941177 0.034375 0.07058823529411765
6 0.79375 0.4929411764705882 0.021875 0.06823529411764706
16 0.97265625 0.36941176470588233 0.0296875 0.6070588235294118
6 0.03046875 0.5976470588235294 0.0453125 0.2776470588235294
6 0.15234375 0.6352941176470588 0.0546875 0.2164705882352941
6 0.1515625 0.49058823529411766 0.034375 0.05411764705882353
11 0.92265625 0.6388235294117647 0.0921875 0.2
6 0.94765625 0.46352941176470586 0.0265625 0.0611764705882353
16 0.5515625 0.3023529411764706 0.021875 0.46352941176470586
11 0.9875 0.6552941176470588 0.025 0.19058823529411764
