6 0.75703125 0.8792016806722689 0.0234375 0.09033613445378151
6 0.7125 0.8813025210084033 0.025 0.09033613445378151
6 0.42265625 0.8361344537815126 0.0203125 0.0546218487394958
6 0.62265625 0.8214285714285714 0.0140625 0.025210084033613446
6 0.7328125 0.8508403361344538 0.015625 0.06722689075630252
6 0.79296875 0.8802521008403361 0.0234375 0.08403361344537816
6 0.8328125 0.8466386554621849 0.0125 0.029411764705882353
6 0.565625 0.8739495798319328 0.01875 0.05042016806722689
6 0.58359375 0.8697478991596639 0.0171875 0.0546218487394958
10 0.63359375 0.8697478991596639 0.0828125 0.07142857142857142
10 0.8828125 0.9149159663865546 0.18125 0.13655462184873948
6 0.55078125 0.842436974789916 0.0140625 0.05042016806722689
6 0.6125 0.8739495798319328 0.025 0.046218487394957986
6 0.684375 0.851890756302521 0.01875 0.06092436974789916
6 0.99296875 0.8760504201680672 0.0140625 0.09663865546218488
6 0.38828125 0.8434873949579832 0.0234375 0.07773109243697479
6 0.4609375 0.8487394957983193 0.028125 0.06302521008403361
6 0.49765625 0.8497899159663865 0.0234375 0.06512605042016807
6 0.3671875 0.8298319327731093 0.01875 0.05042016806722689
6 0.56640625 0.8340336134453782 0.0171875 0.037815126050420166
6 0.77890625 0.8497899159663865 0.0171875 0.06092436974789916
6 0.3984375 0.8245798319327731 0.01875 0.06512605042016807
6 0.41171875 0.8203781512605042 0.0140625 0.06512605042016807
