3 0.5005707762557078 0.6438356164383562 0.9988584474885844 0.7092846270928462
10 0.7077625570776256 0.2420091324200913 0.13926940639269406 0.0639269406392694
10 0.053082191780821915 0.2541856925418569 0.04452054794520548 0.0365296803652968
10 0.91324200913242 0.2359208523592085 0.16666666666666666 0.0578386605783866
0 0.5918949771689498 0.2252663622526636 0.012557077625570776 0.0791476407914764
0 0.7528538812785388 0.18340943683409436 0.014840182648401826 0.0563165905631659
10 0.015410958904109588 0.2557077625570776 0.028538812785388126 0.0334855403348554
14 0.9817351598173516 0.3226788432267884 0.0182648401826484 0.106544901065449
16 0.6289954337899544 0.1415525114155251 0.0182648401826484 0.2678843226788432
10 0.125 0.2519025875190259 0.033105022831050226 0.0258751902587519
2 0.1735159817351598 0.1582952815829528 0.01141552511415525 0.030441400304414
0 0.4069634703196347 0.22146118721461186 0.010273972602739725 0.0898021308980213
14 0.3264840182648402 0.2640791476407915 0.0091324200913242 0.0350076103500761
10 0.16095890410958905 0.258751902587519 0.0319634703196347 0.0273972602739726
2 0.041666666666666664 0.16666666666666666 0.012557077625570776 0.0319634703196347
14 0.4212328767123288 0.2724505327245053 0.00684931506849315 0.0365296803652968
2 0.5245433789954338 0.1887366818873668 0.010273972602739725 0.0273972602739726
10 0.20205479452054795 0.24581430745814306 0.0182648401826484 0.0197869101978691
0 0.2705479452054795 0.22907153729071536 0.0136986301369863 0.0776255707762557
10 0.1780821917808219 0.24581430745814306 0.0228310502283105 0.0197869101978691
10 0.2243150684931507 0.2480974124809741 0.026255707762557076 0.0243531202435312
14 0.4891552511415525 0.2678843226788432 0.007990867579908675 0.045662100456621
10 0.079337899543379 0.2534246575342466 0.021689497716894976 0.0258751902587519
0 0.3144977168949772 0.23211567732115676 0.010273972602739725 0.0806697108066971
16 0.6078767123287672 0.13774733637747336 0.012557077625570776 0.2480974124809741
10 0.15296803652968036 0.24581430745814306 0.0228310502283105 0.0197869101978691
14 0.3378995433789954 0.24885844748858446 0.01141552511415525 0.0593607305936073
16 0.2853881278538813 0.136986301369863 0.0228310502283105 0.2648401826484018
16 0.531392694063927 0.2313546423135464 0.005707762557077625 0.076103500761035
10 0.2562785388127854 0.23972602739726026 0.019406392694063926 0.0136986301369863
3 0.2191780821917808 0.2656012176560122 0.08447488584474885 0.0136986301369863
10 0.9235159817351598 0.24124809741248096 0.14840182648401826 0.0563165905631659
