3 0.4366438356164384 0.6879756468797564 0.8710045662100456 0.6179604261796042
6 0.7557077625570776 0.410958904109589 0.07077625570776255 0.2709284627092846
10 0.04052511415525114 0.3607305936073059 0.07876712328767123 0.1339421613394216
6 0.5365296803652968 0.3112633181126332 0.02511415525114155 0.0989345509893455
6 0.6809360730593608 0.3295281582952816 0.03995433789954338 0.1202435312024353
16 0.283675799086758 0.1811263318112633 0.021689497716894976 0.3592085235920852
10 0.9452054794520548 0.3006088280060883 0.0730593607305936 0.0684931506849315
11 0.3167808219178082 0.3257229832572298 0.04452054794520548 0.0669710806697108
11 0.22146118721461186 0.3257229832572298 0.03424657534246575 0.060882800608828
0 0.4868721461187215 0.273972602739726 0.026255707762557076 0.1887366818873668
7 0.12385844748858447 0.3242009132420091 0.04680365296803653 0.0578386605783866
0 0.07248858447488585 0.256468797564688 0.030821917808219176 0.1811263318112633
6 0.1832191780821918 0.3226788432267884 0.033105022831050226 0.0943683409436834
2 0.6158675799086758 0.1841704718417047 0.019406392694063926 0.0517503805175038
6 0.5616438356164384 0.3127853881278539 0.0273972602739726 0.1019786910197869
6 0.639269406392694 0.334855403348554 0.03424657534246575 0.1126331811263318
3 0.906392694063927 0.3713850837138508 0.1872146118721461 0.0426179604261796
16 0.6221461187214612 0.2846270928462709 0.01598173515981735 0.1582952815829528
16 0.7026255707762558 0.2480974124809741 0.019406392694063926 0.2313546423135464
16 0.23401826484018265 0.18797564687975646 0.02054794520547945 0.3333333333333333
10 0.9834474885844748 0.3226788432267884 0.033105022831050226 0.1035007610350076
16 0.7985159817351598 0.2267884322678843 0.023972602739726026 0.2343987823439878
16 0.1740867579908676 0.1506849315068493 0.026255707762557076 0.2800608828006088
8 0.8795662100456622 0.2610350076103501 0.03995433789954338 0.0380517503805175
11 0.2676940639269406 0.3280060882800609 0.03538812785388128 0.0654490106544901
10 0.9041095890410958 0.2831050228310502 0.0319634703196347 0.0334855403348554
10 0.9851598173515982 0.2686453576864536 0.0273972602739726 0.0258751902587519
0 0.8082191780821918 0.2678843226788432 0.02511415525114155 0.1461187214611872
10 0.8304794520547946 0.2785388127853881 0.021689497716894976 0.0182648401826484
16 0.2865296803652968 0.2884322678843227 0.0136986301369863 0.1385083713850837
