10 0.10078125 0.734375 0.1984375 0.21458333333333332
10 0.22578125 0.68125 0.0421875 0.0625
10 0.17890625 0.690625 0.0921875 0.12291666666666666
10 0.32734375 0.6677083333333333 0.0578125 0.052083333333333336
10 0.72109375 0.6583333333333333 0.0265625 0.05416666666666667
10 0.065625 0.628125 0.06875 0.022916666666666665
8 0.534375 0.5635416666666667 0.240625 0.47291666666666665
6 0.89140625 0.696875 0.0453125 0.17291666666666666
6 0.46640625 0.6135416666666667 0.0453125 0.052083333333333336
16 0.746875 0.440625 0.05625 0.86875
2 0.10625 0.365625 0.053125 0.03125
16 0.7984375 0.378125 0.025 0.7520833333333333
16 0.90390625 0.4666666666666667 0.0265625 0.35
16 0.92265625 0.6229166666666667 0.0171875 0.21666666666666667
1 0.93671875 0.5510416666666667 0.0171875 0.04791666666666667
0 0.94453125 0.3885416666666667 0.1109375 0.7729166666666667
0 0.04375 0.45729166666666665 0.034375 0.33125
0 0.07421875 0.453125 0.0328125 0.31875
0 0.11953125 0.4635416666666667 0.0421875 0.33958333333333335
0 0.19296875 0.45416666666666666 0.0484375 0.35833333333333334
0 0.27421875 0.44583333333333336 0.0484375 0.42083333333333334
0 0.32109375 0.4510416666666667 0.0265625 0.36875
0 0.81640625 0.5666666666666667 0.0453125 0.3125
14 0.27421875 0.6916666666666667 0.0140625 0.09166666666666666
