3 0.5005707762557078 0.7549467275494672 0.9988584474885844 0.4901065449010654
9 0.940068493150685 0.3287671232876712 0.11986301369863013 0.1035007610350076
10 0.6449771689497716 0.3721461187214612 0.09360730593607305 0.0563165905631659
10 0.7591324200913242 0.3691019786910198 0.14383561643835616 0.0684931506849315
6 0.5587899543378996 0.4429223744292237 0.05821917808219178 0.1248097412480974
3 0.785958904109589 0.439117199391172 0.4257990867579909 0.1232876712328767
6 0.3613013698630137 0.4132420091324201 0.021689497716894976 0.0867579908675799
6 0.2089041095890411 0.4703196347031963 0.0684931506849315 0.182648401826484
16 0.4526255707762557 0.2595129375951294 0.03995433789954338 0.5068493150684932
0 0.3852739726027397 0.3759512937595129 0.04908675799086758 0.289193302891933
11 0.559931506849315 0.4687975646879756 0.07876712328767123 0.1126331811263318
14 0.3367579908675799 0.5213089802130898 0.0182648401826484 0.0837138508371385
14 0.1678082191780822 0.5547945205479452 0.0182648401826484 0.0958904109589041
2 0.4920091324200913 0.2480974124809741 0.0228310502283105 0.0669710806697108
10 0.4851598173515982 0.3751902587519026 0.04794520547945205 0.0380517503805175
10 0.5679223744292238 0.3675799086757991 0.05821917808219178 0.0380517503805175
11 0.6044520547945206 0.4368340943683409 0.03995433789954338 0.0821917808219178
6 0.6078767123287672 0.4200913242009132 0.03767123287671233 0.1095890410958904
6 0.5222602739726028 0.4124809741248097 0.019406392694063926 0.121765601217656
9 0.4178082191780822 0.363013698630137 0.045662100456621 0.0502283105022831
6 0.444634703196347 0.423896499238965 0.026255707762557076 0.1232876712328767
16 0.5251141552511416 0.2404870624048706 0.0273972602739726 0.4779299847792998
6 0.3304794520547945 0.3995433789954338 0.028538812785388126 0.0502283105022831
16 0.7128995433789954 0.2792998477929985 0.010273972602739725 0.1324200913242009
6 0.5644977168949772 0.3850837138508371 0.023972602739726026 0.0517503805175038
5 0.007420091324200913 0.1796042617960426 0.012557077625570776 0.0974124809741248
16 0.2454337899543379 0.3576864535768645 0.02968036529680365 0.1461187214611872
16 0.5062785388127854 0.3515981735159817 0.019406392694063926 0.30441400304414
10 0.8105022831050228 0.3394216133942161 0.0502283105022831 0.030441400304414
0 0.3613013698630137 0.3363774733637747 0.019406392694063926 0.1035007610350076
16 0.0136986301369863 0.4878234398782344 0.02511415525114155 0.2663622526636225
11 0.2751141552511416 0.4041095890410959 0.03424657534246575 0.0319634703196347
6 0.1872146118721461 0.4459665144596651 0.02968036529680365 0.1400304414003044
16 0.6038812785388128 0.2907153729071537 0.0091324200913242 0.1400304414003044
10 0.807648401826484 0.3386605783866058 0.05136986301369863 0.0319634703196347
6 0.8287671232876712 0.3455098934550989 0.02511415525114155 0.030441400304414
