9 0.7875 0.36666666666666664 0.16875 0.2875
10 0.9453125 0.4666666666666667 0.109375 0.17083333333333334
10 0.62109375 0.428125 0.1015625 0.08541666666666667
10 0.88515625 0.4479166666666667 0.0515625 0.1
10 0.42265625 0.4270833333333333 0.0703125 0.05
10 0.3890625 0.4197916666666667 0.04375 0.03958333333333333
10 0.3109375 0.425 0.075 0.05
6 0.6890625 0.4395833333333333 0.0375 0.22083333333333333
10 0.1484375 0.4395833333333333 0.115625 0.09583333333333334
10 0.24296875 0.425 0.0671875 0.04583333333333333
10 0.9109375 0.44583333333333336 0.0625 0.12083333333333333
10 0.0515625 0.44479166666666664 0.1 0.11041666666666666
10 0.3578125 0.4239583333333333 0.059375 0.04375
10 0.54609375 0.42083333333333334 0.0390625 0.03333333333333333
10 0.88046875 0.41770833333333335 0.0421875 0.03958333333333333
0 0.31328125 0.296875 0.0390625 0.21458333333333332
