10 0.17890625 0.520891364902507 0.1796875 0.12256267409470752
9 0.86171875 0.4428969359331476 0.2265625 0.22841225626740946
6 0.2015625 0.6295264623955432 0.16875 0.5793871866295265
6 0.6796875 0.49303621169916434 0.03125 0.18384401114206128
6 0.78125 0.49442896935933145 0.03125 0.15877437325905291
6 0.9109375 0.48746518105849584 0.046875 0.19498607242339833
6 0.53359375 0.49025069637883006 0.0234375 0.1392757660167131
6 0.5125 0.49442896935933145 0.01875 0.12534818941504178
6 0.415625 0.4582172701949861 0.025 0.0584958217270195
6 0.39140625 0.4428969359331476 0.0328125 0.07799442896935933
6 0.36875 0.4958217270194986 0.025 0.15041782729805014
6 0.4203125 0.48746518105849584 0.034375 0.1392757660167131
10 0.97890625 0.4805013927576602 0.0390625 0.17548746518105848
6 0.33203125 0.6392757660167131 0.1671875 0.5933147632311978
6 0.93359375 0.48746518105849584 0.0453125 0.1894150417827298
16 0.55078125 0.33008356545961004 0.0328125 0.46518105849582175
12 0.0984375 0.9192200557103064 0.046875 0.1615598885793872
12 0.4578125 0.9693593314763231 0.0375 0.06128133704735376
2 0.31875 0.057103064066852366 0.0625 0.04735376044568245
2 0.0875 0.020891364902506964 0.096875 0.036211699164345405
