3 0.4406392694063927 0.7009132420091324 0.8789954337899544 0.5981735159817352
10 0.9634703196347032 0.3485540334855403 0.0730593607305936 0.0669710806697108
13 0.0593607305936073 0.3683409436834094 0.0410958904109589 0.0487062404870624
16 0.1141552511415525 0.2610350076103501 0.02511415525114155 0.2633181126331811
10 0.8915525114155252 0.3401826484018265 0.0593607305936073 0.0471841704718417
1 0.2602739726027397 0.0852359208523592 0.02968036529680365 0.0943683409436834
16 0.3127853881278539 0.2595129375951294 0.0182648401826484 0.2815829528158295
16 0.75 0.1750380517503805 0.0228310502283105 0.3409436834094368
11 0.6615296803652968 0.380517503805175 0.04223744292237443 0.045662100456621
16 0.8002283105022832 0.2686453576864536 0.02054794520547945 0.1872146118721461
11 0.7517123287671232 0.4003044140030441 0.03538812785388128 0.0700152207001522
2 0.8812785388127854 0.17123287671232876 0.02054794520547945 0.0563165905631659
1 0.8550228310502284 0.16971080669710806 0.02054794520547945 0.0563165905631659
16 0.5702054794520548 0.3074581430745814 0.012557077625570776 0.1704718417047184
6 0.6592465753424658 0.363013698630137 0.026255707762557076 0.0684931506849315
6 0.7539954337899544 0.3691019786910198 0.03767123287671233 0.0837138508371385
10 0.928082191780822 0.3340943683409437 0.0365296803652968 0.0380517503805175
2 0.5622146118721462 0.2617960426179604 0.014840182648401826 0.0365296803652968
16 0.5450913242009132 0.1963470319634703 0.017123287671232876 0.3896499238964992
3 0.8858447488584474 0.3949771689497717 0.22602739726027396 0.0380517503805175
10 0.848744292237443 0.334855403348554 0.03767123287671233 0.0365296803652968
0 0.6352739726027398 0.2960426179604262 0.014840182648401826 0.0989345509893455
16 0.783675799086758 0.2983257229832572 0.014840182648401826 0.1248097412480974
10 0.8110730593607306 0.3310502283105023 0.026255707762557076 0.0228310502283105
16 0.00684931506849315 0.3264840182648402 0.01141552511415525 0.1232876712328767
9 0.968607305936073 0.2960426179604262 0.06278538812785388 0.0471841704718417
14 0.8961187214611872 0.3622526636225266 0.00684931506849315 0.0273972602739726
0 0.2089041095890411 0.2754946727549467 0.01598173515981735 0.0730593607305936
0 0.3458904109589041 0.2968036529680365 0.01141552511415525 0.060882800608828
0 0.2614155251141553 0.3082191780821918 0.01598173515981735 0.0624048706240487
