0 0.85 0.1974264705882353 0.14705882352941177 0.39338235294117646
6 0.17058823529411765 0.12279411764705882 0.025490196078431372 0.045588235294117645
0 0.5455882352941176 0.05808823529411765 0.028431372549019607 0.11470588235294117
0 0.2838235294117647 0.12169117647058823 0.024509803921568627 0.07279411764705883
4 0.596078431372549 0.5882352941176471 0.7803921568627451 0.8147058823529412
0 0.6852941176470588 0.05919117647058823 0.025490196078431372 0.11691176470588235
0 0.3264705882352941 0.11139705882352942 0.027450980392156862 0.12720588235294117
10 0.6426470588235295 0.08272058823529412 0.09901960784313725 0.04044117647058824
10 0.7941176470588235 0.08308823529411764 0.12352941176470589 0.058823529411764705
0 0.4161764705882353 0.12610294117647058 0.05 0.19338235294117648
0 0.2553921568627451 0.11286764705882353 0.024509803921568627 0.06985294117647059
16 0.6387254901960784 0.05845588235294118 0.020588235294117647 0.11544117647058824
0 0.33872549019607845 0.07683823529411765 0.020588235294117647 0.06397058823529411
16 0.8137254901960784 0.059926470588235296 0.0392156862745098 0.11838235294117647
16 0.5029411764705882 0.06875 0.00980392156862745 0.04632352941176471
0 0.23774509803921567 0.11580882352941177 0.020588235294117647 0.05220588235294118
