3 0.6335616438356164 0.7617960426179604 0.730593607305936 0.4764079147640791
10 0.3921232876712329 0.4786910197869102 0.2522831050228311 0.1659056316590563
10 0.09246575342465753 0.4657534246575342 0.182648401826484 0.1735159817351598
6 0.7214611872146118 0.4748858447488584 0.0365296803652968 0.1308980213089802
10 0.17180365296803654 0.4117199391171994 0.08105022831050228 0.0624048706240487
11 0.651255707762557 0.5060882800608828 0.05136986301369863 0.0958904109589041
16 0.7682648401826484 0.2602739726027397 0.02968036529680365 0.5114155251141552
10 0.6626712328767124 0.4223744292237443 0.12442922374429223 0.0624048706240487
2 0.3236301369863014 0.20319634703196346 0.021689497716894976 0.0654490106544901
1 0.2928082191780822 0.2024353120243531 0.021689497716894976 0.0669710806697108
2 0.3704337899543379 0.20471841704718416 0.021689497716894976 0.0654490106544901
6 0.910958904109589 0.4520547945205479 0.04794520547945205 0.1278538812785388
2 0.598744292237443 0.3219178082191781 0.019406392694063926 0.0441400304414003
10 0.2243150684931507 0.4071537290715373 0.04908675799086758 0.0532724505327245
10 0.601027397260274 0.4101978691019787 0.04223744292237443 0.0593607305936073
10 0.2711187214611872 0.4140030441400304 0.05593607305936073 0.060882800608828
3 0.2243150684931507 0.4893455098934551 0.10844748858447488 0.0471841704718417
12 0.8356164383561644 0.4528158295281583 0.01598173515981735 0.0350076103500761
14 0.8059360730593608 0.4619482496194825 0.0091324200913242 0.0471841704718417
16 0.4868721461187215 0.3135464231354642 0.012557077625570776 0.1796042617960426
9 0.3521689497716895 0.3751902587519026 0.04908675799086758 0.0380517503805175
6 0.6541095890410958 0.4802130898021309 0.05251141552511415 0.1263318112633181
14 0.6164383561643836 0.4756468797564688 0.0091324200913242 0.0532724505327245
14 0.583904109589041 0.4703196347031963 0.010273972602739725 0.0487062404870624
10 0.317351598173516 0.4033485540334855 0.0273972602739726 0.030441400304414
16 0.5256849315068494 0.2656012176560122 0.014840182648401826 0.2450532724505327
6 0.7488584474885844 0.4185692541856925 0.0182648401826484 0.0852359208523592
11 0.01997716894977169 0.5958904109589042 0.03767123287671233 0.2298325722983257
6 0.9417808219178082 0.4550989345509893 0.02968036529680365 0.121765601217656
16 0.5861872146118722 0.3843226788432268 0.010273972602739725 0.1811263318112633
6 0.716324200913242 0.3964992389649924 0.017123287671232876 0.0380517503805175
3 0.5422374429223744 0.5060882800608828 0.05707762557077625 0.0380517503805175
16 0.567351598173516 0.319634703196347 0.01598173515981735 0.1400304414003044
