17 0.2875 0.6385681293302541 0.540625 0.6674364896073903
6 0.3390625 0.22979214780600463 0.08125 0.45496535796766746
6 0.46328125 0.35219399538106233 0.0265625 0.15935334872979215
6 0.48984375 0.3510392609699769 0.0390625 0.17090069284064666
6 0.44921875 0.36027713625866054 0.0234375 0.14318706697459585
6 0.571875 0.2632794457274827 0.128125 0.5219399538106235
6 0.42265625 0.3406466512702079 0.0421875 0.19630484988452657
6 0.88203125 0.3140877598152425 0.0953125 0.3325635103926097
6 0.84765625 0.371824480369515 0.0328125 0.12009237875288684
6 0.62890625 0.3533487297921478 0.0390625 0.16628175519630484
6 0.72265625 0.28983833718244806 0.0359375 0.20092378752886836
6 0.95703125 0.36374133949191684 0.0140625 0.14087759815242495
6 0.8265625 0.37990762124711314 0.025 0.10392609699769054
0 0.76953125 0.2540415704387991 0.0921875 0.5034642032332564
0 0.9390625 0.2251732101616628 0.040625 0.4457274826789838
