10 0.86484375 0.8161592505854801 0.0484375 0.06323185011709602
10 0.9703125 0.8711943793911007 0.059375 0.1358313817330211
6 0.15625 0.7868852459016393 0.025 0.0936768149882904
6 0.18671875 0.7868852459016393 0.0171875 0.08899297423887588
6 0.7796875 0.8138173302107728 0.0125 0.04918032786885246
6 0.7359375 0.8114754098360656 0.0125 0.04449648711943794
6 0.80546875 0.8114754098360656 0.0140625 0.04449648711943794
6 0.71015625 0.8114754098360656 0.0140625 0.06323185011709602
6 0.04609375 0.7224824355971897 0.0203125 0.04449648711943794
9 0.9890625 0.7775175644028103 0.01875 0.05620608899297424
6 0.7890625 0.8067915690866511 0.009375 0.0351288056206089
8 0.971875 0.7681498829039812 0.040625 0.0468384074941452
10 0.9265625 0.8067915690866511 0.040625 0.04918032786885246
6 0.7234375 0.8138173302107728 0.009375 0.04918032786885246
6 0.0078125 0.7423887587822015 0.0125 0.0702576112412178
16 0.58046875 0.7400468384074942 0.0171875 0.2997658079625293
16 0.2 0.7763466042154566 0.021875 0.1756440281030445
16 0.74453125 0.775175644028103 0.0234375 0.24355971896955503
1 0.215625 0.6557377049180327 0.01875 0.06088992974238876
16 0.17890625 0.7189695550351288 0.0328125 0.2576112412177986
