10 0.41484375 0.6955503512880562 0.0578125 0.06557377049180328
10 0.453125 0.6885245901639344 0.03125 0.04215456674473068
10 0.37109375 0.7014051522248244 0.0484375 0.08196721311475409
8 0.82265625 0.6604215456674473 0.2921875 0.468384074941452
9 0.21328125 0.607728337236534 0.3140625 0.40046838407494145
6 0.73203125 0.6159250585480094 0.0765625 0.11241217798594848
10 0.52265625 0.6873536299765808 0.0390625 0.06323185011709602
10 0.4796875 0.6955503512880562 0.05625 0.06088992974238876
16 0.5578125 0.6334894613583139 0.0125 0.3770491803278688
16 0.64140625 0.3407494145199063 0.0296875 0.6768149882903981
