4 0.6058823529411764 0.6216911764705882 0.44901960784313727 0.7507352941176471
11 0.16372549019607843 0.3150735294117647 0.3235294117647059 0.15955882352941175
11 0.11323529411764706 0.4143382352941177 0.22058823529411764 0.1625
11 0.31470588235294117 0.26066176470588237 0.13529411764705881 0.10661764705882353
6 0.6627450980392157 0.16691176470588234 0.03725490196078431 0.07941176470588235
0 0.20784313725490197 0.21213235294117647 0.06666666666666667 0.12867647058823528
11 0.5730392156862745 0.20772058823529413 0.04803921568627451 0.05367647058823529
6 0.47794117647058826 0.1860294117647059 0.016666666666666666 0.03235294117647059
6 0.09803921568627451 0.21911764705882353 0.10196078431372549 0.09558823529411764
0 0.09607843137254903 0.13970588235294118 0.050980392156862744 0.10441176470588236
0 0.31519607843137254 0.16397058823529412 0.04803921568627451 0.11470588235294117
11 0.3730392156862745 0.25330882352941175 0.061764705882352944 0.05808823529411765
