18 0.26713819368879216 0.4659643435980551 0.14689880304678998 0.28687196110210694
13 0.36887921653971706 0.3824959481361426 0.03482045701849837 0.08103727714748785
6 0.24809575625680086 0.3006482982171799 0.030467899891186073 0.04376012965964344
16 0.33133841131664854 0.24878444084278767 0.018498367791077257 0.2901134521880065
6 0.056583242655059846 0.32820097244732577 0.023939064200217627 0.09562398703403566
15 0.9798694232861807 0.446515397082658 0.020674646354733407 0.05348460291734198
15 0.9357997823721437 0.43111831442463533 0.015233949945593036 0.03565640194489465
0 0.9347116430903155 0.16288492706645058 0.036996735582154515 0.3225283630470016
0 0.8879216539717084 0.3419773095623987 0.1088139281828074 0.6807131280388979
0 0.705658324265506 0.5210696920583469 0.14472252448313383 0.5170178282009724
0 0.8003264417845484 0.5008103727714749 0.0794341675734494 0.9983792544570502
0 0.4766050054406964 0.32820097244732577 0.191512513601741 0.653160453808752
0 0.5821545157780196 0.2106969205834684 0.07834602829162132 0.4181523500810373
0 0.2878128400435256 0.23014586709886548 0.05331882480957562 0.22690437601296595
0 0.3868335146898803 0.25283630470016205 0.029379760609358 0.1912479740680713
0 0.35473340587595215 0.2739059967585089 0.041349292709466814 0.1393841166936791
11 0.07453754080522307 0.3419773095623987 0.020674646354733407 0.05834683954619125
11 0.7067464635473341 0.4051863857374392 0.04026115342763874 0.08103727714748785
6 0.7100108813928183 0.34683954619124796 0.03373231773667029 0.06482982171799027
6 0.07018498367791078 0.3047001620745543 0.018498367791077257 0.03241491085899514
7 0.17845484221980412 0.39384116693679094 0.04352557127312296 0.07455429497568881
13 0.41838955386289445 0.37439222042139386 0.04461371055495103 0.10372771474878444
0 0.7268770402611534 0.22204213938411668 0.03264417845484222 0.1620745542949757
0 0.6387377584330794 0.22204213938411668 0.036996735582154515 0.17179902755267423
4 0.09194776931447225 0.7536466774716369 0.18171926006528835 0.49270664505672607
6 0.0897714907508161 0.3079416531604538 0.014145810663764961 0.05186385737439222
