10 0.15703125 0.677570093457944 0.0765625 0.0794392523364486
10 0.92734375 0.6635514018691588 0.1453125 0.102803738317757
10 0.11640625 0.6810747663551402 0.0640625 0.07710280373831775
10 0.0234375 0.6880841121495327 0.04375 0.07710280373831775
8 0.434375 0.6121495327102804 0.5 0.32710280373831774
16 0.7953125 0.5292056074766355 0.0125 0.352803738317757
16 0.0625 0.5011682242990654 0.05625 0.9976635514018691
0 0.61875 0.27453271028037385 0.040625 0.34345794392523366
3 0.84140625 0.7546728971962616 0.3171875 0.0794392523364486
3 0.50078125 0.9007009345794392 0.9984375 0.1985981308411215
0 0.39140625 0.39135514018691586 0.0296875 0.10981308411214953
0 0.43515625 0.31542056074766356 0.0421875 0.2616822429906542
1 0.1421875 0.5245327102803738 0.025 0.06775700934579439
16 0.1296875 0.5280373831775701 0.0125 0.22897196261682243
16 0.71328125 0.5876168224299065 0.0140625 0.23598130841121495
16 0.2078125 0.3901869158878505 0.0125 0.21495327102803738
16 0.25390625 0.36565420560747663 0.0171875 0.1939252336448598
