12 0.6270833333333333 0.41759259259259257 0.0375 0.13333333333333333
12 0.5666666666666667 0.38564814814814813 0.03854166666666667 0.11944444444444445
12 0.540625 0.3560185185185185 0.03229166666666667 0.10277777777777777
12 0.40338541666666666 0.32731481481481484 0.0296875 0.08611111111111111
12 0.34791666666666665 0.31296296296296294 0.025 0.07962962962962963
14 0.3796875 0.30092592592592593 0.009375 0.06666666666666667
14 0.32083333333333336 0.3013888888888889 0.011458333333333333 0.0712962962962963
6 0.5653645833333333 0.22453703703703703 0.0203125 0.075
6 0.52734375 0.2300925925925926 0.022395833333333334 0.08981481481481482
6 0.03307291666666667 0.22546296296296298 0.013020833333333334 0.05277777777777778
6 0.019010416666666665 0.22083333333333333 0.0140625 0.05277777777777778
6 0.821875 0.16712962962962963 0.058333333333333334 0.10092592592592593
10 0.09817708333333333 0.2152777777777778 0.06822916666666666 0.049074074074074076
14 0.23984375 0.2861111111111111 0.0046875 0.04814814814814815
16 0.43645833333333334 0.3 0.009375 0.14444444444444443
10 0.4390625 0.2074074074074074 0.06354166666666666 0.05185185185185185
14 0.35598958333333336 0.29398148148148145 0.0067708333333333336 0.05277777777777778
6 0.4015625 0.2199074074074074 0.016666666666666666 0.06018518518518518
