0 0.6490196078431373 0.1264705882352941 0.11568627450980393 0.2514705882352941
6 0.17745098039215687 0.08272058823529412 0.14313725490196078 0.16397058823529412
11 0.17058823529411765 0.13897058823529412 0.1784313725490196 0.175
0 0.5950980392156863 0.05698529411764706 0.049019607843137254 0.1125
0 0.17745098039215687 0.01213235294117647 0.03137254901960784 0.022794117647058822
0 0.01568627450980392 0.022058823529411766 0.029411764705882353 0.04264705882352941
16 0.5509803921568628 0.03051470588235294 0.023529411764705882 0.05955882352941176
0 0.10931372549019608 0.016176470588235296 0.030392156862745098 0.030882352941176472
11 0.4808823529411765 0.007720588235294118 0.018627450980392157 0.013970588235294118
4 0.42254901960784313 0.5426470588235294 0.25098039215686274 0.9147058823529411
