13 0.552125 0.5091666666666667 0.09375 0.175
6 0.625375 0.4415 0.08475 0.2803333333333333
10 0.8945 0.4835 0.211 0.2916666666666667
6 0.063 0.3985 0.028 0.10366666666666667
10 0.2685 0.392 0.1025 0.09866666666666667
10 0.385125 0.39 0.10075 0.08
11 0.52525 0.4508333333333333 0.1285 0.167
11 0.105 0.4055 0.048 0.06366666666666666
0 0.96325 0.45016666666666666 0.049 0.457
0 0.590375 0.2955 0.10125 0.5903333333333334
11 0.63425 0.4706666666666667 0.178 0.184
11 0.415 0.4726666666666667 0.07 0.09666666666666666
11 0.36125 0.4545 0.052 0.091
11 0.249 0.44466666666666665 0.053 0.08466666666666667
11 0.298125 0.44683333333333336 0.05725 0.08033333333333334
6 0.283375 0.37616666666666665 0.03275 0.059
0 0.377125 0.31433333333333335 0.11275 0.4186666666666667
0 0.321375 0.30766666666666664 0.06225 0.39266666666666666
0 0.2085 0.3675 0.033 0.20966666666666667
0 0.067 0.3471666666666667 0.0365 0.18833333333333332
