3 0.5005707762557078 0.7092846270928462 0.9988584474885844 0.5814307458143074
10 0.4954337899543379 0.4216133942161339 0.3013698630136986 0.1491628614916286
10 0.9121004566210046 0.3767123287671233 0.17579908675799086 0.1324200913242009
10 0.14726027397260275 0.3919330289193303 0.11643835616438356 0.0624048706240487
10 0.2865296803652968 0.3683409436834094 0.06164383561643835 0.0517503805175038
2 0.3595890410958904 0.2024353120243531 0.02054794520547945 0.0547945205479452
16 0.8224885844748858 0.2070015220700152 0.019406392694063926 0.2465753424657534
2 0.1541095890410959 0.21537290715372906 0.02054794520547945 0.0563165905631659
11 0.7271689497716894 0.3835616438356164 0.0639269406392694 0.0487062404870624
16 0.4474885844748858 0.17579908675799086 0.0228310502283105 0.3455098934550989
6 0.7288812785388128 0.3736681887366819 0.021689497716894976 0.0745814307458143
6 0.04052511415525114 0.3926940639269406 0.017123287671232876 0.060882800608828
10 0.682648401826484 0.3371385083713851 0.06621004566210045 0.0289193302891933
2 0.5958904109589042 0.2777777777777778 0.0136986301369863 0.0350076103500761
11 0.8144977168949772 0.3789954337899543 0.05136986301369863 0.0517503805175038
6 0.030251141552511414 0.3942161339421613 0.017123287671232876 0.060882800608828
16 0.6164383561643836 0.2610350076103501 0.0136986301369863 0.2602739726027397
16 0.10787671232876712 0.3150684931506849 0.014840182648401826 0.1248097412480974
6 0.8202054794520548 0.3637747336377473 0.026255707762557076 0.0730593607305936
16 0.5873287671232876 0.319634703196347 0.010273972602739725 0.1400304414003044
16 0.7146118721461188 0.2526636225266362 0.01141552511415525 0.2161339421613394
10 0.8356164383561644 0.3485540334855403 0.11643835616438356 0.0426179604261796
3 0.1843607305936073 0.4155251141552511 0.3664383561643836 0.0365296803652968
0 0.2420091324200913 0.3432267884322679 0.01141552511415525 0.0715372907153729
16 0.478310502283105 0.2945205479452055 0.0091324200913242 0.0958904109589041
0 0.5051369863013698 0.3082191780821918 0.014840182648401826 0.0745814307458143
16 0.7374429223744292 0.3165905631659056 0.00684931506849315 0.0547945205479452
6 0.7482876712328768 0.3569254185692542 0.017123287671232876 0.0410958904109589
16 0.4309360730593607 0.21232876712328766 0.012557077625570776 0.2633181126331811
16 0.158675799086758 0.3424657534246575 0.00684931506849315 0.0365296803652968
6 0.9275114155251142 0.3203957382039574 0.017123287671232876 0.0258751902587519
0 0.7511415525114156 0.3120243531202435 0.0273972602739726 0.1095890410958904
5 0.3949771689497717 0.2374429223744292 0.0228310502283105 0.030441400304414
10 0.740296803652968 0.3462709284627093 0.08789954337899543 0.0319634703196347
