15 0.7845 0.5568333333333333 0.023 0.025
15 0.6688333333333333 0.55 0.021 0.023333333333333334
15 0.5626666666666666 0.5318333333333334 0.015333333333333332 0.01633333333333333
15 0.5525 0.529 0.013 0.015333333333333332
11 0.5386666666666666 0.49633333333333335 0.02266666666666667 0.022
16 0.4735 0.47633333333333333 0.005 0.09933333333333333
15 0.462 0.5021666666666667 0.006666666666666667 0.008333333333333333
15 0.42883333333333334 0.5018333333333334 0.006333333333333333 0.006333333333333333
16 0.42383333333333334 0.498 0.0036666666666666666 0.032
16 0.44783333333333336 0.49283333333333335 0.0036666666666666666 0.023666666666666666
10 0.3431666666666667 0.5256666666666666 0.13966666666666666 0.078
18 0.16516666666666666 0.6543333333333333 0.23566666666666666 0.404
16 0.7515 0.4721666666666667 0.007666666666666666 0.13433333333333333
16 0.8673333333333333 0.4703333333333333 0.007333333333333333 0.12666666666666668
0 0.5868333333333333 0.4543333333333333 0.029 0.19666666666666666
0 0.6118333333333333 0.4745 0.024333333333333332 0.08166666666666667
0 0.6711666666666667 0.444 0.03233333333333333 0.13333333333333333
0 0.3915 0.4831666666666667 0.025666666666666667 0.059
0 0.4385 0.47333333333333333 0.015 0.082
0 0.5105 0.4731666666666667 0.012333333333333333 0.06233333333333333
13 0.38066666666666665 0.5006666666666667 0.01 0.019333333333333334
16 0.06616666666666667 0.404 0.031 0.226
16 0.11983333333333333 0.40066666666666667 0.019666666666666666 0.118
16 0.4523333333333333 0.4825 0.006666666666666667 0.041666666666666664
0 0.9416666666666667 0.5298333333333334 0.012666666666666666 0.071
0 0.79 0.4068333333333333 0.035333333333333335 0.11233333333333333
0 0.8338333333333333 0.3965 0.047 0.11033333333333334
0 0.7713333333333333 0.43583333333333335 0.016666666666666666 0.20433333333333334
0 0.714 0.5156666666666667 0.010666666666666666 0.058666666666666666
