6 0.529875 0.49666666666666665 0.05525 0.138
6 0.448375 0.494 0.02875 0.14266666666666666
15 0.61325 0.5223333333333333 0.035 0.04533333333333334
15 0.548125 0.517 0.01675 0.042
7 0.481875 0.499 0.04825 0.062
6 0.414 0.49416666666666664 0.0515 0.13166666666666665
6 0.30225 0.5 0.044 0.13666666666666666
9 0.241625 0.4558333333333333 0.30825 0.20633333333333334
12 0.292 0.5398333333333334 0.0255 0.057
11 0.06525 0.8226666666666667 0.1205 0.312
6 0.035625 0.5923333333333334 0.06825 0.212
7 0.601875 0.49066666666666664 0.03375 0.06466666666666666
16 0.788125 0.42 0.02625 0.22333333333333333
0 0.83375 0.44633333333333336 0.0315 0.16933333333333334
0 0.745375 0.43166666666666664 0.02575 0.186
0 0.697125 0.43216666666666664 0.02725 0.20233333333333334
0 0.600875 0.39616666666666667 0.03775 0.19433333333333333
16 0.421625 0.22216666666666668 0.02725 0.44366666666666665
7 0.504125 0.5033333333333333 0.03275 0.05333333333333334
11 0.563 0.4995 0.041 0.05433333333333333
6 0.519625 0.49733333333333335 0.02575 0.13333333333333333
