3 0.6261415525114156 0.710806697108067 0.7454337899543378 0.563165905631659
10 0.1478310502283105 0.4101978691019787 0.1449771689497717 0.0684931506849315
10 0.523972602739726 0.4094368340943683 0.1415525114155251 0.076103500761035
10 0.916095890410959 0.4185692541856925 0.16095890410958905 0.0821917808219178
11 0.6626712328767124 0.7549467275494672 0.341324200913242 0.4292237442922374
6 0.6284246575342466 0.621765601217656 0.1632420091324201 0.4155251141552511
2 0.07990867579908675 0.2602739726027397 0.01598173515981735 0.0426179604261796
0 0.704337899543379 0.363013698630137 0.0136986301369863 0.0624048706240487
10 0.012557077625570776 0.4063926940639269 0.0228310502283105 0.060882800608828
0 0.855593607305936 0.3538812785388128 0.012557077625570776 0.1019786910197869
14 0.6866438356164384 0.4208523592085236 0.007990867579908675 0.0380517503805175
1 0.06449771689497717 0.2595129375951294 0.014840182648401826 0.0441400304414003
16 0.6050228310502284 0.3318112633181126 0.0091324200913242 0.167427701674277
6 0.6301369863013698 0.4048706240487062 0.01598173515981735 0.0365296803652968
2 0.5981735159817352 0.3302891933028919 0.01141552511415525 0.0273972602739726
16 0.2682648401826484 0.2899543378995434 0.01141552511415525 0.2176560121765601
16 0.8972602739726028 0.3165905631659056 0.0182648401826484 0.1491628614916286
6 0.0639269406392694 0.3881278538812785 0.01141552511415525 0.0182648401826484
6 0.08732876712328767 0.3858447488584475 0.014840182648401826 0.0167427701674277
6 0.09874429223744292 0.3858447488584475 0.007990867579908675 0.0167427701674277
16 0.15011415525114155 0.228310502283105 0.014840182648401826 0.228310502283105
16 0.16381278538812785 0.3120243531202435 0.012557077625570776 0.1278538812785388
16 0.1358447488584475 0.3219178082191781 0.01141552511415525 0.1111111111111111
10 0.952054794520548 0.4216133942161339 0.091324200913242 0.0852359208523592
16 0.9697488584474886 0.3089802130898021 0.021689497716894976 0.1430745814307458
16 0.7945205479452054 0.3531202435312024 0.01141552511415525 0.1004566210045662
11 0.6267123287671232 0.4216133942161339 0.03424657534246575 0.0395738203957382
