10 0.91324200913242 0.3302891933028919 0.1735159817351598 0.1248097412480974
3 0.4914383561643836 0.6834094368340944 0.980593607305936 0.6301369863013698
10 0.7659817351598174 0.3310502283105023 0.1232876712328767 0.0684931506849315
16 0.6952054794520548 0.17579908675799086 0.02054794520547945 0.3485540334855403
6 0.5251141552511416 0.3295281582952816 0.0228310502283105 0.0837138508371385
6 0.555365296803653 0.3302891933028919 0.021689497716894976 0.0852359208523592
16 0.317351598173516 0.2176560121765601 0.0182648401826484 0.1643835616438356
6 0.6472602739726028 0.3310502283105023 0.0182648401826484 0.0593607305936073
6 0.6090182648401826 0.3280060882800609 0.017123287671232876 0.0624048706240487
6 0.6255707762557078 0.3310502283105023 0.01598173515981735 0.0624048706240487
16 0.3778538812785388 0.2267884322678843 0.01598173515981735 0.1796042617960426
6 0.5707762557077626 0.3439878234398782 0.01598173515981735 0.0578386605783866
10 0.351027397260274 0.4977168949771689 0.6997716894977168 0.4170471841704718
2 0.5684931506849316 0.2496194824961948 0.0136986301369863 0.030441400304414
16 0.341324200913242 0.2343987823439878 0.0182648401826484 0.1400304414003044
6 0.5850456621004566 0.3203957382039574 0.014840182648401826 0.0593607305936073
6 0.466324200913242 0.3257229832572298 0.03995433789954338 0.091324200913242
11 0.4617579908675799 0.3554033485540335 0.030821917808219176 0.0471841704718417
10 0.6335616438356164 0.3150684931506849 0.0730593607305936 0.045662100456621
16 0.7174657534246576 0.2602739726027397 0.014840182648401826 0.1095890410958904
6 0.4406392694063927 0.3226788432267884 0.02054794520547945 0.0547945205479452
6 0.4982876712328767 0.3302891933028919 0.030821917808219176 0.1004566210045662
16 0.037100456621004564 0.2633181126331811 0.021689497716894976 0.1552511415525114
16 0.7049086757990868 0.2633181126331811 0.010273972602739725 0.0791476407914764
16 0.7722602739726028 0.1461187214611872 0.014840182648401826 0.289193302891933
11 0.4931506849315068 0.3637747336377473 0.0228310502283105 0.0547945205479452
1 0.24885844748858446 0.07686453576864535 0.0228310502283105 0.0837138508371385
1 0.2745433789954338 0.0867579908675799 0.021689497716894976 0.0791476407914764
