3 0.5011415525114156 0.6917808219178082 0.997716894977169 0.4824961948249619
10 0.3264840182648402 0.4345509893455099 0.3378995433789954 0.1293759512937595
10 0.4805936073059361 0.3964992389649924 0.0593607305936073 0.0563165905631659
16 0.7214611872146118 0.3363774733637747 0.0228310502283105 0.2039573820395738
16 0.8704337899543378 0.3462709284627093 0.019406392694063926 0.1598173515981735
10 0.968607305936073 0.4101978691019787 0.06278538812785388 0.0502283105022831
10 0.1689497716894977 0.3926940639269406 0.07990867579908675 0.0517503805175038
16 0.0702054794520548 0.30441400304414 0.021689497716894976 0.228310502283105
10 0.10844748858447488 0.3904109589041096 0.0684931506849315 0.0502283105022831
16 0.5633561643835616 0.3607305936073059 0.012557077625570776 0.1552511415525114
10 0.5485159817351598 0.393455098934551 0.07420091324200913 0.0624048706240487
10 0.032534246575342464 0.3873668188736682 0.06278538812785388 0.0502283105022831
6 0.5878995433789954 0.4033485540334855 0.02054794520547945 0.0730593607305936
16 0.78824200913242 0.19406392694063926 0.021689497716894976 0.3820395738203957
10 0.4394977168949772 0.393455098934551 0.04794520547945205 0.0441400304414003
10 0.6740867579908676 0.3987823439878234 0.07876712328767123 0.0578386605783866
10 0.7328767123287672 0.4010654490106545 0.05707762557077625 0.0532724505327245
10 0.6198630136986302 0.4018264840182648 0.0639269406392694 0.0517503805175038
1 0.5547945205479452 0.3165905631659056 0.01598173515981735 0.0365296803652968
16 0.6198630136986302 0.2815829528158295 0.0182648401826484 0.319634703196347
11 0.9240867579908676 0.4223744292237443 0.017123287671232876 0.0319634703196347
16 0.651255707762557 0.3051750380517504 0.019406392694063926 0.2602739726027397
6 0.7585616438356164 0.4018264840182648 0.017123287671232876 0.060882800608828
11 0.7865296803652968 0.4299847792998478 0.04337899543378995 0.0380517503805175
16 0.4035388127853881 0.2663622526636225 0.017123287671232876 0.2831050228310502
11 0.8972602739726028 0.4178082191780822 0.01598173515981735 0.0319634703196347
16 0.8281963470319634 0.365296803652968 0.010273972602739725 0.0943683409436834
6 0.9218036529680366 0.4010654490106545 0.019406392694063926 0.0350076103500761
6 0.7871004566210046 0.4140030441400304 0.019406392694063926 0.0578386605783866
10 0.0136986301369863 0.4596651445966514 0.02511415525114155 0.106544901065449
14 0.5102739726027398 0.426179604261796 0.00684931506849315 0.0365296803652968
16 0.930365296803653 0.30441400304414 0.01141552511415525 0.1582952815829528
16 0.11986301369863013 0.30441400304414 0.01598173515981735 0.2161339421613394
14 0.0593607305936073 0.4117199391171994 0.0091324200913242 0.0471841704718417
14 0.04280821917808219 0.4178082191780822 0.007990867579908675 0.0380517503805175
11 0.8784246575342466 0.408675799086758 0.017123287671232876 0.0289193302891933
10 0.7968036529680366 0.4025875190258752 0.0547945205479452 0.0471841704718417
