3 0.5 0.7176560121765602 0.997716894977169 0.5616438356164384
6 0.521689497716895 0.4315068493150685 0.045662100456621 0.1293759512937595
6 0.24315068493150685 0.4231354642313546 0.03424657534246575 0.121765601217656
6 0.4280821917808219 0.4147640791476408 0.0365296803652968 0.1232876712328767
6 0.6541095890410958 0.4269406392694064 0.05251141552511415 0.1598173515981735
6 0.6078767123287672 0.4223744292237443 0.033105022831050226 0.1263318112633181
16 0.9235159817351598 0.3013698630136986 0.02054794520547945 0.1248097412480974
2 0.0136986301369863 0.2252663622526636 0.01598173515981735 0.0426179604261796
10 0.728310502283105 0.393455098934551 0.10730593607305935 0.0502283105022831
1 0.06792237442922375 0.23059360730593606 0.014840182648401826 0.0410958904109589
10 0.2785388127853881 0.3828006088280061 0.05707762557077625 0.0502283105022831
6 0.3573059360730594 0.4216133942161339 0.02968036529680365 0.1126331811263318
6 0.58162100456621 0.4155251141552511 0.021689497716894976 0.0974124809741248
16 0.22602739726027396 0.17884322678843226 0.0182648401826484 0.3485540334855403
16 0.17922374429223745 0.3135464231354642 0.01598173515981735 0.121765601217656
7 0.1934931506849315 0.4101978691019787 0.019406392694063926 0.0380517503805175
10 0.8778538812785388 0.4284627092846271 0.2146118721461187 0.0989345509893455
11 0.041666666666666664 0.3919330289193303 0.03538812785388128 0.0319634703196347
6 0.3852739726027397 0.4140030441400304 0.028538812785388126 0.0974124809741248
6 0.19292237442922375 0.3881278538812785 0.02054794520547945 0.0578386605783866
16 0.14440639269406394 0.3074581430745814 0.012557077625570776 0.1765601217656012
2 0.4623287671232877 0.3219178082191781 0.0136986301369863 0.0319634703196347
16 0.8493150684931506 0.20319634703196346 0.0228310502283105 0.3211567732115677
6 0.5633561643835616 0.4162861491628615 0.023972602739726026 0.0958904109589041
6 0.5057077625570776 0.3881278538812785 0.0182648401826484 0.0487062404870624
10 0.2288812785388128 0.378234398782344 0.05365296803652968 0.0441400304414003
6 0.0930365296803653 0.3767123287671233 0.014840182648401826 0.0319634703196347
6 0.16381278538812785 0.3812785388127854 0.014840182648401826 0.0532724505327245
16 0.7328767123287672 0.3866057838660578 0.01141552511415525 0.0974124809741248
10 0.307648401826484 0.3888888888888889 0.06506849315068493 0.0502283105022831
6 0.04052511415525114 0.378234398782344 0.017123287671232876 0.0410958904109589
6 0.1267123287671233 0.3767123287671233 0.0136986301369863 0.0441400304414003
6 0.3447488584474886 0.3949771689497717 0.01598173515981735 0.0624048706240487
9 0.05707762557077625 0.3485540334855403 0.03881278538812785 0.0273972602739726
6 0.0091324200913242 0.3828006088280061 0.01598173515981735 0.0563165905631659
16 0.4560502283105023 0.3592085235920852 0.010273972602739725 0.1339421613394216
7 0.010273972602739725 0.4041095890410959 0.0182648401826484 0.0350076103500761
6 0.10102739726027397 0.3774733637747336 0.012557077625570776 0.0365296803652968
16 0.3613013698630137 0.3006088280060883 0.017123287671232876 0.1385083713850837
10 0.3344748858447489 0.3896499238964992 0.03424657534246575 0.0517503805175038
3 0.05650684931506849 0.3987823439878234 0.11073059360730593 0.0182648401826484
6 0.3972602739726027 0.3911719939117199 0.0136986301369863 0.045662100456621
6 0.5393835616438356 0.4048706240487062 0.017123287671232876 0.0700152207001522
10 0.9606164383561644 0.4360730593607306 0.07876712328767123 0.1385083713850837
10 0.8670091324200914 0.4101978691019787 0.22945205479452055 0.1050228310502283
7 0.644406392694064 0.4581430745814307 0.04223744292237443 0.1035007610350076
6 0.4103881278538813 0.4140030441400304 0.021689497716894976 0.1035007610350076
11 0.09531963470319635 0.3987823439878234 0.014840182648401826 0.0273972602739726
6 0.6215753424657534 0.3789954337899543 0.026255707762557076 0.0395738203957382
