10 0.12109375 0.2520833333333333 0.0234375 0.029166666666666667
10 0.01015625 0.2760416666666667 0.0171875 0.05625
19 0.44375 0.6125 0.13125 0.225
10 0.165625 0.246875 0.015625 0.022916666666666665
10 0.14296875 0.24583333333333332 0.0234375 0.025
9 0.0890625 0.23958333333333334 0.04375 0.07083333333333333
10 0.1578125 0.24479166666666666 0.009375 0.01875
16 0.2078125 0.15104166666666666 0.025 0.29791666666666666
16 0.88671875 0.40625 0.1265625 0.8083333333333333
2 0.14140625 0.1 0.0140625 0.0375
2 0.078125 0.11666666666666667 0.0125 0.041666666666666664
0 0.2640625 0.10208333333333333 0.053125 0.2
0 0.309375 0.103125 0.03125 0.20208333333333334
0 0.44296875 0.12395833333333334 0.0203125 0.15625
