10 0.64921875 0.5125 0.0328125 0.075
9 0.70546875 0.515625 0.1265625 0.11458333333333333
10 0.6359375 0.496875 0.03125 0.052083333333333336
10 0.60625 0.490625 0.025 0.03125
10 0.55625 0.48125 0.021875 0.03333333333333333
10 0.62109375 0.496875 0.0203125 0.04791666666666667
5 0.203125 0.303125 0.065625 0.09375
5 0.36640625 0.36770833333333336 0.0328125 0.04375
5 0.875 0.35 0.034375 0.041666666666666664
16 0.41953125 0.484375 0.0203125 0.33125
14 0.440625 0.58125 0.015625 0.10833333333333334
14 0.4546875 0.5677083333333334 0.0125 0.09375
14 0.46484375 0.5583333333333333 0.0140625 0.08333333333333333
14 0.38828125 0.546875 0.0140625 0.08125
16 0.3703125 0.4875 0.0125 0.15
16 0.2125 0.5458333333333333 0.028125 0.32916666666666666
16 0.8765625 0.48854166666666665 0.0125 0.18125
0 0.11484375 0.440625 0.0515625 0.28541666666666665
0 0.0828125 0.47708333333333336 0.0375 0.16666666666666666
19 0.4015625 0.521875 0.01875 0.06458333333333334
