3 0.5 0.7054794520547946 0.997716894977169 0.589041095890411
10 0.0930365296803653 0.3736681887366819 0.07648401826484018 0.0502283105022831
10 0.8007990867579908 0.3888888888888889 0.204337899543379 0.0867579908675799
2 0.22146118721461186 0.17427701674277016 0.0228310502283105 0.0593607305936073
16 0.3881278538812785 0.20167427701674276 0.0228310502283105 0.3972602739726027
10 0.9634703196347032 0.3698630136986301 0.0730593607305936 0.076103500761035
16 0.0639269406392694 0.2328767123287671 0.0228310502283105 0.2496194824961948
10 0.3110730593607306 0.3614916286149163 0.023972602739726026 0.0228310502283105
0 0.8287671232876712 0.2907153729071537 0.01598173515981735 0.0669710806697108
6 0.4800228310502283 0.378234398782344 0.017123287671232876 0.0684931506849315
14 0.8972602739726028 0.4140030441400304 0.01598173515981735 0.076103500761035
2 0.6095890410958904 0.2899543378995434 0.01598173515981735 0.0380517503805175
6 0.4081050228310502 0.3668188736681887 0.014840182648401826 0.0547945205479452
16 0.613013698630137 0.2054794520547945 0.0136986301369863 0.4079147640791476
0 0.7220319634703196 0.3143074581430746 0.017123287671232876 0.0928462709284627
3 0.1815068493150685 0.410958904109589 0.3607305936073059 0.0334855403348554
0 0.96175799086758 0.3249619482496195 0.014840182648401826 0.0654490106544901
0 0.3407534246575342 0.3576864535768645 0.010273972602739725 0.0578386605783866
0 0.3664383561643836 0.3531202435312024 0.0091324200913242 0.0547945205479452
0 0.3801369863013699 0.3485540334855403 0.0091324200913242 0.0639269406392694
16 0.0976027397260274 0.2298325722983257 0.012557077625570776 0.2404870624048706
10 0.8019406392694064 0.3538812785388128 0.17922374429223745 0.0563165905631659
