3 0.3841324200913242 0.6232876712328768 0.7636986301369864 0.7321156773211568
10 0.3036529680365297 0.2709284627092846 0.1689497716894977 0.0791476407914764
10 0.8384703196347032 0.19254185692541856 0.05136986301369863 0.0441400304414003
0 0.12271689497716895 0.22907153729071536 0.030821917808219176 0.1445966514459665
10 0.9434931506849316 0.17732115677321156 0.05365296803652968 0.0350076103500761
10 0.9840182648401826 0.17884322678843226 0.0319634703196347 0.0593607305936073
14 0.07363013698630137 0.3188736681887367 0.021689497716894976 0.0715372907153729
1 0.8253424657534246 0.02511415525114155 0.02054794520547945 0.0471841704718417
6 0.016552511415525113 0.3592085235920852 0.030821917808219176 0.243531202435312
16 0.7397260273972602 0.11339421613394216 0.0182648401826484 0.2146118721461187
1 0.6426940639269406 0.1354642313546423 0.0136986301369863 0.0334855403348554
16 0.6438356164383562 0.1963470319634703 0.0091324200913242 0.0882800608828006
0 0.06335616438356165 0.24885844748858446 0.026255707762557076 0.0684931506849315
3 0.8584474885844748 0.21993911719939116 0.2831050228310502 0.0441400304414003
3 0.8601598173515982 0.8683409436834094 0.2796803652968037 0.2633181126331811
16 0.2802511415525114 0.1232876712328767 0.03538812785388128 0.2374429223744292
10 0.898972602739726 0.1750380517503805 0.03767123287671233 0.0365296803652968
10 0.02910958904109589 0.3226788432267884 0.04908675799086758 0.0882800608828006
0 0.3213470319634703 0.20928462709284626 0.017123287671232876 0.0502283105022831
