15 0.551 0.454 0.1 0.17066666666666666
10 0.6605 0.06633333333333333 0.0775 0.03133333333333333
10 0.21675 0.048666666666666664 0.026 0.03133333333333333
6 0.385375 0.065 0.01475 0.052
6 0.026375 0.10733333333333334 0.01575 0.04466666666666667
10 0.542 0.07633333333333334 0.0595 0.03133333333333333
16 0.757125 0.06016666666666667 0.01175 0.11966666666666667
0 0.146625 0.07866666666666666 0.02575 0.15666666666666668
0 0.321125 0.10616666666666667 0.03675 0.21166666666666667
16 0.185375 0.0895 0.02425 0.17833333333333334
10 0.717625 0.060333333333333336 0.04575 0.03133333333333333
4 0.254875 0.5333333333333333 0.50925 0.09266666666666666
