13 0.686375 0.4563333333333333 0.36925 0.446
6 0.813125 0.236 0.05775 0.08733333333333333
10 0.6875 0.21616666666666667 0.2095 0.11966666666666667
11 0.479875 0.3591666666666667 0.06775 0.177
10 0.257625 0.208 0.07675 0.046
10 0.917625 0.17616666666666667 0.09475 0.027
10 0.8395 0.17783333333333334 0.0685 0.019666666666666666
10 0.782125 0.183 0.03725 0.016
6 0.756125 0.20283333333333334 0.02575 0.058333333333333334
16 0.578375 0.114 0.02975 0.22
18 0.407 0.23883333333333334 0.164 0.21366666666666667
18 0.311125 0.22916666666666666 0.07125 0.07366666666666667
11 0.215125 0.24433333333333335 0.02725 0.06133333333333333
11 0.187625 0.2125 0.02675 0.05366666666666667
0 0.5215 0.132 0.0705 0.2633333333333333
0 0.38375 0.139 0.0405 0.15266666666666667
6 0.2105 0.20433333333333334 0.024 0.04933333333333333
11 0.442375 0.3463333333333333 0.06325 0.132
10 0.516375 0.21083333333333334 0.11425 0.07766666666666666
10 0.4485 0.2105 0.041 0.05366666666666667
10 0.418375 0.2105 0.05425 0.07166666666666667
7 0.430875 0.32666666666666666 0.05725 0.12133333333333333
4 0.42425 0.687 0.2965 0.626
7 0.33725 0.25466666666666665 0.0285 0.04
16 0.755 0.10216666666666667 0.0335 0.20366666666666666
6 0.194125 0.19083333333333333 0.01275 0.030333333333333334
11 0.778125 0.23283333333333334 0.03625 0.052333333333333336
