15 0.495 0.79875 0.30333333333333334 0.3025
15 0.43666666666666665 0.4825 0.16666666666666666 0.155
15 0.41333333333333333 0.355 0.11333333333333333 0.1
15 0.4083333333333333 0.28625 0.09 0.0575
11 0.6433333333333333 0.1525 0.14666666666666667 0.08
0 0.08666666666666667 0.12125 0.06 0.2175
15 0.405 0.2475 0.09 0.04
10 0.05 0.1225 0.06666666666666667 0.04
10 0.165 0.1175 0.056666666666666664 0.03
11 0.9466666666666667 0.15375 0.08666666666666667 0.0575
11 0.8183333333333334 0.13625 0.07 0.0475
11 0.8816666666666667 0.13875 0.056666666666666664 0.0575
0 0.19 0.0975 0.04666666666666667 0.19
