3 0.7077625570776256 0.7176560121765602 0.5821917808219178 0.5646879756468798
10 0.8670091324200914 0.6704718417047184 0.2636986301369863 0.4642313546423135
6 0.7973744292237442 0.4604261796042618 0.04223744292237443 0.1354642313546423
16 0.973744292237443 0.2237442922374429 0.03424657534246575 0.441400304414003
6 0.7420091324200914 0.4079147640791476 0.01598173515981735 0.0578386605783866
10 0.5799086757990868 0.3942161339421613 0.0365296803652968 0.030441400304414
16 0.8961187214611872 0.23515981735159816 0.0319634703196347 0.4642313546423135
10 0.6278538812785388 0.3926940639269406 0.0182648401826484 0.0182648401826484
10 0.6809360730593608 0.3980213089802131 0.030821917808219176 0.0319634703196347
10 0.5176940639269406 0.3942161339421613 0.030821917808219176 0.0273972602739726
6 0.3961187214611872 0.393455098934551 0.0091324200913242 0.0258751902587519
10 0.5450913242009132 0.395738203957382 0.028538812785388126 0.0243531202435312
1 0.752283105022831 0.3561643835616438 0.0091324200913242 0.0213089802130898
1 0.12728310502283105 0.22146118721461186 0.021689497716894976 0.0532724505327245
6 0.3675799086757991 0.395738203957382 0.0091324200913242 0.0243531202435312
16 0.7608447488584474 0.3622526636225266 0.010273972602739725 0.1187214611872146
6 0.4469178082191781 0.3972602739726027 0.007990867579908675 0.0273972602739726
6 0.4366438356164384 0.3972602739726027 0.010273972602739725 0.0273972602739726
6 0.4240867579908676 0.3964992389649924 0.007990867579908675 0.0258751902587519
2 0.8036529680365296 0.05098934550989345 0.02968036529680365 0.0989345509893455
1 0.09246575342465753 0.3272450532724505 0.01141552511415525 0.0273972602739726
16 0.7060502283105022 0.3569254185692542 0.007990867579908675 0.0958904109589041
14 0.06335616438356165 0.4056316590563166 0.005707762557077625 0.0319634703196347
14 0.10273972602739725 0.4018264840182648 0.00684931506849315 0.0243531202435312
16 0.4166666666666667 0.3424657534246575 0.0091324200913242 0.1308980213089802
10 0.6558219178082192 0.3919330289193303 0.014840182648401826 0.0136986301369863
16 0.07990867579908675 0.3188736681887367 0.0136986301369863 0.1902587519025875
16 0.10730593607305935 0.3097412480974125 0.0136986301369863 0.2054794520547945
6 0.5827625570776256 0.393455098934551 0.012557077625570776 0.0350076103500761
11 0.4851598173515982 0.3980213089802131 0.0136986301369863 0.0197869101978691
11 0.4977168949771689 0.4003044140030441 0.01141552511415525 0.015220700152207
2 0.9355022831050228 0.10273972602739725 0.06278538812785388 0.1993911719939117
