7 0.09647058823529411 0.4171875 0.10352941176470588 0.084375
10 0.8458823529411764 0.41328125 0.2988235294117647 0.1390625
10 0.6870588235294117 0.3515625 0.16 0.0625
6 0.4470588235294118 0.5609375 0.28705882352941176 0.5875
6 0.72 0.35078125 0.047058823529411764 0.0796875
6 0.571764705882353 0.3515625 0.042352941176470586 0.0875
6 0.8058823529411765 0.303125 0.01647058823529412 0.03125
6 0.5964705882352941 0.359375 0.03058823529411765 0.09375
6 0.14941176470588236 0.37734375 0.08235294117647059 0.1109375
6 0.8588235294117647 0.31171875 0.023529411764705882 0.0484375
6 0.8976470588235295 0.30703125 0.01647058823529412 0.0390625
6 0.7847058823529411 0.3328125 0.03529411764705882 0.034375
6 0.8305882352941176 0.3296875 0.018823529411764704 0.01875
6 0.3564705882352941 0.340625 0.04470588235294118 0.0625
6 0.52 0.33203125 0.03764705882352941 0.0390625
6 0.7905882352941176 0.29765625 0.018823529411764704 0.0359375
16 0.29294117647058826 0.2265625 0.09176470588235294 0.440625
16 0.5647058823529412 0.17734375 0.05647058823529412 0.2765625
5 0.29058823529411765 0.11953125 0.06352941176470588 0.0546875
5 0.7047058823529412 0.15390625 0.04 0.0296875
