4 0.7715686274509804 0.5933823529411765 0.4549019607843137 0.8044117647058824
11 0.8931372549019608 0.27904411764705883 0.21176470588235294 0.23308823529411765
6 0.2911764705882353 0.07426470588235294 0.050980392156862744 0.1323529411764706
11 0.6328431372549019 0.1448529411764706 0.21862745098039216 0.13970588235294118
9 0.396078431372549 0.03566176470588235 0.0392156862745098 0.04485294117647059
0 0.7936274509803921 0.06580882352941177 0.06568627450980392 0.10073529411764706
0 0.592156862745098 0.030147058823529412 0.0196078431372549 0.058823529411764705
0 0.6436274509803922 0.054044117647058826 0.03431372549019608 0.06691176470588235
6 0.4411764705882353 0.04889705882352941 0.01568627450980392 0.03161764705882353
0 0.5269607843137255 0.03308823529411765 0.016666666666666666 0.03823529411764706
11 0.8813725490196078 0.10735294117647058 0.06862745098039216 0.06323529411764706
6 0.888235294117647 0.07389705882352941 0.06274509803921569 0.07867647058823529
10 0.4823529411764706 0.05514705882352941 0.043137254901960784 0.039705882352941174
11 0.32598039215686275 0.07095588235294117 0.04019607843137255 0.04044117647058824
0 0.9333333333333333 0.03676470588235294 0.041176470588235294 0.07205882352941176
0 0.5509803921568628 0.031985294117647056 0.0196078431372549 0.04632352941176471
6 0.9534313725490197 0.13566176470588234 0.09117647058823529 0.20661764705882352
11 0.8529411764705882 0.18786764705882353 0.26666666666666666 0.16691176470588234
6 0.22598039215686275 0.09485294117647058 0.04607843137254902 0.08823529411764706
0 0.725 0.027205882352941177 0.024509803921568627 0.052941176470588235
0 0.4696078431372549 0.05 0.013725490196078431 0.04852941176470588
16 0.9083333333333333 0.029044117647058824 0.03235294117647059 0.05661764705882353
0 0.2950980392156863 0.022058823529411766 0.041176470588235294 0.04264705882352941
12 0.375 0.06544117647058824 0.010784313725490196 0.016176470588235296
6 0.8725490196078431 0.05110294117647059 0.03137254901960784 0.03602941176470588
0 0.8818627450980392 0.01764705882352941 0.016666666666666666 0.033823529411764704
11 0.7946078431372549 0.2536764705882353 0.11666666666666667 0.19852941176470587
12 0.35980392156862745 0.06544117647058824 0.011764705882352941 0.01764705882352941
10 0.3264705882352941 0.04926470588235294 0.03529411764705882 0.027941176470588237
18 0.3622549019607843 0.04595588235294118 0.03235294117647059 0.027205882352941177
6 0.6882352941176471 0.046691176470588236 0.0196078431372549 0.015441176470588236
6 0.7068627450980393 0.05661764705882353 0.023529411764705882 0.03529411764705882
6 0.9397058823529412 0.05220588235294118 0.024509803921568627 0.04411764705882353
