10 0.784375 0.5885416666666666 0.196875 0.11041666666666666
6 0.96796875 0.5916666666666667 0.0546875 0.14583333333333334
6 0.04921875 0.5770833333333333 0.0203125 0.15
6 0.9921875 0.59375 0.015625 0.10833333333333334
6 0.0203125 0.5864583333333333 0.034375 0.12291666666666666
10 0.91640625 0.5708333333333333 0.0859375 0.05
6 0.07109375 0.5614583333333333 0.0390625 0.17708333333333334
6 0.115625 0.5739583333333333 0.059375 0.13958333333333334
10 0.1953125 0.609375 0.096875 0.06041666666666667
10 0.0765625 0.5739583333333333 0.15 0.12708333333333333
10 0.7109375 0.5979166666666667 0.09375 0.075
10 0.965625 0.603125 0.0375 0.08958333333333333
9 0.8765625 0.5927083333333333 0.165625 0.12291666666666666
10 0.2625 0.56875 0.153125 0.13333333333333333
