3 0.579337899543379 0.6286149162861492 0.841324200913242 0.7427701674277016
10 0.2482876712328767 0.2191780821917808 0.3984018264840183 0.2343987823439878
0 0.9457762557077626 0.15144596651445966 0.030821917808219176 0.1506849315068493
0 0.7083333333333334 0.15449010654490106 0.026255707762557076 0.1567732115677321
16 0.1278538812785388 0.0943683409436834 0.03881278538812785 0.1856925418569254
7 0.531392694063927 0.2100456621004566 0.04680365296803653 0.0730593607305936
0 0.4041095890410959 0.0898021308980213 0.0228310502283105 0.1278538812785388
7 0.7802511415525114 0.2039573820395738 0.026255707762557076 0.0669710806697108
10 0.9708904109589042 0.1993911719939117 0.05821917808219178 0.1430745814307458
7 0.4954337899543379 0.20319634703196346 0.02968036529680365 0.0806697108066971
7 0.4469178082191781 0.2085235920852359 0.026255707762557076 0.076103500761035
11 0.7437214611872146 0.20319634703196346 0.05136986301369863 0.0624048706240487
