10 0.17421875 0.717032967032967 0.0328125 0.027472527472527472
10 0.21953125 0.7106227106227107 0.0140625 0.018315018315018316
6 0.5515625 0.8021978021978022 0.20625 0.1575091575091575
9 0.03828125 0.7298534798534798 0.0734375 0.06776556776556776
10 0.08203125 0.7271062271062271 0.0421875 0.04395604395604396
10 0.753125 0.717032967032967 0.0375 0.031135531135531136
19 0.13359375 0.7216117216117216 0.0109375 0.02197802197802198
1 0.2453125 0.5128205128205128 0.034375 0.05860805860805861
13 0.80546875 0.7316849816849816 0.0234375 0.04945054945054945
0 0.9484375 0.5146520146520146 0.025 0.4725274725274725
0 0.75546875 0.4652014652014652 0.0328125 0.5824175824175825
16 0.4828125 0.47985347985347987 0.015625 0.1391941391941392
