16 0.230875 0.46 0.08975 0.9193333333333333
8 0.68125 0.2901666666666667 0.223 0.143
0 0.14 0.2245 0.075 0.37966666666666665
0 0.742875 0.18683333333333332 0.06975 0.373
0 0.793875 0.18733333333333332 0.07825 0.374
0 0.662125 0.22916666666666666 0.04025 0.157
0 0.596 0.24233333333333335 0.037 0.136
0 0.625625 0.22366666666666668 0.01725 0.16866666666666666
0 0.55025 0.23816666666666667 0.0585 0.14433333333333334
0 0.496 0.2375 0.025 0.147
0 0.458375 0.23433333333333334 0.01975 0.142
15 0.368 0.4136666666666667 0.017 0.04
15 0.4585 0.41133333333333333 0.0185 0.03866666666666667
15 0.574125 0.5801666666666667 0.03875 0.07966666666666666
15 0.744875 0.5623333333333334 0.03875 0.07866666666666666
