15 0.6309895833333333 0.3731481481481482 0.033854166666666664 0.06851851851851852
15 0.55 0.37407407407407406 0.036458333333333336 0.07222222222222222
15 0.46822916666666664 0.3787037037037037 0.035416666666666666 0.06851851851851852
15 0.3 0.38472222222222224 0.036458333333333336 0.06388888888888888
6 0.20885416666666667 0.3560185185185185 0.03958333333333333 0.2212962962962963
6 0.340625 0.35648148148148145 0.04895833333333333 0.17777777777777778
6 0.37786458333333334 0.38287037037037036 0.04114583333333333 0.125
6 0.421875 0.3365740740740741 0.046875 0.20833333333333334
16 0.8197916666666667 0.15694444444444444 0.021875 0.31203703703703706
16 0.9127604166666666 0.20462962962962963 0.0203125 0.17407407407407408
16 0.6489583333333333 0.29953703703703705 0.0125 0.2212962962962963
11 0.4895833333333333 0.34120370370370373 0.08125 0.09722222222222222
6 0.4869791666666667 0.3162037037037037 0.035416666666666666 0.11388888888888889
0 0.0734375 0.21435185185185185 0.051041666666666666 0.42685185185185187
0 0.31276041666666665 0.27175925925925926 0.0265625 0.16018518518518518
0 0.7322916666666667 0.2523148148148148 0.017708333333333333 0.1287037037037037
0 0.9760416666666667 0.23703703703703705 0.026041666666666668 0.14629629629629629
3 0.6427083333333333 0.37777777777777777 0.10520833333333333 0.03888888888888889
16 0.7661458333333333 0.20694444444444443 0.013541666666666667 0.175
6 0.8526041666666667 0.2722222222222222 0.03125 0.05740740740740741
16 0.16510416666666666 0.30092592592592593 0.011458333333333333 0.21666666666666667
16 0.6940104166666666 0.2490740740740741 0.009895833333333333 0.18703703703703703
3 0.34348958333333335 0.3800925925925926 0.21197916666666666 0.04722222222222222
16 0.9557291666666666 0.22314814814814815 0.013541666666666667 0.12962962962962962
11 0.2953125 0.31157407407407406 0.013541666666666667 0.03796296296296296
6 0.29348958333333336 0.28703703703703703 0.015104166666666667 0.027777777777777776
