3 0.4280821917808219 0.726027397260274 0.8538812785388128 0.5449010654490106
10 0.6204337899543378 0.4231354642313546 0.20205479452054795 0.106544901065449
10 0.11244292237442922 0.4216133942161339 0.2226027397260274 0.136986301369863
10 0.3430365296803653 0.4140030441400304 0.1495433789954338 0.0882800608828006
10 0.0410958904109589 0.4452054794520548 0.07990867579908675 0.1537290715372907
16 0.865296803652968 0.22298325722983256 0.02968036529680365 0.4398782343987823
16 0.8110730593607306 0.3242009132420091 0.017123287671232876 0.2496194824961948
16 0.9240867579908676 0.3751902587519026 0.012557077625570776 0.1385083713850837
0 0.5176940639269406 0.3554033485540335 0.021689497716894976 0.1567732115677321
16 0.4366438356164384 0.3234398782343988 0.014840182648401826 0.2389649923896499
16 0.7688356164383562 0.3980213089802131 0.010273972602739725 0.0958904109589041
6 0.9600456621004566 0.4185692541856925 0.0182648401826484 0.060882800608828
0 0.06906392694063927 0.3234398782343988 0.019406392694063926 0.0715372907153729
0 0.22031963470319635 0.3820395738203957 0.01598173515981735 0.076103500761035
1 0.7665525114155252 0.3302891933028919 0.014840182648401826 0.0334855403348554
16 0.5970319634703196 0.2990867579908676 0.0136986301369863 0.1537290715372907
0 0.4686073059360731 0.3592085235920852 0.017123287671232876 0.106544901065449
0 0.1832191780821918 0.3660578386605784 0.017123287671232876 0.0837138508371385
16 0.4069634703196347 0.3013698630136986 0.012557077625570776 0.1765601217656012
14 0.2591324200913242 0.4307458143074581 0.00684931506849315 0.0334855403348554
16 0.4863013698630137 0.3797564687975647 0.0091324200913242 0.1171993911719939
0 0.833904109589041 0.3660578386605784 0.017123287671232876 0.1019786910197869
14 0.24771689497716895 0.4299847792998478 0.00684931506849315 0.0319634703196347
16 0.9942922374429224 0.3569254185692542 0.01141552511415525 0.1324200913242009
0 0.363013698630137 0.3447488584474886 0.0136986301369863 0.0654490106544901
0 0.7328767123287672 0.3759512937595129 0.0136986301369863 0.0791476407914764
0 0.2791095890410959 0.3759512937595129 0.012557077625570776 0.0730593607305936
16 0.901255707762557 0.363013698630137 0.012557077625570776 0.0958904109589041
0 0.7414383561643836 0.3767123287671233 0.012557077625570776 0.0776255707762557
