3 0.4834474885844749 0.6902587519025876 0.9623287671232876 0.619482496194825
9 0.521689497716895 0.3105022831050228 0.2625570776255708 0.1948249619482496
10 0.6478310502283106 0.3112633181126332 0.06050228310502283 0.0624048706240487
10 0.7460045662100456 0.3127853881278539 0.07420091324200913 0.0654490106544901
1 0.952054794520548 0.182648401826484 0.02968036529680365 0.0730593607305936
16 0.06050228310502283 0.3066971080669711 0.0182648401826484 0.1445966514459665
1 0.5245433789954338 0.1887366818873668 0.021689497716894976 0.0639269406392694
5 0.05593607305936073 0.2146118721461187 0.02968036529680365 0.045662100456621
2 0.06449771689497717 0.14840182648401826 0.030821917808219176 0.0958904109589041
0 0.8807077625570776 0.2777777777777778 0.017123287671232876 0.1385083713850837
16 0.5462328767123288 0.1111111111111111 0.019406392694063926 0.2191780821917808
14 0.3082191780821918 0.34779299847793 0.0091324200913242 0.0502283105022831
14 0.228310502283105 0.350076103500761 0.0091324200913242 0.0395738203957382
3 0.8224885844748858 0.3614916286149163 0.3550228310502283 0.0350076103500761
14 0.3755707762557078 0.3447488584474886 0.0091324200913242 0.0380517503805175
6 0.16267123287671234 0.3112633181126332 0.017123287671232876 0.0624048706240487
16 0.9377853881278538 0.2808219178082192 0.019406392694063926 0.1324200913242009
16 0.5034246575342466 0.0958904109589041 0.01141552511415525 0.1887366818873668
13 0.785958904109589 0.3150684931506849 0.012557077625570776 0.030441400304414
14 0.1329908675799087 0.3531202435312024 0.010273972602739725 0.0395738203957382
11 0.18664383561643835 0.3203957382039574 0.033105022831050226 0.0441400304414003
0 0.6797945205479452 0.2823439878234399 0.010273972602739725 0.0684931506849315
