12 0.2335 0.5395 0.0835 0.175
12 0.471 0.4801666666666667 0.068 0.13766666666666666
12 0.612375 0.43866666666666665 0.05675 0.11533333333333333
12 0.749625 0.408 0.04875 0.1
12 0.893375 0.3993333333333333 0.04775 0.09333333333333334
11 0.500375 0.2956666666666667 0.05475 0.098
6 0.50175 0.269 0.0455 0.106
16 0.575 0.204 0.018 0.19333333333333333
16 0.63875 0.1505 0.0275 0.30033333333333334
6 0.778375 0.2848333333333333 0.05675 0.12433333333333334
7 0.688125 0.26666666666666666 0.06025 0.062
6 0.903 0.25383333333333336 0.0225 0.063
16 0.851625 0.20316666666666666 0.01375 0.15433333333333332
16 0.73 0.241 0.009 0.10133333333333333
7 0.74075 0.26316666666666666 0.021 0.047
0 0.31925 0.168 0.046 0.3353333333333333
0 0.446125 0.19583333333333333 0.03475 0.243
5 0.499875 0.141 0.02425 0.056
7 0.808125 0.2653333333333333 0.03925 0.04666666666666667
7 0.831375 0.263 0.03175 0.04533333333333334
0 0.76325 0.16183333333333333 0.02 0.169
0 0.880125 0.1835 0.04225 0.18966666666666668
6 0.7785 0.23033333333333333 0.0145 0.035333333333333335
7 0.902125 0.2735 0.01475 0.036333333333333336
7 0.9075 0.25983333333333336 0.043 0.03766666666666667
3 0.858625 0.31066666666666665 0.28275 0.030666666666666665
16 0.97925 0.20616666666666666 0.0145 0.121
7 0.948125 0.25983333333333336 0.03525 0.034333333333333334
16 0.493875 0.231 0.01075 0.09266666666666666
11 0.775 0.339 0.0545 0.078
