11 0.8838541666666667 0.32592592592592595 0.09479166666666666 0.19814814814814816
11 0.7192708333333333 0.3212962962962963 0.07708333333333334 0.1574074074074074
13 0.52734375 0.6226851851851852 0.24010416666666667 0.5101851851851852
16 0.1328125 0.3189814814814815 0.07291666666666667 0.6361111111111111
11 0.43203125 0.2722222222222222 0.08697916666666666 0.14444444444444443
11 0.5981770833333333 0.29444444444444445 0.08697916666666666 0.16111111111111112
10 0.17942708333333332 0.2490740740740741 0.0546875 0.1425925925925926
18 0.2989583333333333 0.23287037037037037 0.125 0.1675925925925926
11 0.37552083333333336 0.2671296296296296 0.05520833333333333 0.12314814814814815
11 0.5078125 0.2800925925925926 0.05 0.15462962962962962
11 0.540625 0.2912037037037037 0.05520833333333333 0.14166666666666666
11 0.6596354166666667 0.3060185185185185 0.0609375 0.17314814814814813
13 0.84453125 0.7078703703703704 0.2515625 0.5731481481481482
16 0.9690104166666667 0.5037037037037037 0.0578125 0.9925925925925926
0 0.7966145833333333 0.2101851851851852 0.03802083333333333 0.4185185185185185
0 0.4588541666666667 0.18518518518518517 0.03125 0.3314814814814815
0 0.24661458333333333 0.11296296296296296 0.022395833333333334 0.22407407407407406
11 0.22369791666666666 0.25324074074074077 0.043229166666666666 0.09722222222222222
11 0.05807291666666667 0.23472222222222222 0.027604166666666666 0.08425925925925926
11 0.08072916666666667 0.24074074074074073 0.05 0.08703703703703704
