3 0.6015981735159818 0.684931506849315 0.7945205479452054 0.6301369863013698
10 0.4092465753424658 0.2450532724505327 0.16552511415525115 0.0852359208523592
16 0.8133561643835616 0.14840182648401826 0.04452054794520548 0.2937595129375951
10 0.02682648401826484 0.22450532724505326 0.04680365296803653 0.0380517503805175
11 0.5 0.3584474885844749 0.1415525114155251 0.1324200913242009
16 0.5211187214611872 0.12404870624048706 0.023972602739726026 0.2450532724505327
6 0.4394977168949772 0.2785388127853881 0.02968036529680365 0.1278538812785388
11 0.872716894977169 0.3576864535768645 0.10159817351598173 0.1004566210045662
6 0.58162100456621 0.3295281582952816 0.04908675799086758 0.1598173515981735
3 0.16381278538812785 0.3302891933028919 0.3253424657534247 0.060882800608828
11 0.8065068493150684 0.34779299847793 0.09018264840182648 0.0958904109589041
6 0.8327625570776256 0.3203957382039574 0.04452054794520548 0.1141552511415525
6 0.5205479452054794 0.3378995433789954 0.0547945205479452 0.1887366818873668
6 0.884703196347032 0.3363774733637747 0.045662100456621 0.1339421613394216
1 0.3401826484018265 0.1400304414003044 0.0182648401826484 0.0517503805175038
10 0.07705479452054795 0.21841704718417046 0.028538812785388126 0.0289193302891933
6 0.1329908675799087 0.2503805175038052 0.028538812785388126 0.0715372907153729
6 0.7802511415525114 0.2929984779299848 0.03767123287671233 0.1263318112633181
16 0.2905251141552511 0.1232876712328767 0.019406392694063926 0.167427701674277
7 0.7146118721461188 0.258751902587519 0.0502283105022831 0.045662100456621
16 0.19748858447488585 0.121765601217656 0.02054794520547945 0.2191780821917808
6 0.6198630136986302 0.2960426179604262 0.0319634703196347 0.0715372907153729
10 0.944634703196347 0.2656012176560122 0.11073059360730593 0.0776255707762557
14 0.3681506849315068 0.3074581430745814 0.010273972602739725 0.0578386605783866
0 0.9657534246575342 0.2222222222222222 0.06164383561643835 0.3013698630136986
6 0.16666666666666666 0.228310502283105 0.0136986301369863 0.0395738203957382
11 0.5861872146118722 0.3645357686453577 0.08561643835616438 0.0958904109589041
14 0.5039954337899544 0.286910197869102 0.010273972602739725 0.0471841704718417
6 0.6581050228310502 0.21385083713850836 0.017123287671232876 0.0532724505327245
10 0.05593607305936073 0.21232876712328766 0.02054794520547945 0.0228310502283105
11 0.1358447488584475 0.2808219178082192 0.0273972602739726 0.0532724505327245
14 0.3310502283105023 0.2998477929984779 0.0091324200913242 0.0517503805175038
16 0.329337899543379 0.21080669710806696 0.017123287671232876 0.2085235920852359
6 0.680365296803653 0.21385083713850836 0.0182648401826484 0.0563165905631659
16 0.24942922374429224 0.1050228310502283 0.021689497716894976 0.2070015220700152
10 0.988013698630137 0.3599695585996956 0.023972602739726026 0.1354642313546423
11 0.6398401826484018 0.3409436834094368 0.06506849315068493 0.0943683409436834
1 0.317351598173516 0.13926940639269406 0.01598173515981735 0.0471841704718417
16 0.1815068493150685 0.1324200913242009 0.01598173515981735 0.1765601217656012
16 0.9035388127853882 0.1476407914764079 0.04680365296803653 0.2709284627092846
14 0.07819634703196347 0.2610350076103501 0.010273972602739725 0.0471841704718417
14 0.3361872146118721 0.2983257229832572 0.007990867579908675 0.0487062404870624
10 0.7699771689497716 0.2792998477929985 0.06506849315068493 0.0837138508371385
16 0.22203196347031964 0.09969558599695585 0.021689497716894976 0.1963470319634703
