15 0.5525 0.5988333333333333 0.15833333333333333 0.20633333333333334
19 0.8771666666666667 0.11533333333333333 0.011666666666666667 0.029333333333333333
16 0.9843333333333333 0.09883333333333333 0.03133333333333333 0.159
16 0.8936666666666667 0.08966666666666667 0.014 0.076
16 0.31066666666666665 0.06783333333333333 0.015333333333333332 0.12233333333333334
11 0.29033333333333333 0.11266666666666666 0.024666666666666667 0.034
11 0.19883333333333333 0.1115 0.023666666666666666 0.042333333333333334
7 0.11316666666666667 0.124 0.027 0.018
16 0.08816666666666667 0.08833333333333333 0.035666666666666666 0.174
0 0.915 0.11133333333333334 0.03333333333333333 0.11733333333333333
0 0.7616666666666667 0.09133333333333334 0.02266666666666667 0.08933333333333333
0 0.21333333333333335 0.11233333333333333 0.037333333333333336 0.11333333333333333
0 0.4245 0.07733333333333334 0.030333333333333334 0.12
