11 0.5197916666666667 0.6398148148148148 0.13020833333333334 0.4444444444444444
11 0.44479166666666664 0.5171296296296296 0.08020833333333334 0.3212962962962963
10 0.3692708333333333 0.4625 0.13333333333333333 0.2175925925925926
16 0.35625 0.23148148148148148 0.017708333333333333 0.25
16 0.7518229166666667 0.3574074074074074 0.05260416666666667 0.7129629629629629
11 0.603125 0.38981481481481484 0.05625 0.11851851851851852
16 0.5098958333333333 0.18796296296296297 0.020833333333333332 0.37407407407407406
16 0.4705729166666667 0.35 0.015104166666666667 0.20925925925925926
6 0.29348958333333336 0.4361111111111111 0.0359375 0.16296296296296298
16 0.16276041666666666 0.37175925925925923 0.0203125 0.21203703703703702
10 0.07838541666666667 0.4546296296296296 0.15260416666666668 0.09444444444444444
0 0.015625 0.3402777777777778 0.023958333333333335 0.19722222222222222
0 0.19166666666666668 0.39166666666666666 0.022916666666666665 0.17962962962962964
18 0.22109375 0.4310185185185185 0.0609375 0.10277777777777777
11 0.26328125 0.44675925925925924 0.022395833333333334 0.06759259259259259
0 0.6104166666666667 0.20787037037037037 0.027083333333333334 0.2657407407407407
11 0.4869791666666667 0.4236111111111111 0.028125 0.075
11 0.5559895833333334 0.4166666666666667 0.03177083333333333 0.07962962962962963
11 0.6393229166666666 0.40370370370370373 0.025520833333333333 0.07222222222222222
6 0.5877604166666667 0.35694444444444445 0.022395833333333334 0.11018518518518519
