7 0.384375 0.7177083333333333 0.053125 0.19375
10 0.7578125 0.7833333333333333 0.484375 0.43333333333333335
10 0.853125 0.8614583333333333 0.2875 0.2520833333333333
10 0.08046875 0.8520833333333333 0.1578125 0.275
10 0.090625 0.8020833333333334 0.178125 0.2875
6 0.64296875 0.615625 0.0390625 0.16041666666666668
6 0.196875 0.775 0.059375 0.10833333333333334
6 0.5390625 0.7083333333333334 0.084375 0.375
6 0.52734375 0.5427083333333333 0.0578125 0.06875
6 0.49453125 0.5520833333333334 0.0484375 0.058333333333333334
6 0.83828125 0.5614583333333333 0.0515625 0.04375
6 0.26640625 0.6197916666666666 0.0921875 0.28958333333333336
6 0.36015625 0.5833333333333334 0.0265625 0.125
6 0.9765625 0.5510416666666667 0.040625 0.03958333333333333
6 0.203125 0.6520833333333333 0.06875 0.225
6 0.63984375 0.34791666666666665 0.0265625 0.15416666666666667
7 0.4265625 0.74375 0.046875 0.1375
6 0.33359375 0.6822916666666666 0.0921875 0.4479166666666667
7 0.4640625 0.7760416666666666 0.05 0.08541666666666667
16 0.2421875 0.26458333333333334 0.040625 0.5208333333333334
16 0.609375 0.35833333333333334 0.053125 0.3958333333333333
16 0.971875 0.2708333333333333 0.0375 0.5333333333333333
0 0.81796875 0.42083333333333334 0.0515625 0.35833333333333334
0 0.67734375 0.4427083333333333 0.0515625 0.43125
16 0.41484375 0.6197916666666666 0.0203125 0.3770833333333333
