16 0.9389705882352941 0.14460784313725492 0.12205882352941176 0.2872549019607843
0 0.763235294117647 0.07058823529411765 0.04411764705882353 0.1392156862745098
6 0.6838235294117647 0.03872549019607843 0.014705882352941176 0.04411764705882353
16 0.8216911764705882 0.09411764705882353 0.05808823529411765 0.18627450980392157
3 0.91875 0.18970588235294117 0.1625 0.08333333333333333
0 0.8459558823529412 0.1053921568627451 0.10220588235294117 0.2088235294117647
0 0.7033088235294118 0.03137254901960784 0.022794117647058822 0.060784313725490195
11 0.8900735294117647 0.09754901960784314 0.03602941176470588 0.03235294117647059
4 0.45992647058823527 0.5808823529411765 0.3977941176470588 0.8382352941176471
16 0.8036764705882353 0.08529411764705883 0.054411764705882354 0.16862745098039217
14 0.5613970588235294 0.0392156862745098 0.008088235294117648 0.03529411764705882
14 0.5727941176470588 0.03823529411764706 0.007352941176470588 0.029411764705882353
10 0.6191176470588236 0.020098039215686276 0.029411764705882353 0.03823529411764706
18 0.7297794117647058 0.050490196078431374 0.02426470588235294 0.04803921568627451
