10 0.4852941176470588 0.04595588235294118 0.13725490196078433 0.05367647058823529
6 0.35294117647058826 0.07316176470588236 0.06666666666666667 0.14191176470588235
16 0.18676470588235294 0.05551470588235294 0.03627450980392157 0.10955882352941176
16 0.24901960784313726 0.06286764705882353 0.03137254901960784 0.12426470588235294
10 0.1607843137254902 0.02610294117647059 0.15490196078431373 0.04779411764705882
16 0.2769607843137255 0.06066176470588235 0.03235294117647059 0.11985294117647059
16 0.01911764705882353 0.04522058823529412 0.03627450980392157 0.08897058823529412
10 0.663235294117647 0.054411764705882354 0.07941176470588235 0.05588235294117647
16 0.41274509803921566 0.029411764705882353 0.013725490196078431 0.057352941176470586
4 0.611764705882353 0.5816176470588236 0.43529411764705883 0.836764705882353
16 0.7191176470588235 0.11139705882352942 0.0892156862745098 0.2213235294117647
16 0.058823529411764705 0.01875 0.0196078431372549 0.03602941176470588
10 0.33137254901960783 0.03786764705882353 0.1588235294117647 0.06102941176470588
3 0.5480392156862746 0.14191176470588235 0.27450980392156865 0.061764705882352944
