17 0.6042154566744731 0.7359375 0.7822014051522248 0.528125
7 0.0351288056206089 0.35859375 0.0702576112412178 0.1359375
6 0.12646370023419204 0.2609375 0.20608899297423888 0.521875
6 0.8747072599531616 0.24375 0.2224824355971897 0.403125
6 0.44379391100702575 0.26953125 0.28805620608899296 0.5328125
6 0.6967213114754098 0.19375 0.20843091334894615 0.3625
6 0.7564402810304449 0.090625 0.08430913348946135 0.096875
6 0.9508196721311475 0.1171875 0.05620608899297424 0.053125
6 0.477751756440281 0.0640625 0.1920374707259953 0.128125
6 0.8161592505854801 0.08671875 0.04918032786885246 0.0453125
6 0.27049180327868855 0.2640625 0.2786885245901639 0.528125
7 0.747072599531616 0.37890625 0.4028103044496487 0.2359375
