10 0.44765625 0.4824561403508772 0.1203125 0.13840155945419103
6 0.83984375 0.49902534113060426 0.1453125 0.4522417153996101
6 0.69296875 0.5253411306042886 0.1890625 0.5126705653021443
6 0.5953125 0.6208576998050682 0.0875 0.2982456140350877
6 0.0421875 0.564327485380117 0.021875 0.14619883040935672
6 0.05390625 0.52046783625731 0.0359375 0.10916179337231968
6 0.07109375 0.5146198830409356 0.0234375 0.08187134502923976
6 0.93515625 0.42300194931773877 0.0546875 0.12085769980506822
6 0.90625 0.4191033138401559 0.025 0.08576998050682261
10 0.2125 0.5175438596491229 0.1 0.14619883040935672
6 0.31953125 0.6052631578947368 0.1734375 0.4697855750487329
6 0.53203125 0.5487329434697856 0.1015625 0.3840155945419103
10 0.14375 0.5272904483430799 0.128125 0.13840155945419103
10 0.50234375 0.43859649122807015 0.0203125 0.04678362573099415
10 0.59296875 0.4415204678362573 0.0453125 0.04483430799220273
16 0.853125 0.21734892787524365 0.021875 0.1111111111111111
