6 0.696917808219178 0.2732115677321157 0.04452054794520548 0.1537290715372907
3 0.5005707762557078 0.6491628614916286 0.9988584474885844 0.6925418569254186
16 0.2922374429223744 0.136986301369863 0.0273972602739726 0.2709284627092846
14 0.5856164383561644 0.2503805175038052 0.0091324200913242 0.0563165905631659
14 0.410958904109589 0.2595129375951294 0.0091324200913242 0.0593607305936073
14 0.4965753424657534 0.2595129375951294 0.0091324200913242 0.0593607305936073
2 0.9394977168949772 0.09360730593607305 0.0136986301369863 0.0350076103500761
2 0.96175799086758 0.09360730593607305 0.014840182648401826 0.0350076103500761
0 0.4845890410958904 0.2085235920852359 0.014840182648401826 0.0882800608828006
16 0.2711187214611872 0.13318112633181126 0.023972602739726026 0.2511415525114155
1 0.5211187214611872 0.1628614916286149 0.010273972602739725 0.0273972602739726
0 0.3573059360730594 0.2024353120243531 0.0136986301369863 0.1035007610350076
14 0.5724885844748858 0.2465753424657534 0.007990867579908675 0.0517503805175038
14 0.3624429223744292 0.243531202435312 0.007990867579908675 0.0365296803652968
14 0.7414383561643836 0.2359208523592085 0.005707762557077625 0.0273972602739726
14 0.3812785388127854 0.243531202435312 0.00684931506849315 0.030441400304414
14 0.4628995433789954 0.24429223744292236 0.007990867579908675 0.0319634703196347
14 0.6238584474885844 0.22754946727549466 0.010273972602739725 0.0532724505327245
14 0.6352739726027398 0.2541856925418569 0.010273972602739725 0.045662100456621
0 0.702054794520548 0.17884322678843226 0.01141552511415525 0.0593607305936073
3 0.4691780821917808 0.2701674277016743 0.18493150684931506 0.0258751902587519
7 0.656392694063927 0.23972602739726026 0.02054794520547945 0.0289193302891933
0 0.9440639269406392 0.2039573820395738 0.0091324200913242 0.0395738203957382
14 0.7551369863013698 0.23515981735159816 0.005707762557077625 0.0289193302891933
14 0.4252283105022831 0.2450532724505327 0.005707762557077625 0.030441400304414
16 0.5285388127853882 0.19558599695585996 0.0091324200913242 0.1171993911719939
16 0.875 0.15296803652968036 0.014840182648401826 0.1567732115677321
6 0.24771689497716895 0.22907153729071536 0.0182648401826484 0.0410958904109589
0 0.1204337899543379 0.1856925418569254 0.019406392694063926 0.0974124809741248
0 0.2471461187214612 0.17732115677321156 0.012557077625570776 0.0593607305936073
16 0.851027397260274 0.1811263318112633 0.012557077625570776 0.1035007610350076
16 0.747716894977169 0.1917808219178082 0.0136986301369863 0.1126331811263318
