17 0.27392344497607657 0.63828125 0.33253588516746413 0.2015625
6 0.5944976076555024 0.4296875 0.08373205741626795 0.184375
6 0.45933014354066987 0.4328125 0.09090909090909091 0.175
6 0.3803827751196172 0.36640625 0.09569377990430622 0.0515625
6 0.13636363636363635 0.421875 0.09090909090909091 0.175
6 0.40669856459330145 0.4734375 0.04784688995215311 0.0875
6 0.937799043062201 0.4046875 0.0861244019138756 0.140625
6 0.30861244019138756 0.36171875 0.0430622009569378 0.0359375
6 0.8516746411483254 0.353125 0.10526315789473684 0.08125
6 0.7787081339712919 0.35390625 0.06937799043062201 0.0703125
6 0.6949760765550239 0.3671875 0.0645933014354067 0.059375
6 0.6423444976076556 0.440625 0.08373205741626795 0.165625
6 0.039473684210526314 0.42578125 0.07416267942583732 0.1765625
6 0.5478468899521531 0.35 0.06220095693779904 0.078125
6 0.8600478468899522 0.41015625 0.05980861244019139 0.1265625
6 0.34330143540669855 0.35234375 0.05980861244019139 0.0671875
