6 0.09705882352941177 0.5852941176470589 0.19215686274509805 0.5955882352941176
11 0.8254901960784313 0.3165441176470588 0.11568627450980393 0.06102941176470588
10 0.7073529411764706 0.2801470588235294 0.09705882352941177 0.03676470588235294
6 0.828921568627451 0.3047794117647059 0.05196078431372549 0.08308823529411764
11 0.9735294117647059 0.3 0.052941176470588235 0.04411764705882353
11 0.5995098039215686 0.3154411764705882 0.059803921568627454 0.04264705882352941
10 0.9235294117647059 0.2775735294117647 0.11568627450980393 0.030147058823529412
11 0.65 0.3136029411764706 0.06862745098039216 0.04485294117647059
6 0.9857843137254902 0.2849264705882353 0.026470588235294117 0.05367647058823529
6 0.5980392156862745 0.3029411764705882 0.03529411764705882 0.051470588235294115
0 0.4377450980392157 0.24154411764705883 0.020588235294117647 0.09926470588235294
6 0.9348039215686275 0.2797794117647059 0.018627450980392157 0.03308823529411765
1 0.317156862745098 0.23933823529411766 0.024509803921568627 0.030147058823529412
5 0.7627450980392156 0.2011029411764706 0.01568627450980392 0.016911764705882352
9 0.5323529411764706 0.28161764705882353 0.10196078431372549 0.051470588235294115
14 0.1161764705882353 0.3327205882352941 0.012745098039215686 0.028676470588235293
6 0.6514705882352941 0.3003676470588235 0.03431372549019608 0.05808823529411765
14 0.7617647058823529 0.2878676470588235 0.0058823529411764705 0.01838235294117647
16 0.34215686274509804 0.2511029411764706 0.01764705882352941 0.08602941176470588
0 0.3911764705882353 0.26029411764705884 0.01568627450980392 0.060294117647058824
10 0.8176470588235294 0.28345588235294117 0.07647058823529412 0.027205882352941177
10 0.47401960784313724 0.28308823529411764 0.020588235294117647 0.023529411764705882
11 0.9294117647058824 0.28860294117647056 0.045098039215686274 0.019852941176470587
16 0.375 0.2580882352941177 0.012745098039215686 0.0661764705882353
5 0.7607843137254902 0.2286764705882353 0.013725490196078431 0.013235294117647059
0 0.8343137254901961 0.24889705882352942 0.01568627450980392 0.04338235294117647
13 0.35490196078431374 0.2977941176470588 0.029411764705882353 0.022058823529411766
3 0.5985294117647059 0.5764705882352941 0.8009803921568628 0.4823529411764706
19 0.1034313725490196 0.32279411764705884 0.022549019607843137 0.04411764705882353
13 0.2901960784313726 0.2974264705882353 0.01764705882352941 0.021323529411764706
11 0.27647058823529413 0.2911764705882353 0.011764705882352941 0.013235294117647059
6 0.2740196078431373 0.28161764705882353 0.012745098039215686 0.011764705882352941
6 0.6323529411764706 0.2911764705882353 0.025490196078431372 0.030882352941176472
10 0.6426470588235295 0.28566176470588234 0.08529411764705883 0.0375
