14 0.02976913730255164 0.7025440313111546 0.04495747266099635 0.5322896281800391
14 0.41737545565006073 0.4657534246575342 0.027946537059538274 0.34833659491193736
14 0.5996354799513973 0.3610567514677104 0.02551640340218712 0.26418786692759294
14 0.709902794653706 0.29354207436399216 0.01761846901579587 0.21135029354207435
14 0.7876670716889429 0.2465753424657534 0.01761846901579587 0.18003913894324852
14 0.8386998784933172 0.21330724070450097 0.015188335358444714 0.1487279843444227
14 0.8803159173754557 0.1888454011741683 0.010935601458080195 0.12720156555772993
14 0.9155528554070473 0.17221135029354206 0.00850546780072904 0.12915851272015655
14 0.942588092345079 0.15557729941291584 0.007897934386391251 0.10371819960861056
14 0.9659781287970839 0.14579256360078277 0.009720534629404616 0.08806262230919765
14 0.9787363304981774 0.136986301369863 0.007290400972053463 0.0821917808219178
14 0.9930133657351154 0.13013698630136986 0.006682867557715674 0.08023483365949119
12 0.9717496962332929 0.11643835616438356 0.010328068043742407 0.060665362035225046
