10 0.8 0.716 0.4 0.38133333333333336
10 0.522 0.5973333333333334 0.172 0.096
9 0.512 0.512 0.076 0.06933333333333333
9 0.482 0.516 0.08 0.072
7 0.775 0.8173333333333334 0.242 0.3333333333333333
7 0.534 0.8266666666666667 0.144 0.336
7 0.371 0.8133333333333334 0.19 0.3626666666666667
7 0.25 0.796 0.14 0.22133333333333333
7 0.128 0.6906666666666667 0.172 0.18133333333333335
7 0.275 0.68 0.218 0.10666666666666667
7 0.728 0.7786666666666666 0.144 0.288
7 0.551 0.7506666666666667 0.182 0.14666666666666667
7 0.302 0.8306666666666667 0.104 0.17333333333333334
9 0.606 0.536 0.104 0.08
7 0.204 0.7773333333333333 0.092 0.14666666666666667
7 0.438 0.8626666666666667 0.112 0.27466666666666667
9 0.33 0.5106666666666667 0.216 0.20533333333333334
7 0.232 0.6826666666666666 0.176 0.18666666666666668
10 0.72 0.516 0.144 0.056
16 0.387 0.30266666666666664 0.046 0.5946666666666667
11 0.042 0.6266666666666667 0.08 0.144
2 0.035 0.3626666666666667 0.038 0.021333333333333333
