3 0.4960045662100457 0.6765601217656012 0.9897260273972602 0.6438356164383562
6 0.6603881278538812 0.3059360730593607 0.021689497716894976 0.091324200913242
16 0.7893835616438356 0.19406392694063926 0.028538812785388126 0.3120243531202435
0 0.1324200913242009 0.23820395738203956 0.0228310502283105 0.1445966514459665
6 0.6267123287671232 0.3036529680365297 0.02054794520547945 0.0806697108066971
2 0.771689497716895 0.19863013698630136 0.0228310502283105 0.0502283105022831
0 0.3715753424657534 0.2328767123287671 0.019406392694063926 0.1643835616438356
16 0.3070776255707763 0.2617960426179604 0.01141552511415525 0.1278538812785388
16 0.2334474885844749 0.18645357686453576 0.017123287671232876 0.2724505327245053
3 0.9103881278538812 0.3614916286149163 0.17922374429223745 0.0350076103500761
16 0.4400684931506849 0.2625570776255708 0.014840182648401826 0.1537290715372907
0 0.8207762557077626 0.2480974124809741 0.02511415525114155 0.1430745814307458
16 0.271689497716895 0.18340943683409436 0.01598173515981735 0.2815829528158295
6 0.3378995433789954 0.2762557077625571 0.0228310502283105 0.0654490106544901
16 0.041666666666666664 0.2039573820395738 0.017123287671232876 0.1187214611872146
0 0.04223744292237443 0.20319634703196346 0.01598173515981735 0.1202435312024353
16 0.7751141552511416 0.2899543378995434 0.02511415525114155 0.1232876712328767
