18 0.38359375 0.5419664268585132 0.5171875 0.9160671462829736
6 0.74375 0.46402877697841727 0.13125 0.6930455635491607
6 0.8140625 0.42326139088729015 0.071875 0.592326139088729
6 0.6078125 0.4040767386091127 0.109375 0.6258992805755396
11 0.67578125 0.35611510791366907 0.0421875 0.18944844124700239
16 0.06875 0.12709832134292565 0.01875 0.2014388489208633
11 0.0109375 0.23621103117505995 0.01875 0.06474820143884892
5 0.30625 0.0671462829736211 0.0375 0.047961630695443645
5 0.35234375 0.07673860911270983 0.0359375 0.047961630695443645
6 0.3671875 0.354916067146283 0.171875 0.24940047961630696
