10 0.841324200913242 0.4094368340943683 0.317351598173516 0.2313546423135464
3 0.3515981735159817 0.69558599695586 0.7009132420091324 0.60882800608828
0 0.6763698630136986 0.3066971080669711 0.019406392694063926 0.1354642313546423
2 0.5416666666666666 0.2526636225266362 0.014840182648401826 0.0365296803652968
16 0.8116438356164384 0.1491628614916286 0.0228310502283105 0.2952815829528158
16 0.9731735159817352 0.2671232876712329 0.017123287671232876 0.1080669710806697
0 0.478310502283105 0.3226788432267884 0.02511415525114155 0.121765601217656
11 0.10331050228310502 0.3622526636225266 0.023972602739726026 0.0365296803652968
16 0.19577625570776255 0.3051750380517504 0.012557077625570776 0.1171993911719939
0 0.7517123287671232 0.256468797564688 0.019406392694063926 0.0989345509893455
16 0.5331050228310502 0.3051750380517504 0.01141552511415525 0.1537290715372907
0 0.3310502283105023 0.3211567732115677 0.01598173515981735 0.1095890410958904
2 0.13984018264840184 0.2176560121765601 0.012557077625570776 0.0365296803652968
0 0.593607305936073 0.3127853881278539 0.01598173515981735 0.1050228310502283
2 0.1523972602739726 0.21689497716894976 0.012557077625570776 0.0380517503805175
0 0.8755707762557078 0.2625570776255708 0.02054794520547945 0.0684931506849315
16 0.2831050228310502 0.3051750380517504 0.0136986301369863 0.1445966514459665
6 0.10159817351598173 0.3485540334855403 0.02054794520547945 0.0487062404870624
16 0.2288812785388128 0.3363774733637747 0.010273972602739725 0.045662100456621
0 0.622716894977169 0.317351598173516 0.012557077625570776 0.0867579908675799
10 0.006278538812785388 0.3409436834094368 0.010273972602739725 0.045662100456621
3 0.11472602739726027 0.3637747336377473 0.1358447488584475 0.015220700152207
10 0.3527397260273973 0.6971080669710806 0.7031963470319634 0.6057838660578386
0 0.70662100456621 0.2663622526636225 0.0182648401826484 0.1613394216133942
9 0.4412100456621005 0.3302891933028919 0.05593607305936073 0.0639269406392694
9 0.6484018264840182 0.3287671232876712 0.0410958904109589 0.0578386605783866
