15 0.7801324503311259 0.6891891891891891 0.16423841059602648 0.25045045045045045
15 0.7582781456953642 0.4810810810810811 0.17350993377483442 0.1873873873873874
15 0.9509933774834437 0.5261261261261261 0.0847682119205298 0.12972972972972974
15 0.937748344370861 0.745945945945946 0.11390728476821192 0.3027027027027027
15 0.6456953642384106 0.6567567567567567 0.11788079470198676 0.21441441441441442
15 0.5437086092715232 0.6252252252252253 0.09668874172185431 0.1945945945945946
15 0.4675496688741722 0.5972972972972973 0.08741721854304636 0.17117117117117117
15 0.3894039735099338 0.581981981981982 0.08211920529801324 0.15135135135135136
15 0.32847682119205296 0.5684684684684684 0.06887417218543046 0.14594594594594595
15 0.26158940397350994 0.5558558558558558 0.0781456953642384 0.13153153153153152
15 0.20860927152317882 0.5459459459459459 0.059602649006622516 0.12612612612612611
15 0.17086092715231788 0.5324324324324324 0.045033112582781455 0.12432432432432433
15 0.1317880794701987 0.527027027027027 0.05695364238410596 0.10990990990990991
15 0.09337748344370861 0.5171171171171172 0.04105960264900662 0.1045045045045045
15 0.1 0.42882882882882883 0.046357615894039736 0.08288288288288288
15 0.27417218543046357 0.44054054054054054 0.09536423841059603 0.10990990990990991
15 0.376158940397351 0.4486486486486487 0.09006622516556291 0.12612612612612611
15 0.47019867549668876 0.4540540540540541 0.11390728476821192 0.13693693693693693
15 0.604635761589404 0.47297297297297297 0.1390728476821192 0.16756756756756758
15 0.7841059602649006 0.36036036036036034 0.03708609271523179 0.05045045045045045
15 0.8543046357615894 0.3342342342342342 0.02913907284768212 0.03783783783783784
15 0.956953642384106 0.2765765765765766 0.030463576158940398 0.03423423423423423
15 0.6960264900662252 0.35495495495495494 0.04105960264900662 0.05405405405405406
15 0.6682119205298013 0.3504504504504504 0.02781456953642384 0.055855855855855854
15 0.21125827814569537 0.4369369369369369 0.06490066225165562 0.0990990990990991
15 0.8649006622516556 0.6306306306306306 0.0847682119205298 0.209009009009009
15 0.876158940397351 0.33063063063063064 0.022516556291390728 0.04144144144144144
15 0.7556291390728477 0.3621621621621622 0.030463576158940398 0.05405405405405406
15 0.7311258278145696 0.3621621621621622 0.02913907284768212 0.05405405405405406
15 0.6456953642384106 0.3504504504504504 0.025165562913907286 0.05225225225225225
15 0.6225165562913907 0.34864864864864864 0.02913907284768212 0.04864864864864865
15 0.6013245033112583 0.3504504504504504 0.026490066225165563 0.04864864864864865
15 0.5841059602649007 0.35225225225225226 0.02384105960264901 0.05225225225225225
15 0.07152317880794702 0.5081081081081081 0.0423841059602649 0.1009009009009009
15 0.05033112582781457 0.5018018018018018 0.03708609271523179 0.0990990990990991
15 0.03377483443708609 0.4936936936936937 0.03576158940397351 0.08648648648648649
15 0.8741721854304636 0.5180180180180181 0.07947019867549669 0.11351351351351352
15 0.1337748344370861 0.35495495495495494 0.031788079470198675 0.04684684684684685
15 0.171523178807947 0.35585585585585583 0.04105960264900662 0.04864864864864865
15 0.26688741721854303 0.34054054054054056 0.04105960264900662 0.043243243243243246
15 0.2596026490066225 0.3810810810810811 0.03443708609271523 0.04144144144144144
15 0.29403973509933773 0.3738738738738739 0.031788079470198675 0.04504504504504504
15 0.23642384105960265 0.34054054054054056 0.033112582781456956 0.03963963963963964
15 0.31788079470198677 0.32972972972972975 0.026490066225165563 0.036036036036036036
15 0.3403973509933775 0.32522522522522523 0.031788079470198675 0.03423423423423423
15 0.7933774834437086 0.2810810810810811 0.0423841059602649 0.03963963963963964
15 0.6980132450331126 0.3036036036036036 0.039735099337748346 0.04144144144144144
15 0.6629139072847682 0.3045045045045045 0.03576158940397351 0.043243243243243246
15 0.7463576158940397 0.31801801801801804 0.030463576158940398 0.03423423423423423
15 0.7529801324503311 0.2864864864864865 0.03576158940397351 0.04684684684684685
15 0.7821192052980133 0.31891891891891894 0.04105960264900662 0.036036036036036036
15 0.5980132450331126 0.3063063063063063 0.030463576158940398 0.03963963963963964
15 0.0390728476821192 0.41621621621621624 0.046357615894039736 0.07207207207207207
