6 0.8123333333333334 0.5723333333333334 0.18866666666666668 0.49666666666666665
12 0.594 0.511 0.050666666666666665 0.074
12 0.4166666666666667 0.464 0.034666666666666665 0.052
16 0.49266666666666664 0.24066666666666667 0.03866666666666667 0.4806666666666667
11 0.5766666666666667 0.44216666666666665 0.14733333333333334 0.12766666666666668
11 0.6786666666666666 0.441 0.082 0.07733333333333334
6 0.36666666666666664 0.38716666666666666 0.024666666666666667 0.06233333333333333
11 0.31433333333333335 0.3835 0.04933333333333333 0.030333333333333334
6 0.13733333333333334 0.383 0.03333333333333333 0.07066666666666667
6 0.17433333333333334 0.38 0.019333333333333334 0.06866666666666667
11 0.21 0.38316666666666666 0.054 0.041
6 0.2375 0.3566666666666667 0.015666666666666666 0.019333333333333334
6 0.2745 0.3585 0.010333333333333333 0.018333333333333333
9 0.09133333333333334 0.36516666666666664 0.18133333333333335 0.09033333333333333
3 0.29583333333333334 0.5426666666666666 0.591 0.118
6 0.08716666666666667 0.39616666666666667 0.055 0.087
11 0.08266666666666667 0.43083333333333335 0.054 0.060333333333333336
11 0.2585 0.38 0.049 0.029333333333333333
0 0.31166666666666665 0.3338333333333333 0.032 0.06833333333333333
6 0.5736666666666667 0.4171666666666667 0.084 0.13966666666666666
11 0.4885 0.4275 0.115 0.079
11 0.434 0.41633333333333333 0.06666666666666667 0.072
11 0.727 0.449 0.062 0.098
5 0.6643333333333333 0.319 0.025333333333333333 0.025333333333333333
0 0.6436666666666667 0.3333333333333333 0.02266666666666667 0.08933333333333333
11 0.7463333333333333 0.45316666666666666 0.04733333333333333 0.08833333333333333
6 0.014333333333333333 0.3863333333333333 0.028 0.078
