5 0.82890625 0.553125 0.0453125 0.06041666666666667
5 0.6359375 0.5645833333333333 0.05625 0.075
5 0.3703125 0.565625 0.04375 0.05625
5 0.08828125 0.5625 0.0546875 0.07083333333333333
10 0.33984375 0.7177083333333333 0.2203125 0.08541666666666667
10 0.6109375 0.828125 0.76875 0.31875
10 0.64296875 0.7677083333333333 0.6890625 0.24791666666666667
6 0.22265625 0.7177083333333333 0.0453125 0.14791666666666667
6 0.17890625 0.7114583333333333 0.0578125 0.16458333333333333
16 0.80546875 0.3958333333333333 0.0296875 0.4708333333333333
16 0.36640625 0.678125 0.0171875 0.16458333333333333
16 0.08671875 0.7020833333333333 0.0140625 0.20416666666666666
16 0.921875 0.3229166666666667 0.034375 0.6416666666666667
