5 0.3375 0.34192037470725994 0.2875 0.5292740046838408
5 0.67890625 0.27634660421545665 0.2796875 0.5245901639344263
5 0.5546875 0.5398126463700235 0.209375 0.35362997658079626
5 0.39921875 0.6721311475409836 0.1171875 0.2903981264637002
5 0.05859375 0.21194379391100704 0.1140625 0.41920374707259955
5 0.45625 0.7365339578454333 0.053125 0.21311475409836064
16 0.31953125 0.7939110070257611 0.0546875 0.41217798594847777
14 0.92890625 0.7728337236533958 0.1328125 0.12177985948477751
14 0.8359375 0.8313817330210773 0.065625 0.07494145199063232
16 0.1171875 0.7927400468384075 0.05625 0.40046838407494145
16 0.171875 0.5960187353629977 0.1125 0.7798594847775175
16 0.2546875 0.797423887587822 0.03125 0.38173302107728335
16 0.35625 0.9215456674473068 0.01875 0.1522248243559719
16 0.48984375 0.8571428571428571 0.0171875 0.2857142857142857
16 0.546875 0.8536299765807962 0.03125 0.28337236533957844
16 0.7234375 0.7587822014051522 0.028125 0.48243559718969553
16 0.77265625 0.8032786885245902 0.0328125 0.3747072599531616
16 0.79765625 0.8372365339578455 0.0453125 0.30679156908665106
16 0.40625 0.752927400468384 0.046875 0.49414519906323184
16 0.6796875 0.7447306791569087 0.065625 0.5105386416861827
16 0.58828125 0.9004683840749415 0.0265625 0.1990632318501171
16 0.52265625 0.8559718969555035 0.0203125 0.28805620608899296
