12 0.29661458333333335 0.5388888888888889 0.05677083333333333 0.1574074074074074
12 0.4713541666666667 0.4791666666666667 0.03854166666666667 0.11944444444444445
12 0.5552083333333333 0.4439814814814815 0.030208333333333334 0.09351851851851851
12 0.59921875 0.4236111111111111 0.028645833333333332 0.08425925925925926
15 0.7947916666666667 0.38981481481481484 0.026041666666666668 0.05
11 0.9333333333333333 0.375 0.09270833333333334 0.12777777777777777
12 0.23385416666666667 0.3851851851851852 0.01875 0.05740740740740741
12 0.1078125 0.3736111111111111 0.015625 0.049074074074074076
13 0.07057291666666667 0.3458333333333333 0.03697916666666667 0.06388888888888888
12 0.6708333333333333 0.40046296296296297 0.01875 0.06388888888888888
0 0.9361979166666666 0.325 0.04114583333333333 0.22407407407407406
0 0.7546875 0.24351851851851852 0.020833333333333332 0.25
0 0.80625 0.2851851851851852 0.021875 0.14444444444444443
0 0.884375 0.24074074074074073 0.034375 0.13518518518518519
0 0.60703125 0.28055555555555556 0.0328125 0.21666666666666667
0 0.7263020833333333 0.2388888888888889 0.024479166666666666 0.17222222222222222
0 0.41770833333333335 0.32685185185185184 0.021875 0.15555555555555556
0 0.13515625 0.31851851851851853 0.025520833333333333 0.10925925925925926
0 0.20625 0.3175925925925926 0.017708333333333333 0.13148148148148148
0 0.30572916666666666 0.3296296296296296 0.03854166666666667 0.11296296296296296
