15 0.17558528428093645 0.635 0.11705685618729098 0.105
15 0.6103678929765887 0.55125 0.08361204013377926 0.0625
15 0.7240802675585284 0.52875 0.06354515050167224 0.0575
15 0.7926421404682275 0.5 0.05351170568561873 0.045
10 0.9381270903010034 0.52375 0.12374581939799331 0.1625
10 0.479933110367893 0.4625 0.42474916387959866 0.13
10 0.07357859531772576 0.45125 0.14046822742474915 0.0575
10 0.18896321070234115 0.445 0.10367892976588629 0.05
0 0.3695652173913043 0.4725 0.043478260869565216 0.305
10 0.8177257525083612 0.435 0.07692307692307693 0.03
10 0.9147157190635451 0.43625 0.07023411371237458 0.0325
10 0.9515050167224081 0.42875 0.056856187290969896 0.0325
0 0.7107023411371237 0.4175 0.03678929765886288 0.175
