10 0.70625 0.7739583333333333 0.184375 0.12291666666666666
6 0.56953125 0.8354166666666667 0.1109375 0.32916666666666666
6 0.90859375 0.8302083333333333 0.0578125 0.26458333333333334
6 0.3359375 0.7395833333333334 0.025 0.09583333333333334
5 0.859375 0.5010416666666667 0.125 0.16041666666666668
9 0.87578125 0.7385416666666667 0.1796875 0.11041666666666666
6 0.85859375 0.828125 0.0828125 0.21875
6 0.8125 0.8333333333333334 0.046875 0.25416666666666665
16 0.85078125 0.5010416666666667 0.0421875 0.9979166666666667
0 0.625 0.65 0.025 0.1
