3 0.4805936073059361 0.7168949771689498 0.952054794520548 0.563165905631659
10 0.3715753424657534 0.3394216133942161 0.08333333333333333 0.0517503805175038
11 0.13527397260273974 0.4368340943683409 0.08105022831050228 0.15220700152207
6 0.8378995433789954 0.3774733637747336 0.03881278538812785 0.136986301369863
10 0.19463470319634704 0.332572298325723 0.08789954337899543 0.0532724505327245
6 0.7408675799086758 0.3759512937595129 0.03424657534246575 0.121765601217656
10 0.2945205479452055 0.3333333333333333 0.0639269406392694 0.0395738203957382
6 0.8904109589041096 0.3683409436834094 0.0410958904109589 0.1491628614916286
10 0.043949771689497714 0.3378995433789954 0.08561643835616438 0.0517503805175038
1 0.7340182648401826 0.20776255707762556 0.02511415525114155 0.0624048706240487
14 0.9098173515981736 0.4056316590563166 0.0136986301369863 0.0867579908675799
10 0.11929223744292237 0.3310502283105023 0.09018264840182648 0.0593607305936073
16 0.7448630136986302 0.23972602739726026 0.017123287671232876 0.1628614916286149
10 0.4143835616438356 0.3257229832572298 0.04337899543378995 0.0334855403348554
14 0.6963470319634704 0.3926940639269406 0.01141552511415525 0.076103500761035
14 0.860730593607306 0.4200913242009132 0.01141552511415525 0.0700152207001522
14 0.7831050228310502 0.4147640791476408 0.0136986301369863 0.0684931506849315
0 0.8116438356164384 0.2526636225266362 0.02511415525114155 0.1552511415525114
3 0.2254566210045662 0.3843226788432268 0.4486301369863014 0.0502283105022831
6 0.5159817351598174 0.3394216133942161 0.0182648401826484 0.0517503805175038
0 0.4800228310502283 0.2968036529680365 0.014840182648401826 0.091324200913242
6 0.1324200913242009 0.3561643835616438 0.0684931506849315 0.091324200913242
10 0.2482876712328767 0.3333333333333333 0.033105022831050226 0.0365296803652968
16 0.5513698630136986 0.20167427701674276 0.02054794520547945 0.4003044140030441
10 0.4486301369863014 0.3234398782343988 0.0319634703196347 0.0228310502283105
14 0.4651826484018265 0.3691019786910198 0.007990867579908675 0.0380517503805175
14 0.4771689497716895 0.3736681887366819 0.0091324200913242 0.0441400304414003
16 0.4623287671232877 0.22602739726027396 0.0136986301369863 0.1933028919330289
6 0.4937214611872146 0.3280060882800609 0.017123287671232876 0.0319634703196347
5 0.4103881278538813 0.1765601217656012 0.017123287671232876 0.030441400304414
0 0.023401826484018264 0.2876712328767123 0.019406392694063926 0.0700152207001522
