3 0.5005707762557078 0.525875190258752 0.9988584474885844 0.9482496194824962
12 0.3264840182648402 0.0289193302891933 0.01598173515981735 0.0365296803652968
12 0.351027397260274 0.03120243531202435 0.014840182648401826 0.0350076103500761
12 0.3955479452054795 0.0334855403348554 0.014840182648401826 0.0334855403348554
12 0.531392694063927 0.02054794520547945 0.012557077625570776 0.0289193302891933
14 0.5559360730593608 0.02511415525114155 0.00684931506849315 0.0471841704718417
12 0.4594748858447489 0.0182648401826484 0.010273972602739725 0.0273972602739726
12 0.4452054794520548 0.0334855403348554 0.01141552511415525 0.0243531202435312
16 0.7659817351598174 0.0243531202435312 0.0273972602739726 0.045662100456621
12 0.2328767123287671 0.0243531202435312 0.0136986301369863 0.030441400304414
14 0.488013698630137 0.02511415525114155 0.005707762557077625 0.0471841704718417
12 0.1952054794520548 0.0228310502283105 0.01141552511415525 0.0273972602739726
12 0.2779680365296804 0.0289193302891933 0.012557077625570776 0.0273972602739726
0 0.8498858447488584 0.02359208523592085 0.026255707762557076 0.0441400304414003
0 0.6301369863013698 0.0228310502283105 0.01598173515981735 0.0426179604261796
12 0.2134703196347032 0.02815829528158295 0.01141552511415525 0.0197869101978691
12 0.1615296803652968 0.01750380517503805 0.010273972602739725 0.0289193302891933
3 0.07591324200913242 0.015220700152207 0.1495433789954338 0.0273972602739726
16 0.2876712328767123 0.01598173515981735 0.01141552511415525 0.0289193302891933
16 0.3778538812785388 0.0182648401826484 0.0136986301369863 0.0334855403348554
