4 0.47794117647058826 0.5863970588235294 0.45784313725490194 0.8227941176470588
6 0.8754901960784314 0.10183823529411765 0.03529411764705882 0.06102941176470588
11 0.7259803921568627 0.11838235294117647 0.05 0.03235294117647059
11 0.3700980392156863 0.2349264705882353 0.1303921568627451 0.10514705882352941
0 0.6039215686274509 0.09816176470588235 0.0196078431372549 0.05808823529411765
0 0.18235294117647058 0.2584558823529412 0.3627450980392157 0.5095588235294117
11 0.42745098039215684 0.15661764705882353 0.054901960784313725 0.057352941176470586
11 0.7 0.11838235294117647 0.029411764705882353 0.03235294117647059
0 0.5127450980392156 0.10183823529411765 0.01764705882352941 0.04191176470588235
0 0.6338235294117647 0.09889705882352941 0.012745098039215686 0.04632352941176471
0 0.4411764705882353 0.10772058823529412 0.011764705882352941 0.03455882352941177
15 0.6460784313725491 0.13125 0.011764705882352941 0.009558823529411765
14 0.49901960784313726 0.13014705882352942 0.00980392156862745 0.027941176470588237
16 0.12450980392156863 0.07389705882352941 0.07450980392156863 0.1463235294117647
14 0.4612745098039216 0.13161764705882353 0.010784313725490196 0.029411764705882353
6 0.11568627450980393 0.13088235294117648 0.03725490196078431 0.04411764705882353
