10 0.0875 0.1421875 0.16666666666666666 0.1125
10 0.17708333333333334 0.1390625 0.14583333333333334 0.109375
19 0.49270833333333336 0.45390625 0.4979166666666667 0.7578125
6 0.3645833333333333 0.1328125 0.0625 0.140625
6 0.43645833333333334 0.103125 0.04791666666666667 0.065625
6 0.6427083333333333 0.1515625 0.04375 0.075
6 0.5760416666666667 0.12109375 0.022916666666666665 0.0203125
10 0.25729166666666664 0.13125 0.15208333333333332 0.096875
10 0.33645833333333336 0.14765625 0.027083333333333334 0.0578125
6 0.6114583333333333 0.153125 0.01875 0.034375
9 0.16354166666666667 0.07421875 0.16458333333333333 0.0484375
