6 0.65390625 0.5140515222482436 0.2046875 0.40046838407494145
6 0.08125 0.48243559718969553 0.140625 0.32786885245901637
10 0.46484375 0.2576112412177986 0.0484375 0.01873536299765808
9 0.69765625 0.2822014051522248 0.1234375 0.06791569086651054
6 0.41796875 0.4707259953161593 0.1359375 0.40749414519906324
6 0.88984375 0.5327868852459017 0.1609375 0.5128805620608899
0 0.23828125 0.2681498829039813 0.0359375 0.16159250585480095
0 0.9265625 0.2693208430913349 0.04375 0.15456674473067916
0 0.70625 0.25175644028103045 0.028125 0.1053864168618267
0 0.77109375 0.27049180327868855 0.0171875 0.1756440281030445
16 0.26640625 0.202576112412178 0.0140625 0.40046838407494145
16 0.384375 0.13934426229508196 0.01875 0.27400468384074944
