14 0.2 0.5462962962962963 0.03333333333333333 0.2777777777777778
14 0.2877604166666667 0.5467592592592593 0.04010416666666667 0.28055555555555556
14 0.375 0.5486111111111112 0.034375 0.2916666666666667
14 0.4622395833333333 0.5430555555555555 0.033854166666666664 0.287962962962963
14 0.5513020833333333 0.5407407407407407 0.028645833333333332 0.2851851851851852
14 0.625 0.5347222222222222 0.029166666666666667 0.28425925925925927
14 0.7041666666666667 0.5268518518518519 0.03125 0.2796296296296296
13 0.40208333333333335 0.16111111111111112 0.03125 0.09259259259259259
10 0.5122395833333333 0.12777777777777777 0.17135416666666667 0.12222222222222222
10 0.8893229166666666 0.12037037037037036 0.15260416666666668 0.0962962962962963
6 0.7075520833333333 0.14351851851851852 0.034895833333333334 0.16111111111111112
6 0.60703125 0.12361111111111112 0.0359375 0.14537037037037037
16 0.7716145833333333 0.25277777777777777 0.028645833333333332 0.4685185185185185
16 0.3768229166666667 0.14537037037037037 0.021354166666666667 0.2759259259259259
6 0.9442708333333333 0.12638888888888888 0.03333333333333333 0.11574074074074074
10 0.6510416666666666 0.12361111111111112 0.057291666666666664 0.08425925925925926
10 0.6838541666666667 0.12175925925925926 0.03125 0.0824074074074074
11 0.3640625 0.18796296296296297 0.04479166666666667 0.1259259259259259
6 0.41692708333333334 0.1287037037037037 0.019270833333333334 0.09259259259259259
6 0.7799479166666666 0.18472222222222223 0.0328125 0.09722222222222222
10 0.6375 0.13842592592592592 0.040625 0.062037037037037036
6 0.6252604166666667 0.12453703703703704 0.025520833333333333 0.13240740740740742
6 0.3528645833333333 0.09444444444444444 0.018229166666666668 0.05
