10 0.92890625 0.49156118143459915 0.1421875 0.29957805907172996
8 0.1734375 0.2563291139240506 0.1875 0.1751054852320675
9 0.5578125 0.47257383966244726 0.628125 0.6244725738396625
6 0.171875 0.4409282700421941 0.075 0.28270042194092826
6 0.0796875 0.44936708860759494 0.053125 0.28270042194092826
6 0.021875 0.4472573839662447 0.040625 0.3037974683544304
6 0.26640625 0.32489451476793246 0.0453125 0.10126582278481013
6 0.9671875 0.30168776371308015 0.028125 0.09282700421940929
6 0.92109375 0.3037974683544304 0.0265625 0.10548523206751055
6 0.884375 0.3080168776371308 0.025 0.08438818565400844
6 0.9375 0.3090717299578059 0.01875 0.08649789029535865
6 0.95703125 0.40189873417721517 0.0609375 0.06962025316455696
6 0.0640625 0.3069620253164557 0.0125 0.04852320675105485
