17 0.6771771771771772 0.819 0.07507507507507508 0.118
10 0.12012012012012012 0.656 0.23423423423423423 0.196
10 0.6501501501501501 0.586 0.1111111111111111 0.076
6 0.7837837837837838 0.721 0.18618618618618618 0.314
6 0.9144144144144144 0.648 0.13513513513513514 0.228
6 0.45795795795795796 0.586 0.05105105105105105 0.032
10 0.11411411411411411 0.806 0.2222222222222222 0.284
10 0.3918918918918919 0.643 0.11711711711711711 0.102
10 0.16516516516516516 0.564 0.13813813813813813 0.036
10 0.06006006006006006 0.535 0.11411411411411411 0.05
16 0.2852852852852853 0.715 0.12012012012012012 0.57
9 0.46546546546546547 0.619 0.24624624624624625 0.202
16 0.7237237237237237 0.488 0.03003003003003003 0.28
16 0.3588588588588589 0.612 0.03903903903903904 0.212
