16 0.10661057692307692 0.3400641025641026 0.050721153846153846 0.6794871794871795
16 0.9 0.36490384615384613 0.028846153846153848 0.41057692307692306
13 0.9045673076923076 0.5402243589743589 0.05625 0.05352564102564102
6 0.8507211538461539 0.47996794871794873 0.01730769230769231 0.033012820512820513
6 0.7924278846153846 0.4700320512820513 0.013701923076923077 0.02403846153846154
6 0.9308894230769231 0.444551282051282 0.013701923076923077 0.020512820512820513
16 0.8633413461538462 0.3818910256410256 0.014182692307692308 0.21506410256410258
16 0.6810096153846154 0.40192307692307694 0.012980769230769231 0.15320512820512822
13 0.08413461538461539 0.6407051282051283 0.06057692307692308 0.09102564102564102
6 0.7788461538461539 0.4685897435897436 0.013461538461538462 0.027564102564102563
6 0.6459134615384615 0.47852564102564105 0.008653846153846154 0.023717948717948717
6 0.6542067307692307 0.4796474358974359 0.008894230769230769 0.021474358974358974
6 0.9207932692307692 0.44487179487179485 0.010336538461538461 0.023717948717948717
6 0.8469951923076923 0.43493589743589745 0.008413461538461538 0.014743589743589743
6 0.8429086538461539 0.4828525641025641 0.010817307692307692 0.0375
