11 0.4965686274509804 0.22279411764705884 0.19901960784313724 0.09705882352941177
0 0.8215686274509804 0.12426470588235294 0.0784313725490196 0.1676470588235294
0 0.9093137254901961 0.12279411764705882 0.12450980392156863 0.24411764705882352
10 0.28823529411764703 0.15294117647058825 0.058823529411764705 0.029411764705882353
11 0.9455882352941176 0.2875 0.10882352941176471 0.11323529411764706
0 0.35490196078431374 0.19191176470588237 0.10196078431372549 0.22205882352941175
0 0.7196078431372549 0.14595588235294119 0.023529411764705882 0.05661764705882353
11 0.5299019607843137 0.16544117647058823 0.018627450980392157 0.023529411764705882
0 0.058823529411764705 0.09779411764705882 0.054901960784313725 0.17205882352941176
11 0.3946078431372549 0.18455882352941178 0.030392156862745098 0.047058823529411764
16 0.6009803921568627 0.13602941176470587 0.011764705882352941 0.08676470588235294
0 0.6642156862745098 0.1375 0.016666666666666666 0.047058823529411764
6 0.3906862745098039 0.16691176470588234 0.022549019607843137 0.03823529411764706
0 0.6926470588235294 0.1386029411764706 0.022549019607843137 0.0625
15 0.026470588235294117 0.4290441176470588 0.050980392156862744 0.0625
15 0.20931372549019608 0.3474264705882353 0.05784313725490196 0.04044117647058824
15 0.4200980392156863 0.2621323529411765 0.030392156862745098 0.022794117647058822
16 0.48627450980392156 0.10330882352941176 0.029411764705882353 0.2051470588235294
0 0.4936274509803922 0.1213235294117647 0.05588235294117647 0.16911764705882354
6 0.5294117647058824 0.1547794117647059 0.0196078431372549 0.02426470588235294
0 0.6127450980392157 0.14044117647058824 0.01764705882352941 0.0661764705882353
4 0.33284313725490194 0.625 0.6637254901960784 0.75
10 0.8975490196078432 0.14154411764705882 0.07941176470588235 0.03897058823529412
11 0.6264705882352941 0.15330882352941178 0.013725490196078431 0.015441176470588236
6 0.6259803921568627 0.1448529411764706 0.010784313725490196 0.013235294117647059
11 0.6544117647058824 0.1547794117647059 0.016666666666666666 0.0125
15 0.7073529411764706 0.19080882352941175 0.014705882352941176 0.015441176470588236
15 0.7686274509803922 0.19117647058823528 0.013725490196078431 0.013235294117647059
