10 0.7921875 0.5780487804878048 0.046875 0.04390243902439024
10 0.834375 0.5682926829268292 0.03125 0.03414634146341464
10 0.88984375 0.5402439024390244 0.0453125 0.02195121951219512
9 0.43125 0.5817073170731707 0.43125 0.43658536585365854
10 0.81328125 0.5768292682926829 0.0296875 0.046341463414634146
19 0.89296875 0.8 0.0578125 0.18536585365853658
16 0.3484375 0.19634146341463415 0.03125 0.3780487804878049
0 0.95703125 0.501219512195122 0.0859375 0.9975609756097561
0 0.66640625 0.424390243902439 0.0328125 0.22439024390243903
0 0.81328125 0.44390243902439025 0.0265625 0.2097560975609756
0 0.78984375 0.43658536585365854 0.0234375 0.23902439024390243
10 0.68046875 0.5890243902439024 0.0796875 0.1
10 0.84453125 0.5597560975609757 0.0296875 0.041463414634146344
