14 0.12168560606060606 0.8374864572047671 0.035037878787878785 0.10617551462621885
14 0.45454545454545453 0.7908992416034669 0.026515151515151516 0.09317443120260022
14 0.7007575757575758 0.8028169014084507 0.030303030303030304 0.09967497291440953
14 0.4772727272727273 0.8651137594799566 0.08901515151515152 0.035752979414951244
14 0.09659090909090909 0.7594799566630552 0.026515151515151516 0.11700975081256772
14 0.2509469696969697 0.7069339111592633 0.015151515151515152 0.08342361863488625
14 0.3641098484848485 0.6830985915492958 0.021780303030303032 0.0790899241603467
14 0.4521780303030303 0.6625135427952329 0.014204545454545454 0.06608884073672806
14 0.553030303030303 0.633261105092091 0.013257575757575758 0.04875406283856988
13 0.9602272727272727 0.6305525460455038 0.05303030303030303 0.0866738894907909
13 0.9081439393939394 0.6294691224268689 0.05303030303030303 0.08450704225352113
13 0.8617424242424242 0.6289274106175514 0.043560606060606064 0.07692307692307693
13 0.8248106060606061 0.6262188515709642 0.03787878787878788 0.0780065005417118
13 0.7926136363636364 0.6305525460455038 0.032196969696969696 0.07367280606717226
6 0.7651515151515151 0.6191765980498375 0.05113636363636364 0.13326110509209102
12 0.6046401515151515 0.6343445287107259 0.02556818181818182 0.04875406283856988
12 0.571969696969697 0.6354279523293608 0.02462121212121212 0.04875406283856988
14 0.6164772727272727 0.6186348862405201 0.011363636363636364 0.04333694474539545
14 0.6382575757575758 0.6121343445287107 0.00946969696969697 0.03683640303358613
14 0.6567234848484849 0.6056338028169014 0.008522727272727272 0.03683640303358613
10 0.6510416666666666 0.5742145178764897 0.08428030303030302 0.0390032502708559
10 0.4815340909090909 0.585590465872156 0.10890151515151515 0.08125677139761647
15 0.5572916666666666 0.59534127843987 0.016098484848484848 0.020585048754062838
10 0.4190340909090909 0.5769230769230769 0.07291666666666667 0.04875406283856988
10 0.32007575757575757 0.6143011917659805 0.17992424242424243 0.09534127843986999
10 0.11742424242424243 0.6451787648970747 0.23295454545454544 0.13759479956663057
10 0.16666666666666666 0.5828819068255688 0.09090909090909091 0.04333694474539545
10 0.2604166666666667 0.5785482123510293 0.06060606060606061 0.0390032502708559
10 0.38446969696969696 0.570964247020585 0.04924242424242424 0.028169014084507043
10 0.5392992424242424 0.5731310942578548 0.029356060606060608 0.0390032502708559
10 0.8139204545454546 0.5530877573131094 0.08806818181818182 0.03358613217768147
12 0.2353219696969697 0.7242686890574215 0.05397727272727273 0.08992416034669556
0 0.7604166666666666 0.49404117009750814 0.013257575757575758 0.16034669555796316
