3 0.5873287671232876 0.5403348554033486 0.8253424657534246 0.9193302891933028
11 0.02910958904109589 0.03576864535768645 0.05593607305936073 0.0684931506849315
14 0.273972602739726 0.05707762557077625 0.0136986301369863 0.0684931506849315
10 0.690068493150685 0.0106544901065449 0.09474885844748858 0.0182648401826484
16 0.2026255707762557 0.0441400304414003 0.023972602739726026 0.0852359208523592
14 0.3327625570776256 0.04794520547945205 0.012557077625570776 0.0624048706240487
7 0.3567351598173516 0.03272450532724505 0.05593607305936073 0.0502283105022831
6 0.5079908675799086 0.0487062404870624 0.0502283105022831 0.0395738203957382
16 0.386986301369863 0.02815829528158295 0.0228310502283105 0.0532724505327245
16 0.4246575342465753 0.0228310502283105 0.0182648401826484 0.0426179604261796
14 0.5348173515981736 0.01902587519025875 0.007990867579908675 0.0350076103500761
11 0.5633561643835616 0.02663622526636225 0.03995433789954338 0.0350076103500761
14 0.4503424657534247 0.01902587519025875 0.007990867579908675 0.0319634703196347
6 0.559931506849315 0.0167427701674277 0.014840182648401826 0.030441400304414
14 0.442351598173516 0.0197869101978691 0.007990867579908675 0.0334855403348554
3 0.694634703196347 0.030441400304414 0.4577625570776256 0.0426179604261796
7 0.3327625570776256 0.04642313546423135 0.014840182648401826 0.0624048706240487
6 0.353310502283105 0.0289193302891933 0.023972602739726026 0.0547945205479452
