10 0.19609375 0.5519877675840978 0.3265625 0.21100917431192662
9 0.92734375 0.4694189602446483 0.1453125 0.1743119266055046
6 0.42890625 0.746177370030581 0.1015625 0.3547400611620795
6 0.3125 0.5856269113149847 0.053125 0.2966360856269113
6 0.115625 0.7935779816513762 0.090625 0.40672782874617736
6 0.48125 0.6590214067278287 0.084375 0.25382262996941896
6 0.6671875 0.555045871559633 0.040625 0.2415902140672783
6 0.6453125 0.6162079510703364 0.03125 0.13761467889908258
6 0.70625 0.6131498470948012 0.034375 0.13761467889908258
6 0.30625 0.4525993883792049 0.05 0.14678899082568808
6 0.16640625 0.6712538226299695 0.0359375 0.10703363914373089
6 0.7 0.5045871559633027 0.03125 0.14067278287461774
10 0.45859375 0.5688073394495413 0.2109375 0.1712538226299694
10 0.6203125 0.4938837920489297 0.0375 0.06422018348623854
6 0.3890625 0.5902140672782875 0.04375 0.12844036697247707
10 0.56171875 0.5015290519877675 0.0546875 0.10397553516819572
6 0.52421875 0.5657492354740061 0.0359375 0.22018348623853212
10 0.66640625 0.4969418960244648 0.0640625 0.10703363914373089
6 0.346875 0.7431192660550459 0.053125 0.1651376146788991
16 0.41796875 0.4036697247706422 0.0171875 0.22018348623853212
16 0.44296875 0.39602446483180426 0.0140625 0.20489296636085627
0 0.2578125 0.4617737003058104 0.0625 0.47706422018348627
6 0.0375 0.5703363914373089 0.040625 0.23547400611620795
6 0.028125 0.6651376146788991 0.03125 0.11314984709480122
6 0.07578125 0.6574923547400612 0.0390625 0.1162079510703364
6 0.20390625 0.6819571865443425 0.0359375 0.07339449541284404
10 0.84921875 0.463302752293578 0.0546875 0.09480122324159021
6 0.86171875 0.6085626911314985 0.0734375 0.1834862385321101
6 0.8171875 0.5519877675840978 0.0375 0.2415902140672783
6 0.79375 0.6162079510703364 0.046875 0.23547400611620795
6 0.76015625 0.5382262996941896 0.0578125 0.2691131498470948
