7 0.1895424836601307 0.8129084967320261 0.37254901960784315 0.315359477124183
6 0.14215686274509803 0.6830065359477124 0.28104575163398693 0.6013071895424836
6 0.2238562091503268 0.5 0.05228758169934641 0.1111111111111111
6 0.17647058823529413 0.49673202614379086 0.029411764705882353 0.10457516339869281
6 0.9787581699346405 0.49264705882352944 0.0196078431372549 0.07679738562091504
6 0.875 0.4730392156862745 0.014705882352941176 0.04738562091503268
6 0.9411764705882353 0.48856209150326796 0.0196078431372549 0.07516339869281045
9 0.678921568627451 0.45669934640522875 0.272875816993464 0.17483660130718953
9 0.4591503267973856 0.45588235294117646 0.13071895424836602 0.08823529411764706
9 0.35375816993464054 0.4550653594771242 0.08006535947712418 0.06045751633986928
9 0.29820261437908496 0.45179738562091504 0.03104575163398693 0.04411764705882353
9 0.26143790849673204 0.4493464052287582 0.032679738562091505 0.0392156862745098
6 0.738562091503268 0.4493464052287582 0.0196078431372549 0.02287581699346405
6 0.8406862745098039 0.47794117647058826 0.021241830065359478 0.04084967320261438
6 0.024509803921568627 0.4632352941176471 0.0196078431372549 0.05065359477124183
6 0.059640522875817 0.4616013071895425 0.021241830065359478 0.04084967320261438
6 0.041666666666666664 0.45016339869281047 0.017973856209150325 0.03431372549019608
9 0.190359477124183 0.44689542483660133 0.05065359477124183 0.06699346405228758
3 0.5955882352941176 0.5359477124183006 0.7369281045751634 0.05228758169934641
3 0.08823529411764706 0.7900326797385621 0.17320261437908496 0.4199346405228758
