3 0.5 0.6719939117199392 0.997716894977169 0.6560121765601218
6 0.19920091324200914 0.6506849315068494 0.2842465753424658 0.6925418569254186
6 0.7779680365296804 0.3112633181126332 0.08105022831050228 0.2328767123287671
0 0.2665525114155251 0.19101978691019786 0.05365296803652968 0.2937595129375951
2 0.8898401826484018 0.0821917808219178 0.033105022831050226 0.0821917808219178
0 0.6438356164383562 0.20776255707762556 0.03424657534246575 0.2298325722983257
7 0.7768264840182648 0.3904109589041096 0.06735159817351598 0.1719939117199391
16 0.4149543378995434 0.16514459665144596 0.017123287671232876 0.3272450532724505
6 0.6877853881278538 0.2465753424657534 0.028538812785388126 0.0852359208523592
2 0.3926940639269406 0.136986301369863 0.0228310502283105 0.0639269406392694
6 0.5713470319634704 0.2207001522070015 0.021689497716894976 0.0882800608828006
3 0.954337899543379 0.3013698630136986 0.08904109589041095 0.0487062404870624
10 0.9121004566210046 0.2161339421613394 0.03881278538812785 0.0426179604261796
10 0.9897260273972602 0.22602739726027396 0.02054794520547945 0.0410958904109589
7 0.8287671232876712 0.2465753424657534 0.045662100456621 0.0426179604261796
16 0.860730593607306 0.13926940639269406 0.0365296803652968 0.2541856925418569
0 0.8236301369863014 0.167427701674277 0.021689497716894976 0.1004566210045662
0 0.8692922374429224 0.1993911719939117 0.028538812785388126 0.1461187214611872
16 0.988013698630137 0.1415525114155251 0.023972602739726026 0.1339421613394216
8 0.8105022831050228 0.197869101978691 0.04794520547945205 0.0517503805175038
7 0.6866438356164384 0.2694063926940639 0.021689497716894976 0.0426179604261796
