6 0.17421875 0.8212962962962963 0.1515625 0.34444444444444444
6 0.11223958333333334 0.8203703703703704 0.06822916666666666 0.3351851851851852
10 0.52421875 0.7851851851851852 0.4973958333333333 0.42962962962962964
10 0.24453125 0.7037037037037037 0.1484375 0.21481481481481482
10 0.14583333333333334 0.6388888888888888 0.10104166666666667 0.1
8 0.058854166666666666 0.5833333333333334 0.11666666666666667 0.18333333333333332
16 0.44869791666666664 0.44027777777777777 0.016145833333333335 0.27870370370370373
6 0.7005208333333334 0.6578703703703703 0.06145833333333333 0.15462962962962962
10 0.9130208333333333 0.6347222222222222 0.16041666666666668 0.13055555555555556
10 0.8247395833333333 0.6291666666666667 0.14010416666666667 0.12685185185185185
10 0.7890625 0.6097222222222223 0.140625 0.13425925925925927
10 0.6817708333333333 0.6050925925925926 0.11875 0.09537037037037037
6 0.6161458333333333 0.6324074074074074 0.021875 0.06296296296296296
11 0.17734375 0.9 0.15989583333333332 0.2
18 0.07265625 0.6240740740740741 0.06197916666666667 0.12037037037037036
16 0.30546875 0.4648148148148148 0.011979166666666667 0.2962962962962963
0 0.3307291666666667 0.5425925925925926 0.022916666666666665 0.11666666666666667
0 0.42552083333333335 0.5365740740740741 0.027083333333333334 0.09907407407407408
0 0.9421875 0.5921296296296297 0.046875 0.3138888888888889
6 0.675 0.6402777777777777 0.05625 0.11203703703703703
11 0.6838541666666667 0.7050925925925926 0.103125 0.13240740740740742
10 0.60703125 0.5828703703703704 0.08802083333333334 0.05462962962962963
10 0.49973958333333335 0.5615740740740741 0.08802083333333334 0.041666666666666664
10 0.28359375 0.5773148148148148 0.09114583333333333 0.04351851851851852
0 0.7161458333333334 0.5180555555555556 0.03333333333333333 0.15833333333333333
