3 0.3401826484018265 0.6461187214611872 0.678082191780822 0.7077625570776256
10 0.3219178082191781 0.24277016742770166 0.03424657534246575 0.0258751902587519
10 0.2945205479452055 0.243531202435312 0.02511415525114155 0.0243531202435312
10 0.2636986301369863 0.243531202435312 0.03424657534246575 0.0273972602739726
11 0.3698630136986301 0.258751902587519 0.0273972602739726 0.0273972602739726
0 0.9554794520547946 0.19710806697108066 0.0182648401826484 0.1050228310502283
14 0.5901826484018264 0.2656012176560122 0.0091324200913242 0.0502283105022831
11 0.19292237442922375 0.2595129375951294 0.02968036529680365 0.0289193302891933
14 0.9897260273972602 0.380517503805175 0.02054794520547945 0.1613394216133942
0 0.5662100456621004 0.21232876712328766 0.01141552511415525 0.0928462709284627
6 0.3692922374429224 0.2465753424657534 0.014840182648401826 0.0365296803652968
1 0.3675799086757991 0.15144596651445966 0.01141552511415525 0.0319634703196347
14 0.5211187214611872 0.2701674277016743 0.007990867579908675 0.0380517503805175
14 0.4389269406392694 0.24581430745814306 0.010273972602739725 0.0624048706240487
16 0.7494292237442922 0.13622526636225266 0.021689497716894976 0.2694063926940639
1 0.6877853881278538 0.1750380517503805 0.010273972602739725 0.0243531202435312
14 0.4275114155251142 0.2602739726027397 0.007990867579908675 0.0334855403348554
0 0.4805936073059361 0.21993911719939116 0.01141552511415525 0.0837138508371385
6 0.19292237442922375 0.2496194824961948 0.0136986301369863 0.0334855403348554
0 0.08561643835616438 0.22602739726027396 0.01141552511415525 0.0502283105022831
16 0.6934931506849316 0.20928462709284626 0.007990867579908675 0.1050228310502283
16 0.4594748858447489 0.1278538812785388 0.012557077625570776 0.2526636225266362
0 0.7665525114155252 0.2085235920852359 0.014840182648401826 0.106544901065449
3 0.3744292237442922 0.2549467275494673 0.1004566210045662 0.0136986301369863
