10 0.7009803921568627 0.23676470588235293 0.19411764705882353 0.08970588235294118
10 0.11519607843137254 0.3408088235294118 0.2284313725490196 0.15808823529411764
11 0.8960784313725491 0.1988970588235294 0.027450980392156862 0.030147058823529412
0 0.953921568627451 0.16286764705882353 0.09215686274509804 0.32426470588235295
16 0.12598039215686274 0.1375 0.08137254901960785 0.2735294117647059
10 0.5504901960784314 0.2025735294117647 0.10490196078431373 0.030147058823529412
11 0.1803921568627451 0.24301470588235294 0.049019607843137254 0.04632352941176471
9 0.3985294117647059 0.20330882352941176 0.2088235294117647 0.10955882352941176
0 0.6166666666666667 0.18455882352941178 0.01568627450980392 0.06470588235294118
11 0.5813725490196079 0.20845588235294119 0.050980392156862744 0.03161764705882353
11 0.23088235294117648 0.2400735294117647 0.07352941176470588 0.04044117647058824
6 0.8960784313725491 0.18529411764705883 0.023529411764705882 0.025
10 0.5877450980392157 0.1922794117647059 0.05392156862745098 0.02426470588235294
10 0.7421568627450981 0.18419117647058825 0.03529411764705882 0.015441176470588236
6 0.18284313725490195 0.21433823529411763 0.030392156862745098 0.03602941176470588
0 0.7151960784313726 0.16948529411764707 0.018627450980392157 0.04485294117647059
10 0.9014705882352941 0.17426470588235293 0.022549019607843137 0.010294117647058823
15 0.22156862745098038 0.2555147058823529 0.01764705882352941 0.015441176470588236
11 0.28627450980392155 0.23529411764705882 0.03137254901960784 0.041176470588235294
10 0.7166666666666667 0.18529411764705883 0.06274509803921569 0.016176470588235296
4 0.6794117647058824 0.6757352941176471 0.6411764705882353 0.6485294117647059
0 0.30392156862745096 0.1463235294117647 0.029411764705882353 0.07352941176470588
