0 0.08235294117647059 0.18088235294117647 0.1627450980392157 0.3602941176470588
11 0.44607843137254904 0.14669117647058824 0.19411764705882353 0.11985294117647059
11 0.5475490196078432 0.10477941176470588 0.17549019607843136 0.10073529411764706
10 0.6436274509803922 0.041176470588235294 0.059803921568627454 0.039705882352941174
4 0.34068627450980393 0.42867647058823527 0.2872549019607843 0.175
6 0.8848039215686274 0.027941176470588237 0.03235294117647059 0.054411764705882354
0 0.5833333333333334 0.04779411764705882 0.043137254901960784 0.09411764705882353
10 0.5441176470588235 0.04963235294117647 0.050980392156862744 0.03897058823529412
6 0.3700980392156863 0.05955882352941176 0.024509803921568627 0.054411764705882354
15 0.9004901960784314 0.054411764705882354 0.030392156862745098 0.026470588235294117
11 0.6916666666666667 0.04963235294117647 0.022549019607843137 0.027205882352941177
6 0.32745098039215687 0.06213235294117647 0.023529411764705882 0.04779411764705882
4 0.4803921568627451 0.5099264705882353 0.5647058823529412 0.12426470588235294
15 0.8318627450980393 0.041176470588235294 0.020588235294117647 0.01911764705882353
16 0.39558823529411763 0.027941176470588237 0.016666666666666666 0.054411764705882354
6 0.859313725490196 0.021323529411764706 0.024509803921568627 0.041176470588235294
6 0.34901960784313724 0.06286764705882353 0.025490196078431372 0.05220588235294118
4 0.7490196078431373 0.24926470588235294 0.19607843137254902 0.2661764705882353
4 0.5901960784313726 0.3613970588235294 0.4137254901960784 0.04191176470588235
10 0.6637254901960784 0.02389705882352941 0.045098039215686274 0.030147058823529412
10 0.7044117647058824 0.019852941176470587 0.03235294117647059 0.023529411764705882
6 0.9303921568627451 0.009558823529411765 0.01568627450980392 0.01764705882352941
11 0.7671568627450981 0.0375 0.06568627450980392 0.03529411764705882
6 0.9818627450980392 0.007352941176470588 0.016666666666666666 0.013235294117647059
6 0.47549019607843135 0.03823529411764706 0.0196078431372549 0.022058823529411766
6 0.49558823529411766 0.03566176470588235 0.018627450980392157 0.02426470588235294
18 0.8098039215686275 0.016911764705882352 0.052941176470588235 0.03235294117647059
6 0.5078431372549019 0.033455882352941176 0.01568627450980392 0.021323529411764706
4 0.5166666666666667 0.7422794117647059 0.45294117647058824 0.5154411764705882
11 0.39656862745098037 0.06948529411764706 0.05 0.03602941176470588
6 0.692156862745098 0.03308823529411765 0.023529411764705882 0.026470588235294117
