0 0.6470588235294118 0.1 0.06323529411764706 0.19607843137254902
6 0.3246323529411765 0.058333333333333334 0.01838235294117647 0.06764705882352941
6 0.2922794117647059 0.049019607843137254 0.016911764705882352 0.06274509803921569
6 0.27205882352941174 0.049019607843137254 0.016176470588235296 0.060784313725490195
16 0.575 0.0892156862745098 0.04852941176470588 0.17647058823529413
10 0.8165441176470588 0.07352941176470588 0.06102941176470588 0.03333333333333333
6 0.39448529411764705 0.047058823529411764 0.011029411764705883 0.025490196078431372
11 0.39558823529411763 0.056372549019607844 0.013235294117647059 0.022549019607843137
10 0.7915441176470588 0.061764705882352944 0.025735294117647058 0.01764705882352941
16 0.36213235294117646 0.03137254901960784 0.021323529411764706 0.060784313725490195
10 0.4011029411764706 0.0392156862745098 0.015441176470588236 0.01568627450980392
4 0.46139705882352944 0.582843137254902 0.3139705882352941 0.8323529411764706
10 0.9720588235294118 0.06862745098039216 0.05588235294117647 0.029411764705882353
6 0.8959558823529412 0.06372549019607843 0.0125 0.027450980392156862
6 0.8849264705882353 0.06568627450980392 0.011029411764705883 0.01764705882352941
0 0.9327205882352941 0.050980392156862744 0.019852941176470587 0.06666666666666667
