0 0.048515981735159815 0.12861491628614916 0.014840182648401826 0.0928462709284627
16 0.4081050228310502 0.1339421613394216 0.021689497716894976 0.2648401826484018
3 0.1660958904109589 0.24429223744292236 0.3299086757990868 0.0654490106544901
0 0.10730593607305935 0.13013698630136986 0.0136986301369863 0.0867579908675799
10 0.8310502283105022 0.2579908675799087 0.3378995433789954 0.1933028919330289
10 0.1558219178082192 0.1643835616438356 0.026255707762557076 0.060882800608828
16 0.0136986301369863 0.10121765601217655 0.01598173515981735 0.1537290715372907
3 0.672945205479452 0.6316590563165906 0.6541095890410958 0.7336377473363774
9 0.9452054794520548 0.528158295281583 0.10730593607305935 0.9315068493150684
14 0.3812785388127854 0.23059360730593606 0.01598173515981735 0.0654490106544901
16 0.6603881278538812 0.1156773211567732 0.03767123287671233 0.228310502283105
16 0.9668949771689498 0.06164383561643835 0.0365296803652968 0.1202435312024353
