10 0.925 0.07720588235294118 0.11078431372549019 0.03823529411764706
10 0.6838235294117647 0.06102941176470588 0.1284313725490196 0.041176470588235294
16 0.5941176470588235 0.0974264705882353 0.045098039215686274 0.19338235294117648
16 0.5441176470588235 0.08345588235294117 0.060784313725490195 0.16544117647058823
11 0.23627450980392156 0.06139705882352941 0.0803921568627451 0.03897058823529412
16 0.35637254901960785 0.05477941176470588 0.028431372549019607 0.10808823529411765
6 0.7235294117647059 0.06764705882352941 0.023529411764705882 0.03529411764705882
11 0.7901960784313725 0.07169117647058823 0.03725490196078431 0.021323529411764706
6 0.23480392156862745 0.04595588235294118 0.03431372549019608 0.04632352941176471
16 0.8058823529411765 0.03419117647058824 0.03529411764705882 0.06691176470588235
6 0.7970588235294118 0.06397058823529411 0.0196078431372549 0.030882352941176472
6 0.8455882352941176 0.06875 0.020588235294117647 0.03455882352941177
16 0.4053921568627451 0.05919117647058823 0.018627450980392157 0.11691176470588235
6 0.2181372549019608 0.04852941176470588 0.03235294117647059 0.04852941176470588
0 0.48333333333333334 0.03051470588235294 0.0196078431372549 0.05514705882352941
4 0.5019607843137255 0.6393382352941176 0.4372549019607843 0.7213235294117647
4 0.5352941176470588 0.2625 0.1568627450980392 0.11470588235294117
4 0.45441176470588235 0.21580882352941178 0.16568627450980392 0.027205882352941177
4 0.37941176470588234 0.17279411764705882 0.10196078431372549 0.09852941176470588
3 0.7661764705882353 0.1625 0.4676470588235294 0.06323529411764706
16 0.8225490196078431 0.039338235294117646 0.041176470588235294 0.07720588235294118
6 0.859313725490196 0.06323529411764706 0.014705882352941176 0.01911764705882353
6 0.3769607843137255 0.042279411764705885 0.022549019607843137 0.030147058823529412
