6 0.6797945205479452 0.7024353120243532 0.20662100456621005 0.5951293759512938
10 0.9252283105022832 0.5197869101978692 0.1495433789954338 0.1476407914764079
3 0.5005707762557078 0.745814307458143 0.9988584474885844 0.4931506849315068
10 0.06050228310502283 0.4223744292237443 0.1095890410958904 0.0715372907153729
16 0.565068493150685 0.3340943683409437 0.0182648401826484 0.3363774733637747
10 0.1797945205479452 0.4155251141552511 0.05365296803652968 0.0487062404870624
0 0.9680365296803652 0.350076103500761 0.0319634703196347 0.243531202435312
6 0.2539954337899543 0.786910197869102 0.16095890410958905 0.4170471841704718
0 0.4166666666666667 0.4033485540334855 0.02511415525114155 0.1643835616438356
1 0.5365296803652968 0.11643835616438356 0.0319634703196347 0.1171993911719939
1 0.5639269406392694 0.3295281582952816 0.0182648401826484 0.0471841704718417
10 0.14440639269406394 0.4010654490106545 0.03767123287671233 0.0350076103500761
14 0.502283105022831 0.4764079147640791 0.0091324200913242 0.0426179604261796
10 0.11244292237442922 0.4041095890410959 0.03767123287671233 0.0350076103500761
14 0.4400684931506849 0.471841704718417 0.007990867579908675 0.0487062404870624
6 0.3487442922374429 0.439117199391172 0.023972602739726026 0.0715372907153729
5 0.2785388127853881 0.3280060882800609 0.0136986301369863 0.0289193302891933
6 0.3607305936073059 0.4353120243531202 0.01598173515981735 0.0639269406392694
6 0.398972602739726 0.4299847792998478 0.017123287671232876 0.0684931506849315
6 0.317351598173516 0.5403348554033486 0.07534246575342465 0.258751902587519
10 0.01598173515981735 0.4063926940639269 0.02968036529680365 0.0426179604261796
0 0.305365296803653 0.3713850837138508 0.023972602739726026 0.1278538812785388
10 0.5154109589041096 0.4132420091324201 0.04680365296803653 0.0502283105022831
6 0.375 0.4277016742770167 0.014840182648401826 0.0639269406392694
6 0.3875570776255708 0.4292237442922374 0.014840182648401826 0.0669710806697108
0 0.5873287671232876 0.3881278538812785 0.030821917808219176 0.2404870624048706
