5 0.8328125 0.5604166666666667 0.065625 0.08333333333333333
10 0.446875 0.559375 0.1375 0.10208333333333333
19 0.54453125 0.5958333333333333 0.1046875 0.20833333333333334
10 0.40625 0.5572916666666666 0.125 0.07291666666666667
10 0.45859375 0.6125 0.0921875 0.07083333333333333
10 0.675 0.571875 0.178125 0.17708333333333334
16 0.69140625 0.346875 0.0359375 0.55625
0 0.1953125 0.265625 0.3125 0.5270833333333333
16 0.98515625 0.2989583333333333 0.0296875 0.59375
0 0.47578125 0.5239583333333333 0.0328125 0.24791666666666667
