13 0.8065 0.4776666666666667 0.116 0.15533333333333332
6 0.7385 0.3993333333333333 0.0595 0.172
10 0.765 0.34933333333333333 0.0765 0.03933333333333333
11 0.705125 0.3486666666666667 0.01625 0.028666666666666667
10 0.536125 0.36683333333333334 0.15675 0.08433333333333333
16 0.44325 0.28783333333333333 0.0235 0.397
15 0.38475 0.42483333333333334 0.022 0.031
15 0.175375 0.4455 0.03775 0.049666666666666665
6 0.194 0.3883333333333333 0.0225 0.07933333333333334
6 0.194 0.37733333333333335 0.013 0.03266666666666666
16 0.285375 0.259 0.01975 0.31133333333333335
6 0.37975 0.34983333333333333 0.007 0.015666666666666666
10 0.125 0.3641666666666667 0.0375 0.017666666666666667
6 0.278625 0.36083333333333334 0.00525 0.019666666666666666
11 0.296 0.3621666666666667 0.007 0.013666666666666667
6 0.264125 0.3535 0.00375 0.008333333333333333
16 0.04475 0.30633333333333335 0.0135 0.18333333333333332
0 0.933 0.282 0.134 0.5633333333333334
0 0.6345 0.25833333333333336 0.08 0.516
0 0.4165 0.242 0.05 0.48333333333333334
0 0.30725 0.3353333333333333 0.028 0.14866666666666667
0 0.23525 0.22366666666666668 0.0785 0.44666666666666666
0 0.020375 0.35283333333333333 0.02375 0.13033333333333333
0 0.061625 0.2865 0.03675 0.2723333333333333
0 0.093375 0.2728333333333333 0.04625 0.3016666666666667
3 0.0855 0.44966666666666666 0.168 0.034666666666666665
