10 0.2300228310502283 0.3592085235920852 0.22945205479452055 0.1308980213089802
6 0.6404109589041096 0.5418569254185692 0.12557077625570776 0.3835616438356164
3 0.4885844748858447 0.697869101978691 0.9726027397260274 0.6012176560121766
9 0.9531963470319634 0.3401826484018265 0.09360730593607305 0.1293759512937595
10 0.8378995433789954 0.3531202435312024 0.0776255707762557 0.0517503805175038
11 0.6455479452054794 0.5745814307458144 0.3367579908675799 0.2846270928462709
1 0.08047945205479452 0.21689497716894976 0.023972602739726026 0.0745814307458143
16 0.12728310502283105 0.19406392694063926 0.030821917808219176 0.3028919330289193
2 0.6124429223744292 0.2572298325722983 0.017123287671232876 0.0517503805175038
16 0.023972602739726026 0.23820395738203956 0.0273972602739726 0.3028919330289193
6 0.6820776255707762 0.3546423135464231 0.017123287671232876 0.0578386605783866
16 0.06735159817351598 0.2861491628614916 0.02054794520547945 0.2252663622526636
6 0.4885844748858447 0.3599695585996956 0.0182648401826484 0.0684931506849315
2 0.432648401826484 0.2686453576864536 0.0136986301369863 0.0380517503805175
0 0.5450913242009132 0.3127853881278539 0.021689497716894976 0.1263318112633181
0 0.7950913242009132 0.3264840182648402 0.010273972602739725 0.0532724505327245
6 0.5702054794520548 0.3462709284627093 0.012557077625570776 0.0471841704718417
0 0.9172374429223744 0.3120243531202435 0.014840182648401826 0.0639269406392694
6 0.5342465753424658 0.3569254185692542 0.01598173515981735 0.0502283105022831
16 0.4360730593607306 0.3409436834094368 0.0091324200913242 0.1095890410958904
0 0.7682648401826484 0.3249619482496195 0.01141552511415525 0.0532724505327245
6 0.5810502283105022 0.3455098934550989 0.0136986301369863 0.0517503805175038
11 0.0136986301369863 0.4353120243531202 0.02511415525114155 0.1095890410958904
0 0.7460045662100456 0.3249619482496195 0.010273972602739725 0.0471841704718417
16 0.6027397260273972 0.3264840182648402 0.01141552511415525 0.0898021308980213
3 0.8133561643835616 0.3866057838660578 0.3436073059360731 0.0273972602739726
6 0.5593607305936074 0.3493150684931507 0.01141552511415525 0.0410958904109589
0 0.714041095890411 0.3257229832572298 0.007990867579908675 0.0426179604261796
0 0.8276255707762558 0.3051750380517504 0.01141552511415525 0.0502283105022831
0 0.7328767123287672 0.3264840182648402 0.00684931506849315 0.0441400304414003
0 0.865296803652968 0.30441400304414 0.0136986301369863 0.0700152207001522
