10 0.8515625 0.7770833333333333 0.121875 0.06666666666666667
10 0.753125 0.7708333333333334 0.05625 0.058333333333333334
10 0.590625 0.7572916666666667 0.040625 0.052083333333333336
10 0.48359375 0.771875 0.0703125 0.07291666666666667
6 0.0984375 0.765625 0.0125 0.05625
6 0.78671875 0.75 0.0234375 0.07083333333333333
6 0.65078125 0.7427083333333333 0.0140625 0.04375
6 0.11640625 0.7645833333333333 0.0140625 0.058333333333333334
6 0.84921875 0.725 0.0140625 0.0375
10 0.53828125 0.7625 0.0484375 0.041666666666666664
10 0.38125 0.753125 0.0375 0.03958333333333333
10 0.44609375 0.7666666666666667 0.0359375 0.04583333333333333
6 0.66328125 0.7427083333333333 0.0109375 0.04791666666666667
6 0.615625 0.7375 0.009375 0.016666666666666666
6 0.0125 0.7947916666666667 0.021875 0.06458333333333334
6 0.0125 0.8270833333333333 0.021875 0.07916666666666666
6 0.83828125 0.73125 0.0140625 0.029166666666666667
6 0.6890625 0.734375 0.009375 0.027083333333333334
6 0.62890625 0.7375 0.0109375 0.020833333333333332
6 0.54765625 0.79375 0.0234375 0.10416666666666667
10 0.43671875 0.7625 0.0453125 0.05
10 0.71484375 0.7739583333333333 0.0953125 0.052083333333333336
16 0.20703125 0.6583333333333333 0.0265625 0.3875
3 0.21171875 0.928125 0.4140625 0.14375
2 0.07265625 0.396875 0.0671875 0.21041666666666667
2 0.203125 0.6239583333333333 0.028125 0.07291666666666667
2 0.8015625 0.43854166666666666 0.028125 0.06875
1 0.4015625 0.46979166666666666 0.025 0.08541666666666667
1 0.56640625 0.6125 0.0234375 0.06666666666666667
16 0.56640625 0.6541666666666667 0.0296875 0.3416666666666667
6 0.73359375 0.7302083333333333 0.0171875 0.027083333333333334
16 0.053125 0.41354166666666664 0.059375 0.8229166666666666
3 0.8421875 0.8302083333333333 0.303125 0.04375
1 0.1671875 0.6854166666666667 0.028125 0.041666666666666664
6 0.48984375 0.80625 0.0421875 0.09166666666666666
14 0.68828125 0.8072916666666666 0.0109375 0.06041666666666667
14 0.63515625 0.809375 0.0109375 0.07291666666666667
14 0.57421875 0.8145833333333333 0.0109375 0.06666666666666667
