16 0.509033203125 0.31298828125 0.02685546875 0.576171875
16 0.666259765625 0.4892578125 0.01416015625 0.1162109375
16 0.883056640625 0.48291015625 0.01904296875 0.1103515625
10 0.114990234375 0.542236328125 0.09033203125 0.03076171875
10 0.552490234375 0.55322265625 0.15869140625 0.03515625
0 0.680908203125 0.5087890625 0.00927734375 0.07421875
0 0.57666015625 0.5009765625 0.0087890625 0.0693359375
0 0.465576171875 0.501220703125 0.00927734375 0.07861328125
0 0.353515625 0.510986328125 0.0107421875 0.05712890625
0 0.27587890625 0.5078125 0.01171875 0.0458984375
0 0.1748046875 0.50634765625 0.009765625 0.0380859375
0 0.6435546875 0.50927734375 0.009765625 0.0458984375
0 0.750244140625 0.51025390625 0.01025390625 0.046875
16 0.37890625 0.48828125 0.0078125 0.099609375
16 0.81640625 0.486572265625 0.0078125 0.08837890625
