3 0.6552511415525114 0.6917808219178082 0.6894977168949772 0.6133942161339422
10 0.09646118721461187 0.3584474885844749 0.07191780821917808 0.0471841704718417
10 0.7916666666666666 0.3561643835616438 0.2089041095890411 0.0943683409436834
10 0.1512557077625571 0.350076103500761 0.04908675799086758 0.0395738203957382
1 0.1934931506849315 0.19101978691019786 0.017123287671232876 0.0471841704718417
16 0.567351598173516 0.2595129375951294 0.0136986301369863 0.2420091324200913
11 0.398972602739726 0.3729071537290715 0.06050228310502283 0.0426179604261796
16 0.4155251141552511 0.17275494672754946 0.02054794520547945 0.3394216133942161
11 0.2756849315068493 0.3767123287671233 0.05365296803652968 0.0471841704718417
10 0.02910958904109589 0.3858447488584475 0.05593607305936073 0.1050228310502283
16 0.6090182648401826 0.2146118721461187 0.019406392694063926 0.3226788432267884
1 0.22203196347031964 0.19254185692541856 0.017123287671232876 0.0471841704718417
0 0.9092465753424658 0.2701674277016743 0.017123287671232876 0.0958904109589041
6 0.4417808219178082 0.3523592085235921 0.0182648401826484 0.0715372907153729
16 0.3310502283105023 0.3143074581430746 0.01141552511415525 0.1202435312024353
6 0.2773972602739726 0.3599695585996956 0.0273972602739726 0.0563165905631659
1 0.3373287671232877 0.2747336377473364 0.010273972602739725 0.0289193302891933
16 0.8704337899543378 0.2998477929984779 0.007990867579908675 0.060882800608828
13 0.644406392694064 0.3546423135464231 0.03538812785388128 0.0395738203957382
6 0.3812785388127854 0.3447488584474886 0.01598173515981735 0.0410958904109589
6 0.4012557077625571 0.3546423135464231 0.021689497716894976 0.060882800608828
3 0.15753424657534246 0.3911719939117199 0.21689497716894976 0.0273972602739726
6 0.4143835616438356 0.334855403348554 0.0136986301369863 0.045662100456621
9 0.24885844748858446 0.3318112633181126 0.03424657534246575 0.030441400304414
14 0.9908675799086758 0.3789954337899543 0.0091324200913242 0.0487062404870624
14 0.3504566210045662 0.3645357686453577 0.00684931506849315 0.0319634703196347
14 0.9817351598173516 0.3789954337899543 0.0091324200913242 0.0426179604261796
16 0.2745433789954338 0.2686453576864536 0.012557077625570776 0.1324200913242009
6 0.9920091324200914 0.3356164383561644 0.01598173515981735 0.0502283105022831
14 0.6426940639269406 0.3660578386605784 0.0091324200913242 0.0410958904109589
0 0.010844748858447488 0.3211567732115677 0.014840182648401826 0.060882800608828
11 0.9851598173515982 0.3546423135464231 0.0273972602739726 0.0395738203957382
14 0.656392694063927 0.3698630136986301 0.00684931506849315 0.0365296803652968
16 0.2973744292237443 0.3165905631659056 0.010273972602739725 0.106544901065449
6 0.4315068493150685 0.3470319634703196 0.0136986301369863 0.0669710806697108
0 0.7853881278538812 0.2678843226788432 0.01598173515981735 0.0821917808219178
0 0.6455479452054794 0.3082191780821918 0.010273972602739725 0.0532724505327245
6 0.886986301369863 0.3287671232876712 0.02054794520547945 0.030441400304414
5 0.2374429223744292 0.20776255707762556 0.0182648401826484 0.0319634703196347
