3 0.5 0.5273972602739726 0.997716894977169 0.9452054794520548
10 0.8624429223744292 0.0578386605783866 0.18835616438356165 0.1126331811263318
7 0.3179223744292237 0.02359208523592085 0.04452054794520548 0.0410958904109589
10 0.9634703196347032 0.13774733637747336 0.0730593607305936 0.2724505327245053
14 0.4337899543378995 0.03272450532724505 0.0091324200913242 0.0441400304414003
7 0.5268264840182648 0.02511415525114155 0.021689497716894976 0.0471841704718417
14 0.3755707762557078 0.0350076103500761 0.0091324200913242 0.0395738203957382
14 0.23972602739726026 0.02054794520547945 0.00684931506849315 0.0319634703196347
16 0.4680365296803653 0.0243531202435312 0.0182648401826484 0.045662100456621
14 0.23230593607305935 0.01902587519025875 0.005707762557077625 0.0289193302891933
14 0.08789954337899543 0.01445966514459665 0.00684931506849315 0.0258751902587519
3 0.11529680365296803 0.04337899543378995 0.2237442922374429 0.0319634703196347
16 0.2853881278538813 0.02054794520547945 0.01598173515981735 0.0380517503805175
0 0.3396118721461187 0.0228310502283105 0.019406392694063926 0.0426179604261796
14 0.11244292237442922 0.01293759512937595 0.010273972602739725 0.0228310502283105
6 0.2614155251141553 0.0121765601217656 0.0136986301369863 0.0213089802130898
10 0.8190639269406392 0.0350076103500761 0.11301369863013698 0.0669710806697108
16 0.5513698630136986 0.02359208523592085 0.0136986301369863 0.0441400304414003
