10 0.4583333333333333 0.3025735294117647 0.07352941176470588 0.0375
0 0.37745098039215685 0.26875 0.07647058823529412 0.13455882352941176
16 0.2142156862745098 0.2551470588235294 0.022549019607843137 0.09852941176470588
6 0.09362745098039216 0.29926470588235293 0.028431372549019607 0.041176470588235294
0 0.24754901960784315 0.27683823529411766 0.022549019607843137 0.05073529411764706
10 0.4808823529411765 0.28823529411764703 0.05 0.020588235294117647
0 0.10049019607843138 0.2540441176470588 0.028431372549019607 0.11544117647058824
11 0.5848039215686275 0.2908088235294118 0.030392156862745098 0.013970588235294118
16 0.5083333333333333 0.27683823529411766 0.012745098039215686 0.09926470588235294
10 0.4161764705882353 0.28713235294117645 0.026470588235294117 0.016911764705882352
0 0.30490196078431375 0.27426470588235297 0.021568627450980392 0.027941176470588237
7 0.09754901960784314 0.31286764705882353 0.04215686274509804 0.028676470588235293
16 0.5171568627450981 0.23455882352941176 0.010784313725490196 0.12941176470588237
11 0.5549019607843138 0.2985294117647059 0.01764705882352941 0.01911764705882353
7 0.7142156862745098 0.3025735294117647 0.04803921568627451 0.027205882352941177
4 0.6147058823529412 0.6933823529411764 0.4019607843137255 0.6132352941176471
15 0.5794117647058824 0.3764705882352941 0.023529411764705882 0.020588235294117647
15 0.7446078431372549 0.3694852941176471 0.026470588235294117 0.019852941176470587
15 0.9137254901960784 0.3698529411764706 0.027450980392156862 0.022058823529411766
15 0.6485294117647059 0.32316176470588237 0.014705882352941176 0.0125
15 0.7259803921568627 0.32573529411764707 0.012745098039215686 0.013235294117647059
13 0.7725490196078432 0.3069852941176471 0.0196078431372549 0.025735294117647058
13 0.23333333333333334 0.2963235294117647 0.021568627450980392 0.01764705882352941
