10 0.2796875 0.6375 0.3125 0.2625
10 0.45625 0.6333333333333333 0.11875 0.09583333333333334
9 0.85703125 0.6104166666666667 0.2703125 0.3458333333333333
6 0.11171875 0.6572916666666667 0.0640625 0.20625
6 0.15703125 0.59375 0.0515625 0.07083333333333333
10 0.60703125 0.6114583333333333 0.0765625 0.08125
6 0.04921875 0.6541666666666667 0.0484375 0.19583333333333333
6 0.12265625 0.575 0.0234375 0.05
6 0.07109375 0.65625 0.0359375 0.19166666666666668
10 0.640625 0.584375 0.03125 0.03958333333333333
10 0.67421875 0.5927083333333333 0.0328125 0.052083333333333336
16 0.55546875 0.5239583333333333 0.0390625 0.8020833333333334
16 0.61328125 0.6020833333333333 0.0609375 0.5708333333333333
16 0.11484375 0.36875 0.0296875 0.35
14 0.440625 0.8125 0.040625 0.20416666666666666
