10 0.060784313725490195 0.15441176470588236 0.11960784313725491 0.058823529411764705
11 0.31666666666666665 0.2727941176470588 0.3156862745098039 0.15735294117647058
19 0.3573529411764706 0.36580882352941174 0.08529411764705883 0.16397058823529412
0 0.39215686274509803 0.13161764705882353 0.06470588235294118 0.21470588235294116
10 0.5225490196078432 0.14154411764705882 0.029411764705882353 0.021323529411764706
0 0.2965686274509804 0.20036764705882354 0.15980392156862744 0.39926470588235297
6 0.49558823529411766 0.15257352941176472 0.022549019607843137 0.04926470588235294
6 0.17647058823529413 0.14080882352941176 0.01568627450980392 0.028676470588235293
6 0.2088235294117647 0.15661764705882353 0.050980392156862744 0.04852941176470588
16 0.13186274509803922 0.08235294117647059 0.04411764705882353 0.1588235294117647
12 0.22156862745098038 0.33125 0.07254901960784314 0.09191176470588236
11 0.21568627450980393 0.20404411764705882 0.0803921568627451 0.07573529411764705
13 0.3656862745098039 0.20073529411764707 0.045098039215686274 0.075
4 0.6098039215686275 0.6084558823529411 0.3156862745098039 0.7830882352941176
