10 0.52578125 0.5322916666666667 0.0515625 0.06458333333333334
9 0.25234375 0.4947916666666667 0.5015625 0.39791666666666664
6 0.93828125 0.53125 0.0390625 0.12916666666666668
10 0.31328125 0.5645833333333333 0.0390625 0.05
10 0.6078125 0.515625 0.04375 0.06041666666666667
10 0.80703125 0.5072916666666667 0.0328125 0.027083333333333334
9 0.721875 0.49166666666666664 0.13125 0.10833333333333334
10 0.65 0.5114583333333333 0.04375 0.052083333333333336
9 0.82421875 0.5 0.0390625 0.04583333333333333
16 0.57265625 0.40208333333333335 0.0609375 0.8
16 0.85625 0.2875 0.03125 0.5708333333333333
16 0.928125 0.38958333333333334 0.015625 0.225
