10 0.0234375 0.6662763466042154 0.04375 0.30679156908665106
11 0.67578125 0.6475409836065574 0.2265625 0.4519906323185012
11 0.4828125 0.36533957845433257 0.096875 0.1592505854800937
11 0.403125 0.3231850117096019 0.078125 0.1358313817330211
11 0.33671875 0.2786885245901639 0.0703125 0.1405152224824356
11 0.18046875 0.25644028103044497 0.0390625 0.09601873536299765
9 0.05546875 0.16042154566744732 0.0796875 0.16159250585480095
6 0.58359375 0.2423887587822014 0.0390625 0.14754098360655737
6 0.4796875 0.26346604215456676 0.06875 0.08665105386416862
6 0.11796875 0.1955503512880562 0.0328125 0.1053864168618267
6 0.18203125 0.1920374707259953 0.0359375 0.05620608899297424
6 0.484375 0.20374707259953162 0.021875 0.09836065573770492
6 0.8734375 0.27400468384074944 0.034375 0.15456674473067916
6 0.82734375 0.2611241217798595 0.0484375 0.1522248243559719
6 0.67890625 0.3583138173302108 0.1578125 0.2154566744730679
6 0.99140625 0.27049180327868855 0.0171875 0.1522248243559719
6 0.3328125 0.21311475409836064 0.040625 0.07494145199063232
6 0.37421875 0.1885245901639344 0.0234375 0.07259953161592506
6 0.10703125 0.19789227166276346 0.0171875 0.09133489461358314
6 0.93125 0.2822014051522248 0.0375 0.14285714285714285
16 0.0109375 0.29508196721311475 0.01875 0.45901639344262296
6 0.07421875 0.20140515222482436 0.0265625 0.0936768149882904
16 0.21796875 0.2224824355971897 0.0421875 0.44028103044496486
6 0.40078125 0.23185011709601874 0.0453125 0.07494145199063232
6 0.65859375 0.19672131147540983 0.0234375 0.09836065573770492
6 0.71171875 0.2423887587822014 0.0484375 0.14754098360655737
6 0.76328125 0.24004683840749413 0.0328125 0.14754098360655737
6 0.87734375 0.17096018735362997 0.0328125 0.08899297423887588
16 0.6296875 0.1721311475409836 0.021875 0.18032786885245902
0 0.2859375 0.14754098360655737 0.015625 0.20608899297423888
16 0.79375 0.20140515222482436 0.01875 0.2576112412177986
6 0.271875 0.19437939110070257 0.021875 0.08899297423887588
6 0.96640625 0.27634660421545665 0.0296875 0.14988290398126464
