9 0.466 0.092 0.076 0.104
9 0.314 0.08533333333333333 0.092 0.09066666666666667
9 0.394 0.09733333333333333 0.076 0.12
9 0.545 0.08266666666666667 0.054 0.064
9 0.222 0.08533333333333333 0.076 0.09066666666666667
9 0.606 0.08133333333333333 0.08 0.07733333333333334
9 0.686 0.076 0.08 0.06133333333333333
6 0.58 0.17066666666666666 0.032 0.18666666666666668
6 0.593 0.164 0.03 0.14666666666666667
6 0.617 0.14 0.022 0.09866666666666667
6 0.657 0.17866666666666667 0.066 0.23466666666666666
6 0.734 0.17866666666666667 0.044 0.19733333333333333
6 0.949 0.116 0.018 0.034666666666666665
6 0.885 0.136 0.038 0.096
6 0.308 0.13866666666666666 0.032 0.08
6 0.201 0.14 0.018 0.07733333333333334
9 0.838 0.08533333333333333 0.132 0.07466666666666667
6 0.255 0.14 0.026 0.088
6 0.102 0.152 0.024 0.09066666666666667
6 0.074 0.152 0.028 0.08
6 0.022 0.144 0.028 0.09066666666666667
9 0.76 0.06533333333333333 0.056 0.04
6 0.053 0.148 0.03 0.072
6 0.425 0.13866666666666666 0.026 0.08
6 0.531 0.14 0.03 0.11466666666666667
6 0.555 0.132 0.026 0.104
6 0.811 0.144 0.062 0.14933333333333335
6 0.329 0.08533333333333333 0.022 0.064
6 0.228 0.09733333333333333 0.028 0.06666666666666667
16 0.16 0.08 0.024 0.15466666666666667
6 0.922 0.10533333333333333 0.028 0.04533333333333334
6 0.969 0.10666666666666667 0.026 0.037333333333333336
