11 0.15784313725490196 0.13455882352941176 0.3137254901960784 0.19117647058823528
11 0.09705882352941177 0.32573529411764707 0.19215686274509805 0.4117647058823529
15 0.4181372549019608 0.2580882352941177 0.0696078431372549 0.075
15 0.7348039215686275 0.24080882352941177 0.07941176470588235 0.07867647058823529
15 0.703921568627451 0.023529411764705882 0.029411764705882353 0.029411764705882353
4 0.20147058823529412 0.5764705882352941 0.40098039215686276 0.8470588235294118
0 0.1568627450980392 0.052573529411764706 0.10980392156862745 0.1036764705882353
15 0.28480392156862744 0.03455882352941177 0.030392156862745098 0.029411764705882353
15 0.4647058823529412 0.031985294117647056 0.023529411764705882 0.022794117647058822
0 0.32254901960784316 0.020588235294117647 0.06666666666666667 0.039705882352941174
