3 0.5496575342465754 0.6461187214611872 0.8984018264840182 0.7077625570776256
10 0.8139269406392694 0.243531202435312 0.2146118721461187 0.1095890410958904
14 0.05593607305936073 0.5768645357686454 0.0547945205479452 0.2404870624048706
10 0.5062785388127854 0.21689497716894976 0.04452054794520548 0.0350076103500761
16 0.04680365296803653 0.14231354642313546 0.04794520547945205 0.2815829528158295
0 0.3333333333333333 0.19558599695585996 0.0182648401826484 0.1019786910197869
0 0.19748858447488585 0.20471841704718416 0.02511415525114155 0.0958904109589041
0 0.7779680365296804 0.1659056316590563 0.014840182648401826 0.0578386605783866
14 0.192351598173516 0.2602739726027397 0.012557077625570776 0.0639269406392694
6 0.6700913242009132 0.20624048706240486 0.01141552511415525 0.0350076103500761
14 0.2842465753424658 0.2557077625570776 0.01141552511415525 0.060882800608828
3 0.22945205479452055 0.2701674277016743 0.22602739726027396 0.0350076103500761
14 0.0884703196347032 0.24581430745814306 0.007990867579908675 0.0350076103500761
0 0.9788812785388128 0.17275494672754946 0.014840182648401826 0.0745814307458143
14 0.3795662100456621 0.243531202435312 0.010273972602739725 0.0487062404870624
6 0.6569634703196348 0.2085235920852359 0.012557077625570776 0.0334855403348554
14 0.3504566210045662 0.2420091324200913 0.0091324200913242 0.045662100456621
1 0.2317351598173516 0.1567732115677321 0.0136986301369863 0.030441400304414
14 0.13013698630136986 0.2450532724505327 0.0091324200913242 0.0334855403348554
14 0.4035388127853881 0.2176560121765601 0.010273972602739725 0.045662100456621
14 0.1752283105022831 0.243531202435312 0.007990867579908675 0.0365296803652968
6 0.4212328767123288 0.22146118721461186 0.0136986301369863 0.0410958904109589
14 0.4200913242009132 0.24733637747336376 0.0091324200913242 0.0410958904109589
0 0.875 0.17123287671232876 0.012557077625570776 0.0715372907153729
16 0.5353881278538812 0.14079147640791476 0.0091324200913242 0.1537290715372907
16 0.6506849315068494 0.15449010654490106 0.01141552511415525 0.1202435312024353
14 0.4434931506849315 0.22450532724505326 0.005707762557077625 0.0228310502283105
16 0.365296803652968 0.1719939117199391 0.0091324200913242 0.1035007610350076
0 0.2528538812785388 0.1765601217656012 0.012557077625570776 0.0669710806697108
16 0.24143835616438356 0.1948249619482496 0.014840182648401826 0.1156773211567732
14 0.4549086757990868 0.2237442922374429 0.005707762557077625 0.0213089802130898
16 0.5171232876712328 0.16210045662100456 0.0091324200913242 0.0806697108066971
16 0.3744292237442922 0.1750380517503805 0.0091324200913242 0.0974124809741248
14 0.06792237442922375 0.2503805175038052 0.010273972602739725 0.0502283105022831
16 0.9623287671232876 0.1735159817351598 0.0136986301369863 0.076103500761035
16 0.4434931506849315 0.1704718417047184 0.007990867579908675 0.0852359208523592
