10 0.17291666666666666 0.671875 0.1625 0.1375
10 0.3729166666666667 0.7125 0.4125 0.25
6 0.6302083333333334 0.72421875 0.17708333333333334 0.4609375
6 0.37604166666666666 0.68203125 0.17708333333333334 0.3984375
6 0.7364583333333333 0.6515625 0.08125 0.24375
10 0.035416666666666666 0.66171875 0.06666666666666667 0.1046875
9 0.153125 0.65546875 0.23125 0.1609375
12 0.134375 0.80625 0.13541666666666666 0.159375
0 0.8083333333333333 0.603125 0.10416666666666667 0.396875
0 0.5416666666666666 0.51171875 0.075 0.1546875
3 0.425 0.94921875 0.8458333333333333 0.1015625
