3 0.5005707762557078 0.5547945205479452 0.9988584474885844 0.8873668188736682
10 0.9178082191780822 0.0213089802130898 0.06164383561643835 0.0395738203957382
11 0.4731735159817352 0.11339421613394216 0.09246575342465753 0.1445966514459665
6 0.4691780821917808 0.07686453576864535 0.0502283105022831 0.1506849315068493
10 0.863013698630137 0.02054794520547945 0.0547945205479452 0.0380517503805175
6 0.2614155251141553 0.04337899543378995 0.0410958904109589 0.0837138508371385
16 0.5941780821917808 0.04490106544901065 0.019406392694063926 0.0867579908675799
16 0.5211187214611872 0.04642313546423135 0.019406392694063926 0.0898021308980213
10 0.8122146118721462 0.01902587519025875 0.03538812785388128 0.0258751902587519
16 0.319634703196347 0.04794520547945205 0.0228310502283105 0.0928462709284627
16 0.553082191780822 0.03576864535768645 0.019406392694063926 0.0684931506849315
