3 0.5821917808219178 0.7199391171993912 0.8356164383561644 0.5570776255707762
8 0.8858447488584474 0.3219178082191781 0.228310502283105 0.1628614916286149
10 0.2288812785388128 0.4056316590563166 0.08105022831050228 0.0532724505327245
11 0.7311643835616438 0.3896499238964992 0.04452054794520548 0.0426179604261796
10 0.5810502283105022 0.3767123287671233 0.0502283105022831 0.0350076103500761
9 0.7151826484018264 0.3645357686453577 0.09246575342465753 0.0593607305936073
10 0.3281963470319635 0.3964992389649924 0.09018264840182648 0.0471841704718417
10 0.1512557077625571 0.4101978691019787 0.06506849315068493 0.0532724505327245
10 0.5388127853881278 0.3820395738203957 0.0547945205479452 0.0395738203957382
10 0.271689497716895 0.3888888888888889 0.04337899543378995 0.0289193302891933
16 0.3904109589041096 0.18645357686453576 0.02511415525114155 0.3698630136986301
6 0.1004566210045662 0.4383561643835616 0.02968036529680365 0.0791476407914764
13 0.16381278538812785 0.4330289193302892 0.03995433789954338 0.0410958904109589
11 0.3892694063926941 0.4170471841704718 0.045662100456621 0.0426179604261796
16 0.050799086757990865 0.3531202435312024 0.026255707762557076 0.2070015220700152
16 0.4160958904109589 0.3356164383561644 0.017123287671232876 0.1659056316590563
6 0.7277397260273972 0.3736681887366819 0.019406392694063926 0.0502283105022831
8 0.03767123287671233 0.3911719939117199 0.0730593607305936 0.0943683409436834
10 0.7659817351598174 0.3660578386605784 0.02054794520547945 0.0319634703196347
2 0.353310502283105 0.3302891933028919 0.012557077625570776 0.030441400304414
6 0.3892694063926941 0.4041095890410959 0.02054794520547945 0.0624048706240487
14 0.2465753424657534 0.4360730593607306 0.00684931506849315 0.0350076103500761
16 0.4429223744292237 0.3112633181126332 0.01141552511415525 0.1659056316590563
6 0.4583333333333333 0.3911719939117199 0.017123287671232876 0.045662100456621
16 0.3287671232876712 0.3181126331811263 0.01598173515981735 0.228310502283105
3 0.5799086757990868 0.4025875190258752 0.21232876712328766 0.0289193302891933
14 0.2853881278538813 0.4322678843226788 0.00684931506849315 0.030441400304414
16 0.3618721461187215 0.3538812785388128 0.01141552511415525 0.1019786910197869
16 0.860730593607306 0.2519025875190259 0.0091324200913242 0.0563165905631659
10 0.3059360730593607 0.3858447488584475 0.04337899543378995 0.0289193302891933
11 0.4743150684931507 0.4063926940639269 0.014840182648401826 0.030441400304414
16 0.4263698630136986 0.3455098934550989 0.012557077625570776 0.1187214611872146
16 0.9537671232876712 0.1719939117199391 0.012557077625570776 0.1552511415525114
16 0.5485159817351598 0.3181126331811263 0.010273972602739725 0.0943683409436834
