13 0.4119791666666667 0.5074074074074074 0.19791666666666666 0.37407407407407406
10 0.0546875 0.3236111111111111 0.10833333333333334 0.25833333333333336
10 0.8494791666666667 0.3226851851851852 0.30104166666666665 0.3675925925925926
6 0.6958333333333333 0.3101851851851852 0.040625 0.24444444444444444
6 0.5083333333333333 0.3037037037037037 0.06145833333333333 0.2574074074074074
11 0.6171875 0.3388888888888889 0.1125 0.17592592592592593
16 0.19557291666666668 0.3648148148148148 0.04114583333333333 0.7129629629629629
11 0.3072916666666667 0.3101851851851852 0.051041666666666666 0.10555555555555556
0 0.34348958333333335 0.175 0.04010416666666667 0.34814814814814815
7 0.5169270833333334 0.3597222222222222 0.08072916666666667 0.16574074074074074
11 0.2734375 0.3143518518518518 0.04583333333333333 0.08611111111111111
11 0.23802083333333332 0.3023148148148148 0.058333333333333334 0.09351851851851851
