6 0.9264705882352942 0.34558823529411764 0.10980392156862745 0.21764705882352942
0 0.2872549019607843 0.22426470588235295 0.19019607843137254 0.4470588235294118
0 0.6897058823529412 0.2731617647058823 0.061764705882352944 0.1801470588235294
10 0.7813725490196078 0.29705882352941176 0.13333333333333333 0.039705882352941174
10 0.6323529411764706 0.29669117647058824 0.08823529411764706 0.03455882352941177
0 0.8215686274509804 0.2713235294117647 0.0803921568627451 0.12794117647058822
0 0.6348039215686274 0.2672794117647059 0.018627450980392157 0.10073529411764706
4 0.4406862745098039 0.6878676470588235 0.8794117647058823 0.6242647058823529
16 0.7333333333333333 0.23786764705882352 0.03529411764705882 0.16544117647058823
0 0.8661764705882353 0.2661764705882353 0.061764705882352944 0.125
