11 0.17316176470588235 0.2691176470588235 0.04338235294117647 0.04215686274509804
11 0.20330882352941176 0.2691176470588235 0.02426470588235294 0.03431372549019608
10 0.1474264705882353 0.2627450980392157 0.03308823529411765 0.027450980392156862
0 0.22977941176470587 0.25588235294117645 0.0125 0.052941176470588235
10 0.21985294117647058 0.2607843137254902 0.03235294117647059 0.027450980392156862
11 0.24448529411764705 0.2647058823529412 0.013970588235294118 0.025490196078431372
6 0.24375 0.25980392156862747 0.011029411764705883 0.029411764705882353
13 0.28566176470588234 0.5470588235294118 0.2551470588235294 0.3843137254901961
16 0.13051470588235295 0.2534313725490196 0.021323529411764706 0.08333333333333333
0 0.1724264705882353 0.26176470588235295 0.013970588235294118 0.054901960784313725
4 0.6922794117647059 0.48627450980392156 0.6154411764705883 0.19019607843137254
4 0.8518382352941176 0.7803921568627451 0.2963235294117647 0.43137254901960786
