3 0.5005707762557078 0.7222222222222222 0.9988584474885844 0.5525114155251142
10 0.692351598173516 0.4147640791476408 0.2842465753424658 0.1750380517503805
10 0.8829908675799086 0.3896499238964992 0.09931506849315068 0.1248097412480974
6 0.18835616438356165 0.3744292237442922 0.04794520547945205 0.1461187214611872
7 0.1906392694063927 0.4216133942161339 0.1095890410958904 0.091324200913242
6 0.2437214611872146 0.3584474885844749 0.030821917808219176 0.1050228310502283
11 0.4189497716894977 0.423896499238965 0.08447488584474885 0.0806697108066971
1 0.5365296803652968 0.2785388127853881 0.0182648401826484 0.045662100456621
6 0.398972602739726 0.3576864535768645 0.023972602739726026 0.0791476407914764
16 0.6398401826484018 0.18036529680365296 0.021689497716894976 0.3272450532724505
16 0.04908675799086758 0.20624048706240486 0.0182648401826484 0.2937595129375951
11 0.5468036529680366 0.4231354642313546 0.045662100456621 0.0882800608828006
14 0.2694063926940639 0.4063926940639269 0.01141552511415525 0.0669710806697108
6 0.45662100456621 0.3949771689497717 0.0319634703196347 0.0989345509893455
11 0.3150684931506849 0.4048706240487062 0.07077625570776255 0.0821917808219178
16 0.6906392694063926 0.16666666666666666 0.0273972602739726 0.3272450532724505
6 0.01769406392694064 0.3455098934550989 0.033105022831050226 0.1187214611872146
14 0.3641552511415525 0.4101978691019787 0.01141552511415525 0.0715372907153729
1 0.07648401826484018 0.13774733637747336 0.0365296803652968 0.1232876712328767
14 0.3133561643835616 0.4094368340943683 0.012557077625570776 0.0700152207001522
6 0.3110730593607306 0.3797564687975647 0.04452054794520548 0.1202435312024353
6 0.5639269406392694 0.3592085235920852 0.0273972602739726 0.0547945205479452
6 0.430365296803653 0.3394216133942161 0.02511415525114155 0.0578386605783866
16 0.5399543378995434 0.2648401826484018 0.0182648401826484 0.2678843226788432
16 0.5878995433789954 0.23515981735159816 0.0136986301369863 0.1933028919330289
3 0.9121004566210046 0.4269406392694064 0.1735159817351598 0.0410958904109589
11 0.023401826484018264 0.3789954337899543 0.04452054794520548 0.0943683409436834
6 0.4126712328767123 0.3942161339421613 0.03538812785388128 0.1004566210045662
7 0.1158675799086758 0.3896499238964992 0.05821917808219178 0.0852359208523592
6 0.507420091324201 0.3508371385083714 0.023972602739726026 0.0471841704718417
16 0.9257990867579908 0.3158295281582953 0.01141552511415525 0.0502283105022831
9 0.6735159817351598 0.3165905631659056 0.0547945205479452 0.0395738203957382
