5 0.7875 0.44305555555555554 0.1125 0.225
16 0.77578125 0.775 0.0390625 0.4444444444444444
12 0.2859375 0.6902777777777778 0.0125 0.03611111111111111
12 0.31171875 0.6944444444444444 0.0109375 0.03333333333333333
12 0.3421875 0.6944444444444444 0.0125 0.03333333333333333
12 0.384375 0.7 0.009375 0.03333333333333333
12 0.41328125 0.7013888888888888 0.0109375 0.03611111111111111
5 0.08359375 0.5805555555555556 0.0328125 0.05
16 0.15859375 0.35 0.0390625 0.6944444444444444
16 0.315625 0.425 0.021875 0.34444444444444444
16 0.22265625 0.4125 0.0328125 0.5416666666666666
