9 0.940625 0.3070388349514563 0.115625 0.04611650485436893
6 0.32109375 0.5412621359223301 0.1796875 0.7184466019417476
6 0.5578125 0.6177184466019418 0.128125 0.7305825242718447
6 0.68515625 0.5837378640776699 0.1015625 0.7063106796116505
6 0.62265625 0.27063106796116504 0.0484375 0.1383495145631068
6 0.7734375 0.34101941747572817 0.04375 0.16747572815533981
6 0.80859375 0.3604368932038835 0.0453125 0.11893203883495146
6 0.23125 0.3155339805825243 0.021875 0.07766990291262135
6 0.18828125 0.3313106796116505 0.0203125 0.08009708737864078
6 0.75859375 0.3422330097087379 0.0515625 0.13592233009708737
6 0.84296875 0.3592233009708738 0.0234375 0.10679611650485436
6 0.95625 0.3567961165048544 0.025 0.08737864077669903
6 0.64921875 0.2973300970873786 0.0546875 0.12378640776699029
10 0.246875 0.308252427184466 0.025 0.019417475728155338
6 0.4 0.35194174757281554 0.021875 0.07281553398058252
16 0.815625 0.15655339805825244 0.028125 0.308252427184466
16 0.8578125 0.14805825242718446 0.01875 0.2912621359223301
16 0.11171875 0.23786407766990292 0.0203125 0.2961165048543689
16 0.8921875 0.1662621359223301 0.0125 0.24029126213592233
