3 0.5 0.680365296803653 0.997716894977169 0.5996955859969558
10 0.7323059360730594 0.3082191780821918 0.09931506849315068 0.0654490106544901
6 0.3721461187214612 0.3972602739726027 0.0593607305936073 0.2009132420091324
16 0.10102739726027397 0.20776255707762556 0.04908675799086758 0.4094368340943683
10 0.6301369863013698 0.2945205479452055 0.0547945205479452 0.0471841704718417
6 0.4406392694063927 0.3866057838660578 0.05251141552511415 0.2039573820395738
10 0.5804794520547946 0.3082191780821918 0.04680365296803653 0.0563165905631659
16 0.3242009132420091 0.19406392694063926 0.03424657534246575 0.3820395738203957
6 0.5536529680365296 0.3683409436834094 0.0365296803652968 0.1765601217656012
6 0.4948630136986301 0.3820395738203957 0.05593607305936073 0.213089802130898
6 0.5268264840182648 0.3622526636225266 0.03767123287671233 0.2009132420091324
2 0.952054794520548 0.0989345509893455 0.02511415525114155 0.0639269406392694
3 0.7819634703196348 0.3576864535768645 0.4360730593607306 0.0547945205479452
2 0.4726027397260274 0.2039573820395738 0.0182648401826484 0.045662100456621
0 0.8447488584474886 0.2610350076103501 0.01598173515981735 0.0898021308980213
0 0.781392694063927 0.2633181126331811 0.012557077625570776 0.0791476407914764
16 0.9577625570776256 0.2694063926940639 0.01141552511415525 0.0852359208523592
0 0.9195205479452054 0.2557077625570776 0.017123287671232876 0.1035007610350076
16 0.476027397260274 0.2557077625570776 0.0091324200913242 0.0547945205479452
6 0.4697488584474886 0.30441400304414 0.019406392694063926 0.0639269406392694
