9 0.8653333333333333 0.52 0.2693333333333333 0.104
6 0.08533333333333333 0.634 0.15466666666666667 0.196
10 0.8786666666666667 0.632 0.24266666666666667 0.236
10 0.3973333333333333 0.546 0.18666666666666668 0.104
10 0.632 0.55 0.33066666666666666 0.2
9 0.4026666666666667 0.477 0.208 0.094
9 0.132 0.529 0.25866666666666666 0.174
9 0.284 0.501 0.10933333333333334 0.078
0 0.8426666666666667 0.278 0.05333333333333334 0.212
0 0.5853333333333334 0.301 0.056 0.206
0 0.05333333333333334 0.341 0.048 0.21
9 0.764 0.46 0.472 0.168
