10 0.27265625 0.23826291079812206 0.2453125 0.1572769953051643
10 0.26640625 0.3380281690140845 0.2265625 0.215962441314554
6 0.14140625 0.573943661971831 0.2796875 0.852112676056338
6 0.63046875 0.6044600938967136 0.1578125 0.5610328638497653
6 0.284375 0.6068075117370892 0.096875 0.4014084507042254
6 0.3015625 0.35563380281690143 0.115625 0.3967136150234742
6 0.39921875 0.3744131455399061 0.0734375 0.3403755868544601
6 0.6 0.2664319248826291 0.046875 0.16666666666666666
6 0.5390625 0.30985915492957744 0.065625 0.2863849765258216
6 0.49140625 0.431924882629108 0.1546875 0.6009389671361502
6 0.665625 0.2605633802816901 0.05 0.2676056338028169
6 0.565625 0.284037558685446 0.0375 0.19718309859154928
10 0.36640625 0.22417840375586853 0.1046875 0.07276995305164319
6 0.546875 0.19483568075117372 0.01875 0.056338028169014086
10 0.35234375 0.1772300469483568 0.2265625 0.08685446009389672
6 0.58125 0.2112676056338028 0.025 0.10328638497652583
6 0.621875 0.25821596244131456 0.075 0.19718309859154928
4 0.5296875 0.9413145539906104 0.390625 0.11737089201877934
