10 0.71640625 0.5515222482435597 0.0828125 0.03981264637002342
10 0.24765625 0.509367681498829 0.0203125 0.02107728337236534
10 0.2578125 0.5058548009367682 0.01875 0.0234192037470726
10 0.2796875 0.5023419203747073 0.025 0.02107728337236534
8 0.49453125 0.5608899297423887 0.3796875 0.42857142857142855
6 0.13515625 0.5386416861826698 0.0140625 0.0468384074941452
6 0.1 0.5421545667447307 0.015625 0.06791569086651054
6 0.17890625 0.5491803278688525 0.0296875 0.08196721311475409
19 0.22421875 0.6615925058548009 0.0234375 0.11007025761124122
0 0.215625 0.5140515222482436 0.03125 0.3161592505854801
