19 0.4721666666666667 0.5393333333333333 0.026333333333333334 0.07
16 0.38533333333333336 0.37916666666666665 0.019333333333333334 0.335
11 0.4755 0.4658333333333333 0.07966666666666666 0.069
11 0.5185 0.466 0.058333333333333334 0.06266666666666666
11 0.652 0.4548333333333333 0.082 0.059666666666666666
11 0.7273333333333334 0.44533333333333336 0.054 0.04
11 0.8595 0.44666666666666666 0.049 0.04533333333333334
13 0.9258333333333333 0.4723333333333333 0.023666666666666666 0.03333333333333333
11 0.9611666666666666 0.43166666666666664 0.04566666666666667 0.026
0 0.25333333333333335 0.49916666666666665 0.08066666666666666 0.31166666666666665
0 0.5841666666666666 0.3343333333333333 0.06833333333333333 0.384
0 0.9321666666666667 0.3525 0.12033333333333333 0.287
