3 0.5005707762557078 0.654490106544901 0.9988584474885844 0.6879756468797564
10 0.2910958904109589 0.2557077625570776 0.03881278538812785 0.0243531202435312
10 0.9126712328767124 0.286910197869102 0.17465753424657535 0.1293759512937595
0 0.6135844748858448 0.22450532724505326 0.017123287671232876 0.1445966514459665
16 0.3624429223744292 0.1476407914764079 0.023972602739726026 0.2922374429223744
0 0.4103881278538813 0.23972602739726026 0.023972602739726026 0.1141552511415525
0 0.07990867579908675 0.24885844748858446 0.01141552511415525 0.0502283105022831
14 0.5028538812785388 0.2853881278538813 0.007990867579908675 0.0380517503805175
7 0.3961187214611872 0.2823439878234399 0.0365296803652968 0.0289193302891933
0 0.658675799086758 0.21080669710806696 0.0136986301369863 0.0928462709284627
8 0.22031963470319635 0.24124809741248096 0.08447488584474885 0.0441400304414003
14 0.4486301369863014 0.286910197869102 0.00684931506849315 0.0350076103500761
1 0.5205479452054794 0.1841704718417047 0.0136986301369863 0.0365296803652968
7 0.5901826484018264 0.2785388127853881 0.0228310502283105 0.0426179604261796
0 0.6352739726027398 0.2237442922374429 0.014840182648401826 0.106544901065449
0 0.8259132420091324 0.2237442922374429 0.019406392694063926 0.1156773211567732
0 0.716324200913242 0.213089802130898 0.012557077625570776 0.106544901065449
0 0.3270547945205479 0.2343987823439878 0.010273972602739725 0.0852359208523592
16 0.204337899543379 0.14383561643835616 0.02968036529680365 0.2785388127853881
0 0.11815068493150685 0.2465753424657534 0.010273972602739725 0.045662100456621
6 0.3932648401826484 0.2541856925418569 0.012557077625570776 0.0395738203957382
0 0.591324200913242 0.20776255707762556 0.01598173515981735 0.1111111111111111
0 0.4406392694063927 0.228310502283105 0.0091324200913242 0.0578386605783866
0 0.386986301369863 0.23059360730593606 0.01141552511415525 0.0715372907153729
0 0.03367579908675799 0.256468797564688 0.010273972602739725 0.0441400304414003
3 0.16210045662100456 0.3006088280060883 0.3219178082191781 0.0319634703196347
16 0.5331050228310502 0.15220700152207 0.01598173515981735 0.2952815829528158
9 0.22031963470319635 0.2420091324200913 0.0867579908675799 0.045662100456621
10 0.3139269406392694 0.2496194824961948 0.02511415525114155 0.0182648401826484
0 0.9041095890410958 0.1856925418569254 0.01598173515981735 0.0669710806697108
14 0.3281963470319635 0.2808219178082192 0.005707762557077625 0.0258751902587519
0 0.1552511415525114 0.2450532724505327 0.0091324200913242 0.0395738203957382
14 0.3190639269406393 0.2800608828006088 0.005707762557077625 0.0243531202435312
10 0.22488584474885845 0.24124809741248096 0.0730593607305936 0.0441400304414003
10 0.908675799086758 0.256468797564688 0.182648401826484 0.1415525114155251
0 0.7808219178082192 0.1872146118721461 0.02511415525114155 0.0639269406392694
0 0.3453196347031963 0.20928462709284626 0.014840182648401826 0.0532724505327245
2 0.19463470319634704 0.1719939117199391 0.014840182648401826 0.0395738203957382
1 0.2089041095890411 0.17427701674277016 0.0182648401826484 0.0410958904109589
