6 0.5616438356164384 0.5114155251141552 0.12557077625570776 0.426179604261796
6 0.9001141552511416 0.3904109589041096 0.07876712328767123 0.1872146118721461
3 0.4965753424657534 0.6910197869101978 0.9908675799086758 0.6179604261796042
6 0.11700913242009132 0.380517503805175 0.04908675799086758 0.1643835616438356
6 0.4149543378995434 0.639269406392694 0.14269406392694065 0.5722983257229832
7 0.9006849315068494 0.4520547945205479 0.08904109589041095 0.1461187214611872
6 0.3824200913242009 0.3706240487062405 0.04794520547945205 0.1567732115677321
6 0.4748858447488584 0.3569254185692542 0.0365296803652968 0.1415525114155251
1 0.05422374429223744 0.16210045662100456 0.033105022831050226 0.0989345509893455
7 0.5605022831050228 0.6621004566210046 0.08904109589041095 0.2952815829528158
2 0.9509132420091324 0.20928462709284626 0.0273972602739726 0.0715372907153729
2 0.5211187214611872 0.21080669710806696 0.023972602739726026 0.0654490106544901
6 0.4440639269406393 0.3576864535768645 0.02968036529680365 0.121765601217656
6 0.2825342465753425 0.363013698630137 0.030821917808219176 0.1111111111111111
11 0.7973744292237442 0.3531202435312024 0.04223744292237443 0.0426179604261796
5 0.045662100456621 0.23059360730593606 0.02968036529680365 0.0441400304414003
16 0.04794520547945205 0.3257229832572298 0.0182648401826484 0.1491628614916286
6 0.3498858447488584 0.3866057838660578 0.030821917808219176 0.1552511415525114
6 0.2425799086757991 0.3561643835616438 0.028538812785388126 0.1126331811263318
10 0.5964611872146118 0.3280060882800609 0.021689497716894976 0.0441400304414003
10 0.636986301369863 0.3333333333333333 0.0730593607305936 0.060882800608828
16 0.5159817351598174 0.3234398782343988 0.0091324200913242 0.0958904109589041
6 0.4178082191780822 0.3287671232876712 0.0228310502283105 0.0547945205479452
7 0.2648401826484018 0.3843226788432268 0.0365296803652968 0.0745814307458143
2 0.5108447488584474 0.2595129375951294 0.014840182648401826 0.0350076103500761
6 0.8019406392694064 0.3363774733637747 0.021689497716894976 0.0487062404870624
6 0.7437214611872146 0.3219178082191781 0.012557077625570776 0.0471841704718417
0 0.8778538812785388 0.2694063926940639 0.02054794520547945 0.0882800608828006
11 0.7168949771689498 0.3371385083713851 0.02511415525114155 0.0441400304414003
11 0.6843607305936074 0.3378995433789954 0.026255707762557076 0.0395738203957382
16 0.5399543378995434 0.18340943683409436 0.02511415525114155 0.3607305936073059
6 0.7802511415525114 0.334855403348554 0.019406392694063926 0.0487062404870624
14 0.3019406392694064 0.3698630136986301 0.007990867579908675 0.0487062404870624
3 0.7226027397260274 0.3835616438356164 0.5068493150684932 0.0365296803652968
11 0.7785388127853882 0.3470319634703196 0.0228310502283105 0.0365296803652968
14 0.22146118721461186 0.3713850837138508 0.0091324200913242 0.0395738203957382
6 0.9343607305936074 0.3272450532724505 0.023972602739726026 0.0426179604261796
14 0.4965753424657534 0.3599695585996956 0.00684931506849315 0.0350076103500761
