3 0.4286529680365297 0.5319634703196348 0.8550228310502284 0.9360730593607306
11 0.15182648401826485 0.0365296803652968 0.0319634703196347 0.0395738203957382
12 0.7037671232876712 0.0441400304414003 0.014840182648401826 0.030441400304414
12 0.615296803652968 0.04337899543378995 0.0136986301369863 0.0319634703196347
12 0.5924657534246576 0.0441400304414003 0.0136986301369863 0.030441400304414
12 0.5519406392694064 0.04185692541856925 0.012557077625570776 0.0289193302891933
12 0.6575342465753424 0.04185692541856925 0.0136986301369863 0.0350076103500761
12 0.8065068493150684 0.0243531202435312 0.012557077625570776 0.030441400304414
6 0.1512557077625571 0.02359208523592085 0.019406392694063926 0.0441400304414003
9 0.4817351598173516 0.02207001522070015 0.0639269406392694 0.0410958904109589
12 0.5136986301369864 0.0395738203957382 0.01141552511415525 0.0273972602739726
12 0.7311643835616438 0.0273972602739726 0.012557077625570776 0.030441400304414
12 0.4845890410958904 0.03729071537290715 0.012557077625570776 0.0319634703196347
16 0.648972602739726 0.0243531202435312 0.017123287671232876 0.045662100456621
14 0.8230593607305936 0.030441400304414 0.0136986301369863 0.0517503805175038
14 0.7534246575342466 0.03272450532724505 0.0091324200913242 0.0502283105022831
16 0.569634703196347 0.02207001522070015 0.01141552511415525 0.0410958904109589
10 0.238013698630137 0.00989345509893455 0.05593607305936073 0.0167427701674277
6 0.5017123287671232 0.02663622526636225 0.014840182648401826 0.0502283105022831
12 0.4988584474885845 0.0395738203957382 0.01141552511415525 0.0273972602739726
12 0.841324200913242 0.02511415525114155 0.01141552511415525 0.0289193302891933
10 0.13070776255707764 0.01293759512937595 0.04223744292237443 0.0228310502283105
3 0.3065068493150685 0.0289193302891933 0.2888127853881279 0.0243531202435312
6 0.5439497716894978 0.0182648401826484 0.026255707762557076 0.0334855403348554
12 0.6786529680365296 0.02663622526636225 0.012557077625570776 0.0258751902587519
0 0.910958904109589 0.0273972602739726 0.02054794520547945 0.0517503805175038
16 0.759703196347032 0.02663622526636225 0.017123287671232876 0.0502283105022831
