7 0.8813725490196078 0.3136029411764706 0.23529411764705882 0.21544117647058825
4 0.38676470588235295 0.55 0.4147058823529412 0.8985294117647059
11 0.8102941176470588 0.17573529411764705 0.2931372549019608 0.18970588235294117
11 0.567156862745098 0.04632352941176471 0.07549019607843137 0.05588235294117647
6 0.425 0.028676470588235293 0.030392156862745098 0.05588235294117647
0 0.6416666666666667 0.029044117647058824 0.03627450980392157 0.05661764705882353
0 0.9411764705882353 0.13823529411764707 0.11764705882352941 0.27205882352941174
6 0.4872549019607843 0.014705882352941176 0.013725490196078431 0.025
0 0.7475490196078431 0.045588235294117645 0.08529411764705883 0.08970588235294118
10 0.44901960784313727 0.015808823529411764 0.043137254901960784 0.027205882352941177
0 0.9401960784313725 0.020955882352941175 0.045098039215686274 0.04044117647058824
6 0.3857843137254902 0.03161764705882353 0.020588235294117647 0.04411764705882353
0 0.8607843137254902 0.02022058823529412 0.029411764705882353 0.03897058823529412
11 0.6235294117647059 0.07573529411764705 0.052941176470588235 0.07205882352941176
16 0.7848039215686274 0.01801470588235294 0.022549019607843137 0.03455882352941177
10 0.5235294117647059 0.01948529411764706 0.03725490196078431 0.03161764705882353
11 0.7421568627450981 0.12683823529411764 0.25882352941176473 0.13455882352941176
