3 0.7157534246575342 0.6993911719939118 0.5662100456621004 0.6012176560121766
7 0.21575342465753425 0.7709284627092846 0.4269406392694064 0.4398782343987823
6 0.15753424657534246 0.636986301369863 0.24429223744292236 0.5799086757990868
10 0.6894977168949772 0.3774733637747336 0.14383561643835616 0.0730593607305936
10 0.2151826484018265 0.380517503805175 0.13812785388127855 0.0730593607305936
11 0.9212328767123288 0.6179604261796042 0.15753424657534246 0.3439878234398782
11 0.7876712328767124 0.380517503805175 0.0410958904109589 0.0334855403348554
1 0.12728310502283105 0.2404870624048706 0.017123287671232876 0.045662100456621
10 0.033105022831050226 0.4703196347031963 0.0639269406392694 0.1765601217656012
16 0.3070776255707763 0.19558599695585996 0.0228310502283105 0.3881278538812785
1 0.2465753424657534 0.2359208523592085 0.01598173515981735 0.0426179604261796
13 0.4240867579908676 0.380517503805175 0.023972602739726026 0.030441400304414
14 0.8344748858447488 0.4018264840182648 0.01141552511415525 0.0517503805175038
16 0.58675799086758 0.3569254185692542 0.00684931506849315 0.0806697108066971
6 0.7893835616438356 0.3683409436834094 0.017123287671232876 0.0426179604261796
16 0.5331050228310502 0.2678843226788432 0.01141552511415525 0.2709284627092846
11 0.011986301369863013 0.3751902587519026 0.021689497716894976 0.0350076103500761
1 0.5125570776255708 0.302130898021309 0.0091324200913242 0.0258751902587519
6 0.01141552511415525 0.3698630136986301 0.0182648401826484 0.0426179604261796
14 0.4868721461187215 0.380517503805175 0.007990867579908675 0.0334855403348554
16 0.519406392694064 0.2823439878234399 0.01141552511415525 0.2298325722983257
14 0.4549086757990868 0.3843226788432268 0.005707762557077625 0.0258751902587519
14 0.3236301369863014 0.3828006088280061 0.005707762557077625 0.0289193302891933
7 0.4868721461187215 0.380517503805175 0.007990867579908675 0.0334855403348554
5 0.3013698630136986 0.273972602739726 0.01598173515981735 0.0213089802130898
