3 0.4286529680365297 0.6864535768645358 0.8550228310502284 0.624048706240487
7 0.5616438356164384 0.3203957382039574 0.05707762557077625 0.0471841704718417
16 0.6792237442922374 0.182648401826484 0.0319634703196347 0.3622526636225266
6 0.4937214611872146 0.3340943683409437 0.04680365296803653 0.1202435312024353
2 0.6575342465753424 0.1537290715372907 0.02511415525114155 0.0578386605783866
11 0.4897260273972603 0.3538812785388128 0.08904109589041095 0.0837138508371385
6 0.6135844748858448 0.2990867579908676 0.028538812785388126 0.1111111111111111
10 0.18036529680365296 0.2709284627092846 0.07534246575342465 0.0334855403348554
14 0.6215753424657534 0.3363774733637747 0.010273972602739725 0.0578386605783866
0 0.8184931506849316 0.1948249619482496 0.02054794520547945 0.1035007610350076
10 0.06107305936073059 0.2732115677321157 0.08561643835616438 0.0441400304414003
10 0.3955479452054795 0.2595129375951294 0.028538812785388126 0.0197869101978691
8 0.3065068493150685 0.2465753424657534 0.06506849315068493 0.0365296803652968
10 0.12100456621004566 0.2663622526636225 0.0639269406392694 0.045662100456621
6 0.4469178082191781 0.2792998477929985 0.017123287671232876 0.0471841704718417
10 0.4218036529680365 0.258751902587519 0.033105022831050226 0.0213089802130898
16 0.19748858447488585 0.2085235920852359 0.0136986301369863 0.1400304414003044
10 0.2636986301369863 0.2602739726027397 0.0547945205479452 0.0182648401826484
14 0.5679223744292238 0.3249619482496195 0.010273972602739725 0.0502283105022831
0 0.5319634703196348 0.2374429223744292 0.0136986301369863 0.15220700152207
0 0.5759132420091324 0.2496194824961948 0.012557077625570776 0.0943683409436834
14 0.08789954337899543 0.2724505327245053 0.0091324200913242 0.0426179604261796
5 0.09988584474885845 0.1308980213089802 0.017123287671232876 0.0273972602739726
14 0.07648401826484018 0.2792998477929985 0.00684931506849315 0.0319634703196347
0 0.053082191780821915 0.2343987823439878 0.010273972602739725 0.0365296803652968
3 0.3047945205479452 0.3051750380517504 0.3333333333333333 0.0319634703196347
0 0.5068493150684932 0.228310502283105 0.01141552511415525 0.0882800608828006
10 0.5422374429223744 0.2511415525114155 0.0136986301369863 0.015220700152207
16 0.3772831050228311 0.20319634703196346 0.007990867579908675 0.1232876712328767
14 0.1404109589041096 0.2808219178082192 0.00684931506849315 0.0258751902587519
14 0.0976027397260274 0.2792998477929985 0.005707762557077625 0.0258751902587519
14 0.4788812785388128 0.2831050228310502 0.007990867579908675 0.030441400304414
16 0.4823059360730594 0.2176560121765601 0.010273972602739725 0.136986301369863
