14 0.6625 0.600925925925926 0.06666666666666667 0.2462962962962963
14 0.3423611111111111 0.5018518518518519 0.07083333333333333 0.18518518518518517
14 0.1673611111111111 0.44722222222222224 0.06527777777777778 0.1388888888888889
6 0.6986111111111111 0.13518518518518519 0.08333333333333333 0.17037037037037037
6 0.5861111111111111 0.12314814814814815 0.1 0.2351851851851852
6 0.8798611111111111 0.0787037037037037 0.05694444444444444 0.15
10 0.7006944444444444 0.049074074074074076 0.18194444444444444 0.09444444444444444
10 0.30625 0.11666666666666667 0.0763888888888889 0.10740740740740741
10 0.36666666666666664 0.07407407407407407 0.09722222222222222 0.09259259259259259
12 0.6604166666666667 0.1175925925925926 0.04027777777777778 0.12777777777777777
10 0.4840277777777778 0.03518518518518519 0.09583333333333334 0.06666666666666667
