3 0.6232876712328768 0.6491628614916286 0.7534246575342466 0.6986301369863014
10 0.8424657534246576 0.3409436834094368 0.3150684931506849 0.2313546423135464
10 0.583904109589041 0.289193302891933 0.3367579908675799 0.1765601217656012
7 0.20776255707762556 0.2785388127853881 0.0547945205479452 0.0487062404870624
16 0.12899543378995434 0.1506849315068493 0.0319634703196347 0.2983257229832572
6 0.341324200913242 0.2595129375951294 0.0228310502283105 0.0745814307458143
1 0.6797945205479452 0.0852359208523592 0.017123287671232876 0.0517503805175038
1 0.6181506849315068 0.07382039573820395 0.019406392694063926 0.0532724505327245
16 0.3972602739726027 0.14840182648401826 0.02054794520547945 0.2937595129375951
14 0.06449771689497717 0.2853881278538813 0.012557077625570776 0.0532724505327245
10 0.6986301369863014 0.23363774733637746 0.12100456621004566 0.0654490106544901
16 0.0867579908675799 0.14535768645357686 0.03424657534246575 0.2846270928462709
0 0.8276255707762558 0.197869101978691 0.0182648401826484 0.0700152207001522
5 0.6501141552511416 0.07686453576864535 0.019406392694063926 0.0319634703196347
16 0.978310502283105 0.1202435312024353 0.03424657534246575 0.2161339421613394
1 0.4052511415525114 0.1628614916286149 0.0136986301369863 0.0365296803652968
16 0.4132420091324201 0.21385083713850836 0.01141552511415525 0.1567732115677321
16 0.9018264840182648 0.1917808219178082 0.0091324200913242 0.0700152207001522
16 0.7157534246575342 0.12557077625570776 0.01598173515981735 0.1537290715372907
6 0.1598173515981735 0.2534246575342466 0.0273972602739726 0.0776255707762557
16 0.021689497716894976 0.1308980213089802 0.0319634703196347 0.243531202435312
14 0.0867579908675799 0.2823439878234399 0.01141552511415525 0.0532724505327245
6 0.4178082191780822 0.2572298325722983 0.01598173515981735 0.060882800608828
6 0.22203196347031964 0.2465753424657534 0.017123287671232876 0.0547945205479452
12 0.15011415525114155 0.2831050228310502 0.012557077625570776 0.0334855403348554
6 0.079337899543379 0.2298325722983257 0.021689497716894976 0.045662100456621
