3 0.5 0.7313546423135464 0.997716894977169 0.5372907153729072
11 0.4691780821917808 0.4459665144596651 0.08447488584474885 0.0578386605783866
10 0.9394977168949772 0.4604261796042618 0.12100456621004566 0.1385083713850837
10 0.057648401826484015 0.3926940639269406 0.07648401826484018 0.0426179604261796
6 0.5159817351598174 0.4117199391171994 0.02054794520547945 0.0684931506849315
18 0.3955479452054795 0.4315068493150685 0.06735159817351598 0.0502283105022831
6 0.3618721461187215 0.3911719939117199 0.0136986301369863 0.0639269406392694
16 0.9417808219178082 0.2914764079147641 0.02054794520547945 0.2876712328767123
16 0.4337899543378995 0.20776255707762556 0.0228310502283105 0.4094368340943683
11 0.5702054794520548 0.4444444444444444 0.07648401826484018 0.0578386605783866
16 0.7100456621004566 0.24885844748858446 0.02054794520547945 0.4063926940639269
6 0.5742009132420092 0.4216133942161339 0.0319634703196347 0.0821917808219178
10 0.2100456621004566 0.3828006088280061 0.0365296803652968 0.0258751902587519
2 0.3299086757990868 0.2610350076103501 0.01598173515981735 0.0441400304414003
16 0.4235159817351598 0.34779299847793 0.01141552511415525 0.1263318112633181
16 0.8789954337899544 0.3919330289193303 0.0091324200913242 0.1354642313546423
8 0.2545662100456621 0.3698630136986301 0.04794520547945205 0.0273972602739726
16 0.3515981735159817 0.3036529680365297 0.01598173515981735 0.2298325722983257
10 0.1141552511415525 0.3881278538812785 0.0547945205479452 0.0365296803652968
3 0.18493150684931506 0.4368340943683409 0.3675799086757991 0.0334855403348554
6 0.4726027397260274 0.4003044140030441 0.02054794520547945 0.0395738203957382
9 0.02054794520547945 0.3774733637747336 0.03881278538812785 0.0517503805175038
2 0.4309360730593607 0.3165905631659056 0.014840182648401826 0.0334855403348554
1 0.3144977168949772 0.2595129375951294 0.014840182648401826 0.0441400304414003
10 0.16552511415525115 0.3850837138508371 0.04794520547945205 0.030441400304414
6 0.3864155251141553 0.3858447488584475 0.014840182648401826 0.0380517503805175
0 0.7751141552511416 0.3470319634703196 0.0136986301369863 0.0669710806697108
16 0.896689497716895 0.3850837138508371 0.007990867579908675 0.091324200913242
6 0.3972602739726027 0.4094368340943683 0.0228310502283105 0.0700152207001522
9 0.2882420091324201 0.3736681887366819 0.028538812785388126 0.0380517503805175
10 0.3070776255707763 0.3828006088280061 0.0273972602739726 0.0197869101978691
16 0.3704337899543379 0.3599695585996956 0.007990867579908675 0.0806697108066971
10 0.2722602739726027 0.3835616438356164 0.012557077625570776 0.015220700152207
16 0.1021689497716895 0.3219178082191781 0.007990867579908675 0.0898021308980213
10 0.00684931506849315 0.3980213089802131 0.01141552511415525 0.0380517503805175
0 0.6666666666666666 0.3614916286149163 0.0091324200913242 0.0563165905631659
0 0.6027397260273972 0.3744292237442922 0.0091324200913242 0.0426179604261796
0 0.6917808219178082 0.3614916286149163 0.01141552511415525 0.0624048706240487
