10 0.81484375 0.38405797101449274 0.0359375 0.14285714285714285
11 0.49296875 0.6190476190476191 0.1859375 0.36024844720496896
11 0.15234375 0.520703933747412 0.1390625 0.3084886128364389
9 0.728125 0.36645962732919257 0.19375 0.2277432712215321
6 0.4984375 0.4606625258799172 0.175 0.41200828157349895
6 0.15390625 0.4389233954451346 0.1359375 0.36853002070393376
6 0.828125 0.3447204968944099 0.03125 0.09730848861283643
6 0.94140625 0.3364389233954451 0.0203125 0.10559006211180125
6 0.91875 0.33229813664596275 0.028125 0.10973084886128365
6 0.96953125 0.3364389233954451 0.0234375 0.07660455486542443
6 0.8578125 0.34265010351966874 0.03125 0.10973084886128365
6 0.55625 0.3250517598343685 0.034375 0.10351966873706005
6 0.38203125 0.34886128364389235 0.0453125 0.16770186335403728
6 0.43203125 0.34575569358178054 0.0421875 0.07867494824016563
16 0.34375 0.2453416149068323 0.0375 0.4824016563146998
16 0.07421875 0.2505175983436853 0.0390625 0.4927536231884058
16 0.5875 0.2443064182194617 0.05 0.4803312629399586
16 0.88359375 0.2163561076604555 0.0359375 0.42857142857142855
16 0.696875 0.13043478260869565 0.028125 0.2567287784679089
0 0.240625 0.2971014492753623 0.0375 0.2587991718426501
0 0.28046875 0.3022774327122153 0.0390625 0.17391304347826086
0 0.0296875 0.22567287784679088 0.040625 0.4472049689440994
6 0.61484375 0.3364389233954451 0.0359375 0.12629399585921325
