3 0.5039954337899544 0.7313546423135464 0.9897260273972602 0.5372907153729072
10 0.3065068493150685 0.4474885844748858 0.21118721461187215 0.1248097412480974
6 0.5154109589041096 0.5015220700152208 0.06963470319634703 0.2694063926940639
6 0.6484018264840182 0.5136986301369864 0.07534246575342465 0.3120243531202435
6 0.5953196347031964 0.4901065449010654 0.04680365296803653 0.2252663622526636
6 0.7539954337899544 0.4969558599695586 0.08105022831050228 0.3089802130898021
10 0.4098173515981735 0.454337899543379 0.24429223744292236 0.1171993911719939
2 0.5953196347031964 0.1856925418569254 0.021689497716894976 0.0700152207001522
2 0.6421232876712328 0.19101978691019786 0.021689497716894976 0.0684931506849315
0 0.3607305936073059 0.3249619482496195 0.02511415525114155 0.1202435312024353
9 0.7928082191780822 0.3911719939117199 0.2522831050228311 0.182648401826484
11 0.940068493150685 0.4315068493150685 0.05821917808219178 0.0532724505327245
16 0.4366438356164384 0.2945205479452055 0.014840182648401826 0.1993911719939117
16 0.8361872146118722 0.2633181126331811 0.012557077625570776 0.0852359208523592
16 0.2562785388127854 0.3249619482496195 0.014840182648401826 0.1933028919330289
2 0.24600456621004566 0.3363774733637747 0.017123287671232876 0.0365296803652968
16 0.988013698630137 0.2983257229832572 0.017123287671232876 0.2678843226788432
6 0.9389269406392694 0.4170471841704718 0.028538812785388126 0.060882800608828
10 0.769406392694064 0.4398782343987823 0.18036529680365296 0.1004566210045662
10 0.5610730593607306 0.3911719939117199 0.014840182648401826 0.015220700152207
6 0.1695205479452055 0.4337899543378995 0.017123287671232876 0.0487062404870624
9 0.09417808219178082 0.3554033485540335 0.1860730593607306 0.3485540334855403
6 0.3270547945205479 0.4132420091324201 0.021689497716894976 0.0258751902587519
11 0.1284246575342466 0.4490106544901065 0.030821917808219176 0.0547945205479452
11 0.15296803652968036 0.4452054794520548 0.03424657534246575 0.0410958904109589
11 0.1980593607305936 0.4452054794520548 0.019406392694063926 0.0563165905631659
7 0.17922374429223745 0.4520547945205479 0.02054794520547945 0.045662100456621
16 0.3122146118721461 0.3051750380517504 0.017123287671232876 0.1719939117199391
10 0.5787671232876712 0.441400304414003 0.08447488584474885 0.0882800608828006
10 0.6723744292237442 0.3789954337899543 0.045662100456621 0.0426179604261796
