10 0.09607843137254903 0.12022058823529412 0.19019607843137254 0.08308823529411764
16 0.055392156862745096 0.18676470588235294 0.10882352941176471 0.3235294117647059
11 0.4200980392156863 0.12022058823529412 0.03431372549019608 0.04926470588235294
4 0.4441176470588235 0.4591911764705882 0.19215686274509805 0.26544117647058824
15 0.3362745098039216 0.3724264705882353 0.07450980392156863 0.06544117647058824
4 0.6073529411764705 0.24411764705882352 0.22450980392156863 0.18382352941176472
4 0.5490196078431373 0.3360294117647059 0.3411764705882353 0.04264705882352941
10 0.17941176470588235 0.09558823529411764 0.12549019607843137 0.058823529411764705
11 0.47401960784313724 0.09779411764705882 0.04411764705882353 0.026470588235294117
0 0.34901960784313724 0.05588235294117647 0.03137254901960784 0.09264705882352942
16 0.14705882352941177 0.07977941176470588 0.06666666666666667 0.15808823529411764
16 0.2627450980392157 0.06580882352941177 0.041176470588235294 0.13014705882352942
4 0.5406862745098039 0.5411764705882353 0.3813725490196078 0.11176470588235295
16 0.3696078431372549 0.04926470588235294 0.01764705882352941 0.09705882352941177
