6 0.6041666666666666 0.40703125 0.3625 0.5265625
6 0.3572916666666667 0.53125 0.21875 0.378125
6 0.04895833333333333 0.10703125 0.014583333333333334 0.0203125
10 0.74375 0.24296875 0.058333333333333334 0.0234375
10 0.890625 0.2265625 0.04375 0.01875
9 0.7739583333333333 0.28828125 0.08958333333333333 0.0859375
6 0.14895833333333333 0.24296875 0.05625 0.1078125
10 0.98125 0.23515625 0.0375 0.0234375
10 0.8083333333333333 0.21796875 0.0375 0.0171875
10 0.7677083333333333 0.21484375 0.027083333333333334 0.0171875
10 0.8260416666666667 0.221875 0.027083333333333334 0.015625
10 0.9364583333333333 0.2296875 0.052083333333333336 0.021875
0 0.40208333333333335 0.17734375 0.03333333333333333 0.1046875
12 0.8427083333333333 0.2671875 0.014583333333333334 0.015625
12 0.9135416666666667 0.28359375 0.014583333333333334 0.0171875
9 0.8635416666666667 0.22109375 0.04375 0.0265625
0 0.46770833333333334 0.16875 0.01875 0.1
10 0.6947916666666667 0.21015625 0.04791666666666667 0.0171875
