13 0.8432291666666667 0.5953703703703703 0.3125 0.6074074074074074
11 0.871875 0.18888888888888888 0.10104166666666667 0.17037037037037037
11 0.6794270833333333 0.1300925925925926 0.07239583333333334 0.21574074074074073
11 0.6130208333333333 0.1111111111111111 0.053125 0.22037037037037038
11 0.5122395833333333 0.10601851851851851 0.0703125 0.2101851851851852
11 0.3625 0.08935185185185185 0.052083333333333336 0.17685185185185184
11 0.15703125 0.06898148148148148 0.0765625 0.1361111111111111
11 0.078125 0.05787037037037037 0.06979166666666667 0.11388888888888889
6 0.41328125 0.053703703703703705 0.04010416666666667 0.10185185185185185
11 0.7450520833333333 0.10740740740740741 0.09322916666666667 0.17037037037037037
3 0.7453125 0.45231481481481484 0.4708333333333333 0.38796296296296295
16 0.03463541666666667 0.4777777777777778 0.06822916666666666 0.9537037037037037
16 0.9830729166666666 0.15138888888888888 0.033854166666666664 0.25277777777777777
0 0.7486979166666666 0.12222222222222222 0.0484375 0.24259259259259258
0 0.26614583333333336 0.0712962962962963 0.036458333333333336 0.14074074074074075
