3 0.4674657534246575 0.728310502283105 0.928082191780822 0.54337899543379
10 0.07990867579908675 0.4193302891933029 0.1506849315068493 0.0684931506849315
9 0.13926940639269406 0.3949771689497717 0.09360730593607305 0.0593607305936073
10 0.3264840182648402 0.3980213089802131 0.05251141552511415 0.0350076103500761
10 0.8476027397260274 0.378234398782344 0.11073059360730593 0.0350076103500761
16 0.690068493150685 0.2070015220700152 0.021689497716894976 0.4048706240487062
10 0.24942922374429224 0.3980213089802131 0.06735159817351598 0.0380517503805175
11 0.9537671232876712 0.4345509893455099 0.09018264840182648 0.0624048706240487
6 0.9594748858447488 0.4208523592085236 0.030821917808219176 0.0928462709284627
11 0.7174657534246576 0.4322678843226788 0.06506849315068493 0.0517503805175038
10 0.4035388127853881 0.3964992389649924 0.03538812785388128 0.0289193302891933
6 0.7197488584474886 0.4162861491628615 0.026255707762557076 0.0776255707762557
10 0.4492009132420091 0.3873668188736682 0.04680365296803653 0.0258751902587519
2 0.7208904109589042 0.3264840182648402 0.012557077625570776 0.0319634703196347
16 0.9697488584474886 0.19254185692541856 0.023972602739726026 0.3789954337899543
10 0.20833333333333334 0.393455098934551 0.04680365296803653 0.0289193302891933
16 0.6569634703196348 0.20319634703196346 0.017123287671232876 0.4003044140030441
10 0.4960045662100457 0.3896499238964992 0.03995433789954338 0.0213089802130898
11 0.010844748858447488 0.4459665144596651 0.019406392694063926 0.0730593607305936
16 0.030821917808219176 0.243531202435312 0.0182648401826484 0.2922374429223744
14 0.8002283105022832 0.4299847792998478 0.00684931506849315 0.0380517503805175
11 0.6621004566210046 0.4337899543378995 0.0547945205479452 0.0426179604261796
6 0.648972602739726 0.4041095890410959 0.019406392694063926 0.0441400304414003
11 0.6278538812785388 0.4284627092846271 0.02054794520547945 0.0410958904109589
14 0.7539954337899544 0.4277016742770167 0.007990867579908675 0.0395738203957382
0 0.2328767123287671 0.3668188736681887 0.0091324200913242 0.0395738203957382
16 0.8224885844748858 0.256468797564688 0.014840182648401826 0.2663622526636225
16 0.7077625570776256 0.3287671232876712 0.01598173515981735 0.1613394216133942
10 0.04908675799086758 0.380517503805175 0.0730593607305936 0.0273972602739726
0 0.2802511415525114 0.3691019786910198 0.007990867579908675 0.0410958904109589
0 0.617579908675799 0.3744292237442922 0.01141552511415525 0.0974124809741248
10 0.5234018264840182 0.3843226788432268 0.021689497716894976 0.0167427701674277
6 0.666095890410959 0.4208523592085236 0.021689497716894976 0.0654490106544901
3 0.3944063926940639 0.4193302891933029 0.3961187214611872 0.0228310502283105
10 0.5468036529680366 0.3828006088280061 0.0228310502283105 0.0167427701674277
16 0.8470319634703196 0.2861491628614916 0.01141552511415525 0.1491628614916286
