3 0.598744292237443 0.7328767123287672 0.8025114155251142 0.5342465753424658
10 0.5245433789954338 0.5083713850837138 0.4691780821917808 0.3287671232876712
10 0.8807077625570776 0.4375951293759513 0.23858447488584475 0.1293759512937595
10 0.04908675799086758 0.4208523592085236 0.0684931506849315 0.0502283105022831
1 0.08047945205479452 0.24581430745814306 0.019406392694063926 0.0532724505327245
10 0.09360730593607305 0.4132420091324201 0.045662100456621 0.0441400304414003
10 0.1461187214611872 0.4147640791476408 0.05251141552511415 0.0471841704718417
6 0.261986301369863 0.4269406392694064 0.019406392694063926 0.0715372907153729
6 0.2328767123287671 0.4269406392694064 0.0228310502283105 0.0776255707762557
10 0.738013698630137 0.4147640791476408 0.1449771689497717 0.0867579908675799
2 0.1204337899543379 0.2511415525114155 0.017123287671232876 0.045662100456621
10 0.20833333333333334 0.4033485540334855 0.033105022831050226 0.030441400304414
16 0.2916666666666667 0.3401826484018265 0.012557077625570776 0.1933028919330289
8 0.8122146118721462 0.3599695585996956 0.3527397260273973 0.1080669710806697
16 0.5998858447488584 0.3363774733637747 0.010273972602739725 0.0882800608828006
10 0.1695205479452055 0.4003044140030441 0.028538812785388126 0.0273972602739726
11 0.1917808219178082 0.426179604261796 0.02054794520547945 0.030441400304414
3 0.13470319634703196 0.4497716894977169 0.2671232876712329 0.0319634703196347
10 0.11700913242009132 0.4041095890410959 0.030821917808219176 0.0350076103500761
6 0.19292237442922375 0.4124809741248097 0.01598173515981735 0.0395738203957382
14 0.2945205479452055 0.426179604261796 0.00684931506849315 0.0334855403348554
16 0.3127853881278539 0.3675799086757991 0.0091324200913242 0.0898021308980213
1 0.3207762557077626 0.3447488584474886 0.0136986301369863 0.0319634703196347
16 0.4486301369863014 0.1902587519025875 0.0182648401826484 0.3622526636225266
10 0.839041095890411 0.408675799086758 0.1917808219178082 0.0989345509893455
