10 0.10859375 0.5822916666666667 0.2140625 0.15625
10 0.81328125 0.6177083333333333 0.1203125 0.13125
8 0.51796875 0.490625 0.4921875 0.83125
6 0.8484375 0.5635416666666667 0.0375 0.08541666666666667
6 0.3796875 0.5635416666666667 0.06875 0.06875
6 0.790625 0.5510416666666667 0.03125 0.06875
6 0.1734375 0.5333333333333333 0.034375 0.08333333333333333
6 0.94296875 0.565625 0.0171875 0.04375
10 0.078125 0.4864583333333333 0.153125 0.08541666666666667
5 0.975 0.25833333333333336 0.05 0.17916666666666667
16 0.940625 0.325 0.0375 0.6458333333333334
