3 0.6307077625570776 0.6811263318112634 0.7385844748858448 0.6316590563165906
10 0.7454337899543378 0.4931506849315068 0.5068493150684932 0.4657534246575342
10 0.4828767123287671 0.3371385083713851 0.1917808219178082 0.1019786910197869
10 0.13356164383561644 0.3203957382039574 0.22602739726027396 0.1141552511415525
10 0.1329908675799087 0.4277016742770167 0.2636986301369863 0.2526636225266362
16 0.04452054794520548 0.18949771689497716 0.02511415525114155 0.2176560121765601
16 0.9714611872146118 0.13470319634703196 0.02968036529680365 0.2633181126331811
1 0.7054794520547946 0.11035007610350075 0.0228310502283105 0.0624048706240487
1 0.7796803652968036 0.11948249619482496 0.02054794520547945 0.0593607305936073
16 0.8441780821917808 0.2024353120243531 0.012557077625570776 0.121765601217656
16 0.3904109589041096 0.16971080669710806 0.0182648401826484 0.3333333333333333
6 0.3219178082191781 0.319634703196347 0.0182648401826484 0.0578386605783866
1 0.2785388127853881 0.2450532724505327 0.01141552511415525 0.0334855403348554
6 0.3042237442922374 0.3226788432267884 0.017123287671232876 0.0578386605783866
16 0.19121004566210045 0.13926940639269406 0.017123287671232876 0.2480974124809741
10 0.034817351598173514 0.5616438356164384 0.06735159817351598 0.2343987823439878
16 0.9292237442922374 0.23211567732115676 0.01141552511415525 0.0593607305936073
7 0.3184931506849315 0.3409436834094368 0.0228310502283105 0.030441400304414
10 0.3264840182648402 0.3135464231354642 0.0547945205479452 0.0487062404870624
6 0.3573059360730594 0.3181126331811263 0.0136986301369863 0.0547945205479452
6 0.3664383561643836 0.3158295281582953 0.0136986301369863 0.0532724505327245
0 0.4452054794520548 0.2694063926940639 0.0136986301369863 0.0821917808219178
6 0.3772831050228311 0.3165905631659056 0.012557077625570776 0.0547945205479452
14 0.3441780821917808 0.3401826484018265 0.005707762557077625 0.0289193302891933
0 0.7608447488584474 0.2343987823439878 0.012557077625570776 0.0578386605783866
16 0.9931506849315068 0.2161339421613394 0.0136986301369863 0.1095890410958904
16 0.3453196347031963 0.2557077625570776 0.010273972602739725 0.076103500761035
