11 0.222 0.7514970059880239 0.204 0.46706586826347307
11 0.727 0.7829341317365269 0.242 0.38023952095808383
8 0.953 0.3502994011976048 0.094 0.2694610778443114
6 0.249 0.28892215568862273 0.246 0.3502994011976048
6 0.742 0.4281437125748503 0.308 0.437125748502994
9 0.667 0.18413173652694612 0.266 0.344311377245509
6 0.906 0.4296407185628742 0.04 0.24850299401197604
6 0.498 0.36227544910179643 0.06 0.2215568862275449
6 0.096 0.3772455089820359 0.088 0.19161676646706588
6 0.661 0.531437125748503 0.406 0.8053892215568862
6 0.287 0.5029940119760479 0.354 0.7544910179640718
