7 0.669 0.9066666666666666 0.29 0.18133333333333335
7 0.598 0.8933333333333333 0.144 0.18666666666666668
7 0.73 0.888 0.216 0.224
7 0.56 0.7813333333333333 0.116 0.13333333333333333
10 0.259 0.716 0.334 0.14666666666666667
10 0.337 0.6453333333333333 0.186 0.08
10 0.188 0.6413333333333333 0.116 0.07733333333333334
6 0.64 0.6866666666666666 0.06 0.168
6 0.693 0.7053333333333334 0.082 0.15733333333333333
7 0.433 0.7853333333333333 0.05 0.13066666666666665
7 0.691 0.756 0.034 0.072
10 0.341 0.672 0.186 0.08533333333333333
10 0.115 0.6426666666666667 0.082 0.08533333333333333
16 0.486 0.45066666666666666 0.072 0.896
0 0.549 0.636 0.026 0.16266666666666665
