11 0.8107843137254902 0.4904411764705882 0.3784313725490196 0.3014705882352941
4 0.5936274509803922 0.6761029411764706 0.46176470588235297 0.6448529411764706
6 0.2142156862745098 0.30330882352941174 0.03431372549019608 0.06838235294117648
0 0.8598039215686275 0.2639705882352941 0.041176470588235294 0.08970588235294118
6 0.43970588235294117 0.3044117647058823 0.028431372549019607 0.057352941176470586
6 0.34558823529411764 0.3088235294117647 0.026470588235294117 0.052941176470588235
11 0.5897058823529412 0.33786764705882355 0.11862745098039215 0.0713235294117647
16 0.6509803921568628 0.25 0.03725490196078431 0.20294117647058824
0 0.7887254901960784 0.30514705882352944 0.06568627450980392 0.2514705882352941
0 0.7083333333333334 0.26323529411764707 0.030392156862745098 0.058823529411764705
10 0.307843137254902 0.2988970588235294 0.050980392156862744 0.025735294117647058
0 0.38823529411764707 0.28161764705882353 0.021568627450980392 0.07058823529411765
10 0.3872549019607843 0.3014705882352941 0.06666666666666667 0.025
0 0.5676470588235294 0.2761029411764706 0.03333333333333333 0.06691176470588235
0 0.6769607843137255 0.2716911764705882 0.024509803921568627 0.04044117647058824
6 0.4598039215686274 0.2926470588235294 0.013725490196078431 0.023529411764705882
0 0.3980392156862745 0.28161764705882353 0.01764705882352941 0.061764705882352944
11 0.5122549019607843 0.3165441176470588 0.03235294117647059 0.03602941176470588
6 0.48137254901960785 0.2897058823529412 0.01764705882352941 0.01764705882352941
11 0.6460784313725491 0.3610294117647059 0.17254901960784313 0.10735294117647058
18 0.48333333333333334 0.3154411764705882 0.0392156862745098 0.033823529411764704
