10 0.3411764705882353 0.23676470588235293 0.2549019607843137 0.11029411764705882
9 0.5480392156862746 0.16911764705882354 0.1607843137254902 0.08235294117647059
16 0.20833333333333334 0.2713235294117647 0.18137254901960784 0.5397058823529411
3 0.1818627450980392 0.43125 0.36176470588235293 0.20808823529411766
4 0.4647058823529412 0.6466911764705883 0.5254901960784314 0.700735294117647
8 0.7470588235294118 0.15036764705882352 0.1392156862745098 0.09191176470588236
6 0.7769607843137255 0.19926470588235295 0.04019607843137255 0.054411764705882354
11 0.16029411764705884 0.20551470588235293 0.03627450980392157 0.025735294117647058
11 0.9196078431372549 0.2125 0.08431372549019608 0.052941176470588235
11 0.7730392156862745 0.2139705882352941 0.07352941176470588 0.05
16 0.8034313725490196 0.19448529411764706 0.028431372549019607 0.12573529411764706
5 0.10931372549019608 0.14669117647058824 0.020588235294117647 0.015441176470588236
6 0.9220588235294118 0.19595588235294117 0.03823529411764706 0.05661764705882353
6 0.16225490196078432 0.19411764705882353 0.022549019607843137 0.033823529411764704
16 0.10637254901960784 0.1411764705882353 0.030392156862745098 0.11323529411764706
11 0.03823529411764706 0.1963235294117647 0.013725490196078431 0.01911764705882353
6 0.4279411764705882 0.18529411764705883 0.020588235294117647 0.030882352941176472
6 0.9862745098039216 0.28602941176470587 0.025490196078431372 0.21176470588235294
11 0.42696078431372547 0.19558823529411765 0.03431372549019608 0.022058823529411766
10 0.8681372549019608 0.17647058823529413 0.11666666666666667 0.03529411764705882
1 0.23970588235294119 0.1514705882352941 0.012745098039215686 0.016176470588235296
11 0.007352941176470588 0.20588235294117646 0.012745098039215686 0.023529411764705882
6 0.020588235294117647 0.18676470588235294 0.01568627450980392 0.020588235294117647
16 0.865686274509804 0.13455882352941176 0.01764705882352941 0.052941176470588235
10 0.4568627450980392 0.1875 0.03137254901960784 0.027941176470588237
6 0.03235294117647059 0.1875 0.01764705882352941 0.023529411764705882
16 0.05196078431372549 0.14779411764705883 0.025490196078431372 0.08235294117647059
14 0.5313725490196078 0.19963235294117648 0.00784313725490196 0.027205882352941177
11 0.025490196078431372 0.19705882352941176 0.01568627450980392 0.014705882352941176
