3 0.5005707762557078 0.6735159817351598 0.9965753424657534 0.6316590563165906
6 0.922945205479452 0.4961948249619482 0.1404109589041096 0.4627092846270928
0 0.4897260273972603 0.2465753424657534 0.0228310502283105 0.1917808219178082
11 0.5753424657534246 0.3417047184170472 0.0776255707762557 0.0624048706240487
11 0.839041095890411 0.3554033485540335 0.0776255707762557 0.0624048706240487
11 0.091324200913242 0.3158295281582953 0.0365296803652968 0.0319634703196347
0 0.7842465753424658 0.2519025875190259 0.0365296803652968 0.2115677321156773
6 0.7420091324200914 0.3318112633181126 0.03424657534246575 0.1035007610350076
6 0.5781963470319634 0.3302891933028919 0.030821917808219176 0.0882800608828006
6 0.4703196347031963 0.3082191780821918 0.0182648401826484 0.0624048706240487
6 0.3162100456621005 0.3158295281582953 0.02511415525114155 0.0624048706240487
2 0.271689497716895 0.2085235920852359 0.0182648401826484 0.0487062404870624
16 0.2831050228310502 0.20015220700152206 0.01598173515981735 0.2480974124809741
11 0.7363013698630136 0.350076103500761 0.08447488584474885 0.0639269406392694
10 0.4480593607305936 0.2899543378995434 0.03538812785388128 0.0258751902587519
6 0.8430365296803652 0.3356164383561644 0.03995433789954338 0.0989345509893455
2 0.3641552511415525 0.21689497716894976 0.0136986301369863 0.0350076103500761
0 0.1158675799086758 0.273972602739726 0.014840182648401826 0.0730593607305936
7 0.3150684931506849 0.3340943683409437 0.05251141552511415 0.0441400304414003
1 0.6815068493150684 0.15905631659056316 0.02511415525114155 0.0928462709284627
6 0.5057077625570776 0.3082191780821918 0.0136986301369863 0.0624048706240487
6 0.958904109589041 0.3089802130898021 0.03424657534246575 0.0578386605783866
16 0.7003424657534246 0.2161339421613394 0.017123287671232876 0.2252663622526636
11 0.6957762557077626 0.3447488584474886 0.03767123287671233 0.0654490106544901
3 0.1660958904109589 0.3485540334855403 0.3299086757990868 0.0334855403348554
0 0.06278538812785388 0.2686453576864536 0.0182648401826484 0.0867579908675799
6 0.0930365296803653 0.3036529680365297 0.017123287671232876 0.0410958904109589
10 0.25 0.3006088280060883 0.04794520547945205 0.0380517503805175
7 0.9628995433789954 0.3493150684931507 0.04680365296803653 0.0624048706240487
0 0.3270547945205479 0.258751902587519 0.014840182648401826 0.0974124809741248
16 0.3670091324200913 0.2876712328767123 0.010273972602739725 0.106544901065449
6 0.7208904109589042 0.3287671232876712 0.023972602739726026 0.0791476407914764
19 0.019406392694063926 0.3059360730593607 0.0136986301369863 0.0243531202435312
6 0.3909817351598174 0.2968036529680365 0.007990867579908675 0.0243531202435312
0 0.1541095890410959 0.2747336377473364 0.01141552511415525 0.0563165905631659
16 0.7203196347031964 0.1537290715372907 0.02511415525114155 0.30441400304414
