10 0.258 0.7024922118380063 0.512 0.5950155763239875
10 0.297 0.5280373831775701 0.342 0.21495327102803738
10 0.135 0.397196261682243 0.038 0.040498442367601244
6 0.233 0.48598130841121495 0.05 0.08722741433021806
6 0.783 0.411214953271028 0.03 0.04984423676012461
6 0.268 0.4766355140186916 0.036 0.056074766355140186
10 0.191 0.3691588785046729 0.038 0.021806853582554516
19 0.992 0.470404984423676 0.016 0.04984423676012461
16 0.426 0.7180685358255452 0.052 0.5638629283489096
0 0.959 0.4143302180685358 0.05 0.2616822429906542
