10 0.5930365296803652 0.3508371385083714 0.3025114155251142 0.1933028919330289
10 0.20947488584474885 0.5532724505327246 0.4166666666666667 0.4885844748858447
10 0.96175799086758 0.3143074581430746 0.07648401826484018 0.1171993911719939
10 0.875 0.3051750380517504 0.10844748858447488 0.0837138508371385
0 0.3710045662100457 0.24885844748858446 0.0502283105022831 0.2663622526636225
2 0.6284246575342466 0.15753424657534246 0.023972602739726026 0.0684931506849315
6 0.3470319634703196 0.3226788432267884 0.03424657534246575 0.1035007610350076
3 0.4480593607305936 0.693302891933029 0.8938356164383562 0.5920852359208524
3 0.860730593607306 0.3744292237442922 0.2762557077625571 0.0487062404870624
10 0.769406392694064 0.3105022831050228 0.07534246575342465 0.0791476407914764
2 0.5405251141552512 0.19558599695585996 0.019406392694063926 0.0471841704718417
6 0.8070776255707762 0.3120243531202435 0.02968036529680365 0.091324200913242
6 0.24429223744292236 0.3378995433789954 0.0273972602739726 0.1004566210045662
6 0.5199771689497716 0.2861491628614916 0.019406392694063926 0.0334855403348554
11 0.4218036529680365 0.3584474885844749 0.04680365296803653 0.0715372907153729
16 0.9800228310502284 0.13318112633181126 0.021689497716894976 0.2633181126331811
6 0.22945205479452055 0.3333333333333333 0.02511415525114155 0.1156773211567732
6 0.8304794520547946 0.3150684931506849 0.033105022831050226 0.0852359208523592
6 0.4954337899543379 0.2929984779299848 0.0182648401826484 0.0319634703196347
0 0.7328767123287672 0.2328767123287671 0.0136986301369863 0.0578386605783866
6 0.4195205479452055 0.3226788432267884 0.03538812785388128 0.091324200913242
0 0.5724885844748858 0.2100456621004566 0.021689497716894976 0.1004566210045662
6 0.4634703196347032 0.2884322678843227 0.01598173515981735 0.0289193302891933
0 0.015410958904109588 0.23515981735159816 0.028538812785388126 0.1659056316590563
6 0.4275114155251142 0.2975646879756469 0.021689497716894976 0.0502283105022831
11 0.16837899543378995 0.3371385083713851 0.04452054794520548 0.0624048706240487
6 0.5365296803652968 0.273972602739726 0.0136986301369863 0.0213089802130898
6 0.9554794520547946 0.2762557077625571 0.01141552511415525 0.0228310502283105
10 0.7534246575342466 0.2747336377473364 0.04794520547945205 0.0319634703196347
6 0.2197488584474886 0.3401826484018265 0.04452054794520548 0.0989345509893455
7 0.2134703196347032 0.3531202435312024 0.0410958904109589 0.0730593607305936
