16 0.53125 0.153921568627451 0.05220588235294118 0.3058823529411765
0 0.4772058823529412 0.10441176470588236 0.025 0.1264705882352941
0 0.26433823529411765 0.08774509803921568 0.011029411764705883 0.06764705882352941
11 0.2911764705882353 0.14607843137254903 0.04264705882352941 0.047058823529411764
10 0.43419117647058825 0.14215686274509803 0.06691176470588235 0.045098039215686274
6 0.1889705882352941 0.13970588235294118 0.03676470588235294 0.10686274509803921
11 0.18786764705882353 0.15588235294117647 0.03455882352941177 0.08431372549019608
0 0.3327205882352941 0.07303921568627451 0.013970588235294118 0.1303921568627451
11 0.3915441176470588 0.17205882352941176 0.06397058823529411 0.059803921568627454
10 0.775 0.17009803921568628 0.052941176470588235 0.026470588235294117
11 0.3503676470588235 0.1588235294117647 0.04632352941176471 0.054901960784313725
16 0.5977941176470588 0.10833333333333334 0.010294117647058823 0.0892156862745098
10 0.1400735294117647 0.08872549019607844 0.021323529411764706 0.020588235294117647
10 0.5830882352941177 0.14068627450980392 0.045588235294117645 0.022549019607843137
4 0.4007352941176471 0.6416666666666667 0.21764705882352942 0.7166666666666667
11 0.37022058823529413 0.16225490196078432 0.05808823529411765 0.059803921568627454
16 0.43566176470588236 0.11519607843137254 0.008088235294117648 0.08725490196078431
