6 0.908125 0.12416666666666666 0.08075 0.17766666666666667
11 0.898125 0.15933333333333333 0.12225 0.162
6 0.561 0.10766666666666666 0.015 0.026
6 0.56975 0.10383333333333333 0.009 0.023666666666666666
6 0.456 0.126 0.0115 0.04466666666666667
13 0.440875 0.13483333333333333 0.01925 0.027666666666666666
13 0.389875 0.238 0.10375 0.144
15 0.683875 0.5463333333333333 0.11775 0.188
15 0.52225 0.3865 0.0745 0.113
15 0.452 0.309 0.053 0.08333333333333333
6 0.207625 0.15933333333333333 0.02325 0.072
6 0.32125 0.11733333333333333 0.013 0.018666666666666668
0 0.070125 0.11583333333333333 0.03775 0.147
0 0.38475 0.088 0.0345 0.17533333333333334
0 0.325875 0.07183333333333333 0.03225 0.12766666666666668
0 0.59325 0.06516666666666666 0.012 0.09566666666666666
6 0.22375 0.14283333333333334 0.01 0.034333333333333334
6 0.235125 0.14366666666666666 0.01175 0.03266666666666666
6 0.874375 0.12633333333333333 0.04375 0.16666666666666666
0 0.676875 0.06966666666666667 0.01525 0.08933333333333333
0 0.8305 0.049 0.019 0.09733333333333333
0 0.9195 0.04733333333333333 0.022 0.094
0 0.7515 0.06016666666666667 0.0135 0.061
0 0.734 0.06566666666666666 0.012 0.09066666666666667
0 0.294375 0.1045 0.01425 0.050333333333333334
0 0.722625 0.06383333333333334 0.01025 0.08233333333333333
