8 0.81875 0.7041666666666667 0.090625 0.08333333333333333
6 0.471875 0.6614583333333334 0.009375 0.027083333333333334
6 0.98046875 0.6302083333333334 0.0078125 0.022916666666666665
6 0.95390625 0.6333333333333333 0.0078125 0.016666666666666666
6 0.90234375 0.6333333333333333 0.0109375 0.020833333333333332
6 0.91953125 0.6302083333333334 0.0109375 0.022916666666666665
6 0.3578125 0.6583333333333333 0.0125 0.03333333333333333
10 0.76640625 0.8479166666666667 0.0671875 0.041666666666666664
10 0.87578125 0.8604166666666667 0.0546875 0.04583333333333333
10 0.890625 0.8822916666666667 0.065625 0.052083333333333336
10 0.840625 0.825 0.075 0.0375
10 0.6296875 0.85 0.075 0.05
10 0.971875 0.8822916666666667 0.040625 0.05625
10 0.79140625 0.8052083333333333 0.0578125 0.035416666666666666
10 0.7078125 0.85 0.059375 0.05
10 0.97421875 0.7458333333333333 0.0515625 0.041666666666666664
10 0.93984375 0.88125 0.0671875 0.05416666666666667
10 0.83671875 0.80625 0.0546875 0.029166666666666667
10 0.89375 0.8135416666666667 0.065625 0.03958333333333333
6 0.5671875 0.6427083333333333 0.009375 0.027083333333333334
10 0.8203125 0.853125 0.0625 0.035416666666666666
8 0.56796875 0.83125 0.0796875 0.058333333333333334
6 0.36875 0.659375 0.009375 0.03125
6 0.58125 0.6416666666666667 0.009375 0.029166666666666667
6 0.559375 0.6427083333333333 0.009375 0.022916666666666665
6 0.4546875 0.6635416666666667 0.009375 0.022916666666666665
6 0.39921875 0.6541666666666667 0.0109375 0.03333333333333333
6 0.4125 0.6572916666666667 0.0125 0.035416666666666666
6 0.53203125 0.6541666666666667 0.0109375 0.03333333333333333
6 0.51875 0.6572916666666667 0.0125 0.035416666666666666
6 0.503125 0.659375 0.0125 0.03958333333333333
16 0.0890625 0.8864583333333333 0.01875 0.21875
16 0.54296875 0.8645833333333334 0.0171875 0.1875
10 0.94375 0.8135416666666667 0.040625 0.035416666666666666
10 0.9765625 0.8135416666666667 0.0375 0.035416666666666666
10 0.93125 0.6322916666666667 0.015625 0.022916666666666665
6 0.8078125 0.6354166666666666 0.0125 0.029166666666666667
