15 0.424875 0.6028888888888889 0.07975 0.13111111111111112
15 0.375625 0.44755555555555554 0.03725 0.06755555555555555
12 0.46675 0.4855555555555556 0.027 0.07955555555555556
6 0.428625 0.35088888888888886 0.02075 0.07866666666666666
6 0.406375 0.354 0.01525 0.07511111111111111
6 0.344375 0.36244444444444446 0.02025 0.08488888888888889
11 0.278375 0.398 0.08675 0.1
15 0.230375 0.45911111111111114 0.03675 0.060444444444444446
15 0.178125 0.618 0.07975 0.13644444444444445
10 0.07075 0.5195555555555555 0.138 0.21955555555555556
11 0.087125 0.7277777777777777 0.16825 0.39511111111111114
12 0.658 0.48088888888888887 0.0275 0.08
11 0.611625 0.3695555555555556 0.04225 0.10444444444444445
4 0.205875 0.8257777777777778 0.19225 0.33955555555555555
0 0.064375 0.27755555555555556 0.04575 0.332
0 0.201 0.33266666666666667 0.0575 0.31866666666666665
0 0.274875 0.2862222222222222 0.04725 0.31733333333333336
