5 0.6389728096676737 0.265 0.49244712990936557 0.338
10 0.4516616314199396 0.852 0.1540785498489426 0.088
9 0.29607250755287007 0.86 0.26586102719033233 0.104
10 0.8836858006042296 0.836 0.0634441087613293 0.032
10 0.7688821752265861 0.836 0.08761329305135952 0.056
10 0.7462235649546828 0.843 0.04833836858006042 0.046
10 0.8066465256797583 0.831 0.09667673716012085 0.054
10 0.5422960725075529 0.852 0.0513595166163142 0.056
10 0.8640483383685801 0.84 0.02416918429003021 0.028
10 0.9274924471299094 0.903 0.14501510574018128 0.134
16 0.6435045317220544 0.854 0.18126888217522658 0.292
3 0.5015105740181269 0.973 0.9969788519637462 0.054
5 0.620845921450151 0.626 0.20241691842900303 0.14
