9 0.57109375 0.7488262910798122 0.3234375 0.19248826291079812
6 0.409375 0.6396713615023474 0.0125 0.02112676056338028
6 0.3734375 0.6197183098591549 0.021875 0.09389671361502347
6 0.728125 0.9471830985915493 0.040625 0.10093896713615023
6 0.75078125 0.9448356807511737 0.0578125 0.11032863849765258
6 0.6671875 0.9495305164319249 0.040625 0.10093896713615023
6 0.56171875 0.9518779342723005 0.0546875 0.09154929577464789
6 0.45390625 0.9624413145539906 0.0578125 0.07042253521126761
6 0.3875 0.9589201877934272 0.046875 0.08215962441314555
6 0.5109375 0.9507042253521126 0.071875 0.09859154929577464
6 0.88984375 0.9295774647887324 0.0578125 0.09389671361502347
6 0.17421875 0.6619718309859155 0.0171875 0.046948356807511735
6 0.9390625 0.9178403755868545 0.04375 0.10328638497652583
6 0.85078125 0.9366197183098591 0.0484375 0.1267605633802817
16 0.88515625 0.4096244131455399 0.0390625 0.8145539906103286
16 0.64140625 0.37089201877934275 0.0265625 0.4084507042253521
16 0.253125 0.4131455399061033 0.0375 0.4694835680751174
6 0.275 0.9671361502347418 0.06875 0.06572769953051644
6 0.88671875 0.9694835680751174 0.0421875 0.06103286384976526
6 0.9625 0.9636150234741784 0.04375 0.07276995305164319
6 0.07578125 0.6807511737089202 0.0296875 0.07981220657276995
6 0.19609375 0.6854460093896714 0.0296875 0.07042253521126761
6 0.1640625 0.6901408450704225 0.03125 0.06572769953051644
6 0.14140625 0.687793427230047 0.0234375 0.07042253521126761
6 0.3109375 0.7370892018779343 0.040625 0.14553990610328638
6 0.23046875 0.6866197183098591 0.0328125 0.06338028169014084
6 0.275 0.6866197183098591 0.025 0.06807511737089202
6 0.04765625 0.6842723004694836 0.0265625 0.05868544600938967
6 0.08203125 0.602112676056338 0.0234375 0.07746478873239436
6 0.10625 0.6431924882629108 0.034375 0.06572769953051644
6 0.1296875 0.5997652582159625 0.021875 0.07746478873239436
6 0.15546875 0.5915492957746479 0.0328125 0.07042253521126761
6 0.215625 0.6091549295774648 0.03125 0.08215962441314555
6 0.27890625 0.6091549295774648 0.0265625 0.07276995305164319
6 0.33828125 0.6103286384976526 0.0234375 0.07981220657276995
6 0.35546875 0.6185446009389671 0.0265625 0.09154929577464789
6 0.0125 0.6244131455399061 0.021875 0.046948356807511735
6 0.05859375 0.6255868544600939 0.0296875 0.0539906103286385
16 0.18515625 0.49061032863849763 0.0109375 0.15023474178403756
6 0.33671875 0.6901408450704225 0.0265625 0.056338028169014086
6 0.38046875 0.676056338028169 0.0265625 0.056338028169014086
6 0.41484375 0.6842723004694836 0.0296875 0.06807511737089202
6 0.446875 0.6807511737089202 0.034375 0.07042253521126761
6 0.471875 0.6666666666666666 0.021875 0.06103286384976526
6 0.72265625 0.6549295774647887 0.0265625 0.08450704225352113
6 0.33046875 0.9624413145539906 0.0515625 0.07511737089201878
6 0.71171875 0.9495305164319249 0.0484375 0.10093896713615023
6 0.65703125 0.9694835680751174 0.0546875 0.06103286384976526
6 0.5953125 0.9460093896713615 0.05625 0.10328638497652583
6 0.98359375 0.9049295774647887 0.0328125 0.1431924882629108
