10 0.53359375 0.7406542056074766 0.0359375 0.04205607476635514
10 0.8046875 0.7289719626168224 0.0375 0.04672897196261682
10 0.85234375 0.7324766355140186 0.0265625 0.035046728971962614
10 0.5828125 0.7336448598130841 0.021875 0.028037383177570093
19 0.2859375 0.7593457943925234 0.015625 0.056074766355140186
16 0.37109375 0.5619158878504673 0.0140625 0.42757009345794394
16 0.90546875 0.4848130841121495 0.0265625 0.5490654205607477
16 0.884375 0.7523364485981309 0.015625 0.16355140186915887
16 0.92421875 0.5245327102803738 0.0234375 0.36682242990654207
16 0.89296875 0.7476635514018691 0.0171875 0.14953271028037382
16 0.8234375 0.5315420560747663 0.0125 0.26401869158878505
