3 0.3938356164383562 0.7199391171993912 0.7853881278538812 0.5570776255707762
10 0.06335616438356165 0.3439878234398782 0.08789954337899543 0.0365296803652968
14 0.922945205479452 0.3896499238964992 0.023972602739726026 0.0821917808219178
2 0.4960045662100457 0.1917808219178082 0.023972602739726026 0.0669710806697108
16 0.7254566210045662 0.2960426179604262 0.021689497716894976 0.2815829528158295
16 0.24600456621004566 0.20167427701674276 0.03538812785388128 0.4003044140030441
2 0.2939497716894977 0.21841704718417046 0.012557077625570776 0.0350076103500761
16 0.4845890410958904 0.2853881278538813 0.017123287671232876 0.2815829528158295
2 0.2819634703196347 0.2176560121765601 0.0136986301369863 0.0365296803652968
14 0.805365296803653 0.3729071537290715 0.017123287671232876 0.0821917808219178
16 0.23515981735159816 0.3089802130898021 0.02054794520547945 0.1704718417047184
5 0.2243150684931507 0.20167427701674276 0.021689497716894976 0.0532724505327245
