16 0.6378676470588235 0.2857843137254902 0.013970588235294118 0.11862745098039215
16 0.048161764705882355 0.1553921568627451 0.04191176470588235 0.30686274509803924
3 0.37022058823529413 0.4215686274509804 0.4213235294117647 0.12745098039215685
0 0.47757352941176473 0.21323529411764705 0.015441176470588236 0.07941176470588235
13 0.6227941176470588 0.2950980392156863 0.030882352941176472 0.047058823529411764
0 0.29301470588235295 0.22450980392156863 0.02426470588235294 0.11176470588235295
0 0.4345588235294118 0.19264705882352942 0.013235294117647059 0.06764705882352941
0 0.56875 0.22009803921568627 0.015441176470588236 0.07156862745098039
0 0.9569852941176471 0.2446078431372549 0.03602941176470588 0.11470588235294117
0 0.7363970588235295 0.23970588235294119 0.03455882352941177 0.10686274509803921
3 0.7121323529411765 0.6926470588235294 0.575735294117647 0.37745098039215685
