14 0.30950141110065854 0.4798136645962733 0.01881467544684854 0.15838509316770186
14 0.5239887111947319 0.391304347826087 0.01881467544684854 0.12422360248447205
14 0.6556914393226717 0.3299689440993789 0.016933207902163686 0.10093167701863354
14 0.738005644402634 0.2981366459627329 0.014111006585136407 0.08385093167701864
14 0.7949200376293509 0.27096273291925466 0.01317027281279398 0.07608695652173914
14 0.8428974600188147 0.24456521739130435 0.007525870178739417 0.04503105590062112
10 0.5268109125117592 0.7950310559006211 0.5004703668861712 0.40993788819875776
14 0.8838193791157103 0.2406832298136646 0.012229539040451553 0.059006211180124224
14 0.9125117591721543 0.22903726708074534 0.011288805268109126 0.05434782608695652
14 0.9393226716839135 0.21894409937888198 0.008466603951081843 0.046583850931677016
10 0.9487300094073378 0.16459627329192547 0.023518344308560677 0.018633540372670808
10 0.9073377234242709 0.19332298136645962 0.04045155221072436 0.029503105590062112
10 0.8621825023518345 0.17857142857142858 0.04045155221072436 0.037267080745341616
10 0.7704609595484478 0.21972049689440995 0.07714016933207903 0.05745341614906832
9 0.7455315145813735 0.17313664596273293 0.09689557855126998 0.10714285714285714
16 0.3029162746942615 0.08152173913043478 0.00940733772342427 0.15683229813664595
16 0.6119473189087489 0.08152173913043478 0.008466603951081843 0.15993788819875776
