14 0.6605902777777778 0.6970486111111112 0.1684027777777778 0.1545138888888889
14 0.4409722222222222 0.5212673611111112 0.08333333333333333 0.09461805555555555
14 0.3524305555555556 0.4296875 0.059027777777777776 0.06944444444444445
14 0.3003472222222222 0.3806423611111111 0.04861111111111111 0.05295138888888889
12 0.4921875 0.4995659722222222 0.07465277777777778 0.1015625
12 0.7986111111111112 0.4921875 0.10416666666666667 0.09027777777777778
12 0.2743055555555556 0.3511284722222222 0.052083333333333336 0.05295138888888889
14 0.19618055555555555 0.3151041666666667 0.024305555555555556 0.03125
11 0.3394097222222222 0.3046875 0.11979166666666667 0.08159722222222222
12 0.4375 0.3090277777777778 0.020833333333333332 0.022569444444444444
6 0.11371527777777778 0.24696180555555555 0.036458333333333336 0.035590277777777776
10 0.14322916666666666 0.2421875 0.057291666666666664 0.03298611111111111
14 0.1909722222222222 0.2634548611111111 0.010416666666666666 0.013020833333333334
12 0.8472222222222222 0.5130208333333334 0.12152777777777778 0.10416666666666667
