16 0.56328125 0.8458333333333333 0.0234375 0.175
16 0.14296875 0.5989583333333334 0.0171875 0.12708333333333333
12 0.6890625 0.93125 0.0375 0.08333333333333333
12 0.54609375 0.928125 0.0359375 0.07291666666666667
2 0.5625 0.6833333333333333 0.025 0.09166666666666666
2 0.01015625 0.6739583333333333 0.0171875 0.08541666666666667
2 0.146875 0.49270833333333336 0.025 0.06041666666666667
16 0.0203125 0.8 0.01875 0.1875
16 0.6046875 0.5395833333333333 0.04375 0.8583333333333333
6 0.7890625 0.50625 0.021875 0.05416666666666667
