6 0.5742009132420092 0.4611872146118721 0.1141552511415525 0.3318112633181126
6 0.8356164383561644 0.6948249619482496 0.2374429223744292 0.6103500761035008
6 0.03995433789954338 0.3447488584474886 0.07534246575342465 0.1750380517503805
10 0.23515981735159816 0.2929984779299848 0.1415525114155251 0.0684931506849315
10 0.5473744292237442 0.3242009132420091 0.16552511415525115 0.0669710806697108
16 0.8538812785388128 0.2024353120243531 0.0365296803652968 0.2831050228310502
7 0.4160958904109589 0.3531202435312024 0.06963470319634703 0.0547945205479452
2 0.8264840182648402 0.2009132420091324 0.0319634703196347 0.0882800608828006
10 0.1495433789954338 0.3143074581430746 0.2968036529680365 0.1293759512937595
10 0.632420091324201 0.3165905631659056 0.05251141552511415 0.0578386605783866
6 0.4200913242009132 0.3272450532724505 0.02968036529680365 0.076103500761035
10 0.3276255707762557 0.6757990867579908 0.6529680365296804 0.6453576864535768
10 0.4383561643835616 0.3006088280060883 0.0547945205479452 0.0593607305936073
6 0.3818493150684932 0.2945205479452055 0.019406392694063926 0.0654490106544901
16 0.1969178082191781 0.16666666666666666 0.019406392694063926 0.2450532724505327
0 0.12557077625570776 0.213089802130898 0.0228310502283105 0.091324200913242
5 0.20205479452054795 0.14687975646879756 0.0228310502283105 0.0471841704718417
6 0.821917808219178 0.3607305936073059 0.0365296803652968 0.0852359208523592
7 0.625 0.3614916286149163 0.03538812785388128 0.0502283105022831
16 0.589041095890411 0.14687975646879756 0.0228310502283105 0.2876712328767123
10 0.6929223744292238 0.3120243531202435 0.04794520547945205 0.0334855403348554
10 0.9680365296803652 0.3363774733637747 0.0639269406392694 0.0517503805175038
7 0.8133561643835616 0.3873668188736682 0.06735159817351598 0.0593607305936073
7 0.9440639269406392 0.3843226788432268 0.02968036529680365 0.0532724505327245
10 0.740296803652968 0.3333333333333333 0.1541095890410959 0.0547945205479452
7 0.9703196347031964 0.3858447488584475 0.02968036529680365 0.0532724505327245
1 0.547945205479452 0.2237442922374429 0.01598173515981735 0.045662100456621
3 0.4257990867579909 0.6834094368340944 0.8493150684931506 0.6301369863013698
7 0.6621004566210046 0.3637747336377473 0.0228310502283105 0.0487062404870624
14 0.3858447488584475 0.3424657534246575 0.0091324200913242 0.0487062404870624
7 0.6917808219178082 0.3660578386605784 0.0228310502283105 0.0502283105022831
11 0.9908675799086758 0.3858447488584475 0.0182648401826484 0.0593607305936073
7 0.6786529680365296 0.3645357686453577 0.019406392694063926 0.0502283105022831
16 0.5365296803652968 0.23211567732115676 0.0136986301369863 0.0989345509893455
7 0.7648401826484018 0.3698630136986301 0.0273972602739726 0.0547945205479452
7 0.7168949771689498 0.3675799086757991 0.02511415525114155 0.0502283105022831
7 0.9018264840182648 0.380517503805175 0.02968036529680365 0.0487062404870624
7 0.8795662100456622 0.3789954337899543 0.03538812785388128 0.0426179604261796
10 0.5 0.2990867579908676 0.0502283105022831 0.0319634703196347
7 0.7363013698630136 0.3675799086757991 0.02511415525114155 0.0532724505327245
6 0.3921232876712329 0.2884322678843227 0.014840182648401826 0.0593607305936073
7 0.78824200913242 0.3744292237442922 0.028538812785388126 0.0547945205479452
10 0.8184931506849316 0.3234398782343988 0.09360730593607305 0.0410958904109589
16 0.8156392694063926 0.2983257229832572 0.014840182648401826 0.1004566210045662
