10 0.2125 0.5041666666666667 0.153125 0.058333333333333334
6 0.70859375 0.5322916666666667 0.1265625 0.39375
6 0.81796875 0.5302083333333333 0.0765625 0.3104166666666667
6 0.790625 0.31354166666666666 0.071875 0.16875
6 0.740625 0.290625 0.053125 0.11458333333333333
6 0.09375 0.5322916666666667 0.09375 0.34375
6 0.2421875 0.5989583333333334 0.109375 0.08541666666666667
6 0.17421875 0.6052083333333333 0.0859375 0.08958333333333333
6 0.03828125 0.6072916666666667 0.0703125 0.09375
6 0.94453125 0.5395833333333333 0.0265625 0.05416666666666667
6 0.22734375 0.54375 0.0484375 0.0875
6 0.1890625 0.525 0.021875 0.05416666666666667
6 0.0609375 0.571875 0.053125 0.13958333333333334
9 0.98984375 0.53125 0.0203125 0.15
6 0.26171875 0.5395833333333333 0.0296875 0.058333333333333334
16 0.84140625 0.16979166666666667 0.0359375 0.30625
16 0.30859375 0.14479166666666668 0.0359375 0.28541666666666665
6 0.96171875 0.5364583333333334 0.0234375 0.08958333333333333
6 0.284375 0.6114583333333333 0.046875 0.09375
6 0.4078125 0.5864583333333333 0.03125 0.07291666666666667
