15 0.5989583333333334 0.7768518518518519 0.165625 0.35
16 0.4703125 0.2898148148148148 0.04895833333333333 0.5574074074074075
6 0.16432291666666668 0.3138888888888889 0.10885416666666667 0.28888888888888886
6 0.63359375 0.19814814814814816 0.027604166666666666 0.09814814814814815
11 0.0328125 0.39537037037037037 0.06354166666666666 0.14629629629629629
15 0.20494791666666667 0.262037037037037 0.018229166666666668 0.03333333333333333
15 0.25859375 0.25787037037037036 0.016145833333333335 0.032407407407407406
6 0.22890625 0.22870370370370371 0.0140625 0.07037037037037037
6 0.33958333333333335 0.23472222222222222 0.019791666666666666 0.09166666666666666
6 0.4432291666666667 0.21481481481481482 0.021875 0.09444444444444444
11 0.6856770833333333 0.2212962962962963 0.0390625 0.08333333333333333
0 0.5411458333333333 0.40185185185185185 0.06145833333333333 0.4759259259259259
0 0.41171875 0.2898148148148148 0.0390625 0.3333333333333333
0 0.36015625 0.2671296296296296 0.021354166666666667 0.23055555555555557
6 0.7528645833333333 0.18518518518518517 0.025520833333333333 0.11481481481481481
6 0.6848958333333334 0.1763888888888889 0.027083333333333334 0.06388888888888888
11 0.16354166666666667 0.37083333333333335 0.07916666666666666 0.20833333333333334
11 0.6361979166666667 0.23981481481481481 0.034895833333333334 0.06111111111111111
11 0.5934895833333333 0.2175925925925926 0.024479166666666666 0.053703703703703705
