17 0.502 0.5323033707865169 0.228 0.3455056179775281
6 0.287 0.2696629213483146 0.086 0.21910112359550563
6 0.176 0.24719101123595505 0.156 0.2808988764044944
6 0.584 0.08286516853932584 0.144 0.16573033707865167
6 0.576 0.06179775280898876 0.184 0.12359550561797752
6 0.304 0.10393258426966293 0.108 0.16853932584269662
6 0.261 0.22752808988764045 0.094 0.20786516853932585
6 0.913 0.08426966292134831 0.126 0.16853932584269662
6 0.073 0.0449438202247191 0.114 0.0898876404494382
6 0.158 0.042134831460674156 0.096 0.08426966292134831
6 0.982 0.10533707865168539 0.036 0.21067415730337077
6 0.067 0.10252808988764045 0.134 0.2050561797752809
6 0.553 0.0449438202247191 0.094 0.0898876404494382
6 0.691 0.05898876404494382 0.082 0.11797752808988764
