10 0.251375 0.20833333333333334 0.10075 0.102
6 0.366 0.183 0.009 0.034666666666666665
10 0.161625 0.20016666666666666 0.08125 0.039
11 0.1045 0.20133333333333334 0.0175 0.030666666666666665
11 0.031 0.20516666666666666 0.0215 0.03166666666666667
16 0.079875 0.14616666666666667 0.05475 0.287
15 0.50475 0.259 0.026 0.037333333333333336
15 0.6465 0.29033333333333333 0.0535 0.074
15 0.782625 0.34933333333333333 0.08375 0.114
15 0.64575 0.7961666666666667 0.2375 0.401
16 0.910625 0.318 0.09325 0.6273333333333333
3 0.188375 0.44133333333333336 0.37625 0.25533333333333336
16 0.568 0.15083333333333335 0.073 0.301
16 0.05675 0.15733333333333333 0.08 0.24733333333333332
16 0.17775 0.1605 0.03 0.157
16 0.388625 0.14966666666666667 0.04525 0.21266666666666667
16 0.41575 0.20783333333333334 0.0225 0.141
16 0.427 0.20616666666666666 0.0165 0.12233333333333334
