10 0.94375 0.80625 0.1125 0.09166666666666666
10 0.88203125 0.7989583333333333 0.0703125 0.08125
10 0.84453125 0.7885416666666667 0.0734375 0.07291666666666667
10 0.6578125 0.7677083333333333 0.065625 0.07291666666666667
10 0.79921875 0.76875 0.0921875 0.09166666666666666
10 0.5265625 0.8020833333333334 0.053125 0.075
10 0.7453125 0.7625 0.021875 0.03333333333333333
6 0.3640625 0.8333333333333334 0.053125 0.2
6 0.5625 0.8270833333333333 0.0375 0.15416666666666667
6 0.61484375 0.8239583333333333 0.0203125 0.14791666666666667
6 0.3203125 0.821875 0.034375 0.13958333333333334
6 0.284375 0.83125 0.040625 0.12916666666666668
6 0.55703125 0.7645833333333333 0.0296875 0.058333333333333334
6 0.8890625 0.7416666666666667 0.01875 0.0375
6 0.4296875 0.784375 0.025 0.10208333333333333
6 0.34453125 0.821875 0.0203125 0.14375
9 0.6328125 0.7385416666666667 0.053125 0.07291666666666667
9 0.7125 0.80625 0.109375 0.10416666666666667
6 0.40546875 0.7864583333333334 0.0234375 0.09791666666666667
6 0.3046875 0.75625 0.01875 0.041666666666666664
16 0.59609375 0.6552083333333333 0.0546875 0.6895833333333333
16 0.515625 0.7114583333333333 0.034375 0.44375
16 0.240625 0.6541666666666667 0.03125 0.525
1 0.515625 0.4166666666666667 0.05625 0.15
1 0.6 0.18333333333333332 0.0625 0.21666666666666667
16 0.20703125 0.5739583333333333 0.0234375 0.60625
1 0.459375 0.6729166666666667 0.025 0.05416666666666667
13 0.4765625 0.83125 0.034375 0.0625
