10 0.05859375 0.7849686847599165 0.1140625 0.15866388308977036
10 0.94140625 0.7181628392484343 0.1140625 0.05845511482254697
10 0.9203125 0.6920668058455115 0.090625 0.03966597077244259
10 0.85546875 0.6941544885177453 0.0765625 0.031315240083507306
6 0.228125 0.7682672233820459 0.034375 0.11691022964509394
6 0.24296875 0.7651356993736952 0.0203125 0.11064718162839249
17 0.134375 0.8100208768267223 0.034375 0.029227557411273485
6 0.31171875 0.8235908141962421 0.0703125 0.25260960334029225
5 0.903125 0.6492693110647182 0.01875 0.033402922755741124
16 0.615625 0.605427974947808 0.04375 0.4968684759916493
16 0.94921875 0.6795407098121086 0.0296875 0.21085594989561587
16 0.08359375 0.6304801670146137 0.0234375 0.17536534446764093
0 0.37109375 0.697286012526096 0.0390625 0.20041753653444677
