10 0.3378995433789954 0.4961948249619482 0.3561643835616438 0.182648401826484
6 0.791095890410959 0.6468797564687976 0.4018264840182648 0.6940639269406392
3 0.3270547945205479 0.7534246575342466 0.6518264840182648 0.4931506849315068
10 0.7197488584474886 0.4025875190258752 0.09246575342465753 0.0715372907153729
6 0.6358447488584474 0.5121765601217656 0.08447488584474885 0.2024353120243531
11 0.6598173515981736 0.5829528158295282 0.18949771689497716 0.1917808219178082
10 0.5736301369863014 0.4162861491628615 0.06735159817351598 0.0593607305936073
1 0.9914383561643836 0.2420091324200913 0.017123287671232876 0.0547945205479452
6 0.7368721461187214 0.4185692541856925 0.023972602739726026 0.0791476407914764
0 0.062214611872146115 0.3592085235920852 0.03538812785388128 0.2465753424657534
1 0.9246575342465754 0.23820395738203956 0.02054794520547945 0.0563165905631659
1 0.4731735159817352 0.3066971080669711 0.017123287671232876 0.0471841704718417
6 0.6980593607305936 0.4969558599695586 0.10616438356164383 0.1750380517503805
10 0.6501141552511416 0.4155251141552511 0.05821917808219178 0.0517503805175038
0 0.3818493150684932 0.3310502283105023 0.019406392694063926 0.1659056316590563
16 0.4160958904109589 0.3280060882800609 0.017123287671232876 0.2146118721461187
16 0.3424657534246575 0.20928462709284626 0.0182648401826484 0.4003044140030441
10 0.5222602739726028 0.4140030441400304 0.03995433789954338 0.0426179604261796
16 0.4765981735159817 0.2313546423135464 0.019406392694063926 0.4596651445966514
6 0.992579908675799 0.4132420091324201 0.014840182648401826 0.0654490106544901
16 0.4486301369863014 0.3462709284627093 0.0136986301369863 0.2054794520547945
6 0.4920091324200913 0.4231354642313546 0.01598173515981735 0.0639269406392694
6 0.978310502283105 0.4101978691019787 0.01598173515981735 0.0654490106544901
16 0.4965753424657534 0.3280060882800609 0.01598173515981735 0.2663622526636225
11 0.9297945205479452 0.7929984779299848 0.1404109589041096 0.410958904109589
6 0.4286529680365297 0.4208523592085236 0.014840182648401826 0.0502283105022831
16 0.4012557077625571 0.3561643835616438 0.012557077625570776 0.1491628614916286
10 0.6038812785388128 0.4033485540334855 0.0273972602739726 0.0243531202435312
16 0.3550228310502283 0.3531202435312024 0.01141552511415525 0.1126331811263318
