10 0.21640625 0.58125 0.0359375 0.029166666666666667
10 0.95234375 0.7114583333333333 0.0921875 0.14375
10 0.6765625 0.578125 0.06875 0.04375
10 0.17734375 0.5666666666666667 0.0234375 0.029166666666666667
10 0.8578125 0.55625 0.040625 0.025
10 0.62578125 0.5635416666666667 0.0328125 0.01875
10 0.38984375 0.5854166666666667 0.1265625 0.08333333333333333
10 0.1640625 0.5583333333333333 0.01875 0.025
10 0.30234375 0.5645833333333333 0.0203125 0.0125
10 0.01796875 0.6239583333333333 0.0296875 0.04375
10 0.13359375 0.56875 0.0234375 0.029166666666666667
1 0.0234375 0.45208333333333334 0.04375 0.14166666666666666
16 0.85625 0.39791666666666664 0.028125 0.3375
0 0.6 0.534375 0.01875 0.08958333333333333
10 0.9859375 0.55 0.028125 0.025
10 0.8109375 0.559375 0.03125 0.027083333333333334
10 0.81171875 0.546875 0.0265625 0.01875
16 0.0125 0.70625 0.021875 0.36666666666666664
10 0.325 0.58125 0.01875 0.0375
