15 0.3470967741935484 0.7548342541436464 0.39225806451612905 0.4903314917127072
15 0.8051612903225807 0.7997237569060773 0.38193548387096776 0.4005524861878453
15 0.7677419354838709 0.5103591160220995 0.327741935483871 0.36049723756906077
15 0.44516129032258067 0.4530386740331492 0.2735483870967742 0.3370165745856354
15 0.09806451612903226 0.6049723756906077 0.14967741935483872 0.43370165745856354
15 0.18838709677419355 0.3356353591160221 0.25548387096774194 0.31767955801104975
15 0.28838709677419355 0.20441988950276244 0.20258064516129032 0.24861878453038674
15 0.4864516129032258 0.20994475138121546 0.21419354838709678 0.19060773480662985
15 0.7651612903225806 0.2548342541436464 0.2296774193548387 0.19751381215469613
15 0.8774193548387097 0.1899171270718232 0.18580645161290324 0.27209944751381215
15 0.6270967741935484 0.14226519337016574 0.15741935483870967 0.23756906077348067
15 0.7916129032258065 0.07734806629834254 0.17161290322580644 0.14917127071823205
15 0.42774193548387096 0.07803867403314917 0.1767741935483871 0.13950276243093923
15 0.22064516129032258 0.06146408839779006 0.14967741935483872 0.10911602209944751
15 0.06580645161290323 0.21616022099447513 0.08258064516129032 0.2610497237569061
15 0.5361290322580645 0.058011049723756904 0.15354838709677418 0.1132596685082873
