16 0.525 0.2951666666666667 0.036 0.5843333333333334
16 0.6016666666666667 0.29333333333333333 0.048666666666666664 0.586
16 0.9431666666666667 0.4191666666666667 0.019 0.16566666666666666
6 0.8456666666666667 0.6238333333333334 0.172 0.269
11 0.8296666666666667 0.7473333333333333 0.12066666666666667 0.16333333333333333
15 0.43616666666666665 0.634 0.044333333333333336 0.048666666666666664
6 0.38766666666666666 0.5855 0.06666666666666667 0.20566666666666666
6 0.1535 0.5948333333333333 0.057 0.18966666666666668
6 0.09766666666666667 0.5961666666666666 0.04933333333333333 0.17433333333333334
13 0.35 0.6075 0.05333333333333334 0.085
0 0.7535 0.35133333333333333 0.07166666666666667 0.43866666666666665
0 0.8545 0.42733333333333334 0.051 0.2653333333333333
0 0.8968333333333334 0.5093333333333333 0.20633333333333334 0.6793333333333333
0 0.9706666666666667 0.4533333333333333 0.044 0.19066666666666668
