3 0.5165525114155252 0.6818873668188736 0.9623287671232876 0.6362252663622526
11 0.7899543378995434 0.3249619482496195 0.04794520547945205 0.0441400304414003
10 0.6198630136986302 0.3074581430745814 0.0547945205479452 0.0334855403348554
1 0.18036529680365296 0.21232876712328766 0.0182648401826484 0.0410958904109589
0 0.3030821917808219 0.2808219178082192 0.023972602739726026 0.1445966514459665
16 0.046232876712328765 0.1856925418569254 0.028538812785388126 0.365296803652968
0 0.432648401826484 0.2694063926940639 0.02054794520547945 0.1613394216133942
10 0.553082191780822 0.30441400304414 0.04908675799086758 0.0334855403348554
10 0.5102739726027398 0.3074581430745814 0.03881278538812785 0.0243531202435312
16 0.170662100456621 0.2633181126331811 0.019406392694063926 0.1856925418569254
6 0.7916666666666666 0.3112633181126332 0.017123287671232876 0.0471841704718417
0 0.10159817351598173 0.24277016742770166 0.0228310502283105 0.1841704718417047
0 0.013127853881278538 0.2876712328767123 0.023972602739726026 0.1491628614916286
16 0.8852739726027398 0.1933028919330289 0.019406392694063926 0.2557077625570776
16 0.5068493150684932 0.2876712328767123 0.0091324200913242 0.076103500761035
16 0.8207762557077626 0.2496194824961948 0.0136986301369863 0.1035007610350076
10 0.4708904109589041 0.3036529680365297 0.04223744292237443 0.0289193302891933
