0 0.13431372549019607 0.21985294117647058 0.013725490196078431 0.04411764705882353
0 0.34558823529411764 0.23455882352941176 0.028431372549019607 0.11911764705882352
4 0.3622549019607843 0.6463235294117647 0.40490196078431373 0.7029411764705882
11 0.4803921568627451 0.24595588235294116 0.0392156862745098 0.021323529411764706
6 0.40294117647058825 0.24044117647058824 0.01568627450980392 0.030882352941176472
0 0.037745098039215684 0.2073529411764706 0.020588235294117647 0.075
0 0.25049019607843137 0.25735294117647056 0.09509803921568627 0.2323529411764706
0 0.3700980392156863 0.22830882352941176 0.020588235294117647 0.0875
6 0.509313725490196 0.24411764705882352 0.016666666666666666 0.03676470588235294
0 0.09509803921568627 0.21213235294117647 0.0196078431372549 0.0625
11 0.27990196078431373 0.26066176470588237 0.026470588235294117 0.03602941176470588
11 0.16372549019607843 0.23455882352941176 0.029411764705882353 0.016176470588235296
6 0.4200980392156863 0.23970588235294119 0.014705882352941176 0.025
6 0.2784313725490196 0.24301470588235294 0.025490196078431372 0.03455882352941177
0 0.3862745098039216 0.23125 0.01568627450980392 0.05808823529411765
0 0.1661764705882353 0.21911764705882353 0.010784313725490196 0.029411764705882353
16 0.075 0.20919117647058824 0.016666666666666666 0.07720588235294118
6 0.4573529411764706 0.22941176470588234 0.010784313725490196 0.023529411764705882
11 0.18676470588235294 0.23529411764705882 0.020588235294117647 0.016176470588235296
16 0.19019607843137254 0.21911764705882353 0.013725490196078431 0.047058823529411764
6 0.46568627450980393 0.22904411764705881 0.00980392156862745 0.019852941176470587
