11 0.23533333333333334 0.5925 0.4633333333333333 0.8063333333333333
13 0.39166666666666666 0.3993333333333333 0.36133333333333334 0.372
11 0.7866666666666666 0.36466666666666664 0.4266666666666667 0.4713333333333333
6 0.31516666666666665 0.1435 0.057 0.145
6 0.17133333333333334 0.10566666666666667 0.032 0.05533333333333333
6 0.19833333333333333 0.09066666666666667 0.021333333333333333 0.034666666666666665
11 0.52 0.115 0.042 0.07133333333333333
9 0.7466666666666667 0.154 0.39466666666666667 0.304
9 0.3295 0.1375 0.3436666666666667 0.16033333333333333
11 0.06266666666666666 0.25766666666666665 0.11866666666666667 0.14066666666666666
7 0.8143333333333334 0.2805 0.20133333333333334 0.21766666666666667
4 0.7225 0.8051666666666667 0.555 0.38966666666666666
6 0.15816666666666668 0.10166666666666667 0.023666666666666666 0.03933333333333333
6 0.504 0.07933333333333334 0.027333333333333334 0.05333333333333334
11 0.5476666666666666 0.11533333333333333 0.028 0.064
0 0.9596666666666667 0.14066666666666666 0.08066666666666666 0.2806666666666667
