7 0.40234375 0.5292553191489362 0.1453125 0.22872340425531915
6 0.66640625 0.5970744680851063 0.1140625 0.4920212765957447
6 0.75 0.5811170212765957 0.090625 0.4920212765957447
6 0.95859375 0.4295212765957447 0.0609375 0.2473404255319149
5 0.90703125 0.17819148936170212 0.0234375 0.0851063829787234
16 0.89921875 0.35638297872340424 0.0171875 0.2553191489361702
16 0.85078125 0.3497340425531915 0.0265625 0.2632978723404255
16 0.640625 0.2553191489361702 0.021875 0.5
16 0.57890625 0.2898936170212766 0.0203125 0.25
0 0.509375 0.3377659574468085 0.06875 0.5851063829787234
13 0.578125 0.49867021276595747 0.075 0.1622340425531915
11 0.66875 0.6835106382978723 0.459375 0.48404255319148937
3 0.93515625 0.6077127659574468 0.1296875 0.10904255319148937
