8 0.864 0.5922459893048129 0.272 0.3235294117647059
8 0.346 0.5882352941176471 0.616 0.29411764705882354
10 0.217 0.8529411764705882 0.43 0.29411764705882354
6 0.909 0.7954545454545454 0.142 0.4090909090909091
6 0.596 0.7954545454545454 0.172 0.4090909090909091
6 0.68 0.660427807486631 0.044 0.20320855614973263
6 0.637 0.6617647058823529 0.058 0.20053475935828877
6 0.309 0.7366310160427807 0.106 0.24331550802139038
6 0.253 0.660427807486631 0.066 0.13903743315508021
6 0.171 0.6590909090909091 0.082 0.13101604278074866
10 0.21 0.7058823529411765 0.416 0.18181818181818182
0 0.269 0.31016042780748665 0.058 0.27807486631016043
0 0.025 0.43983957219251335 0.046 0.339572192513369
0 0.868 0.23529411764705882 0.084 0.40106951871657753
