13 0.1037483266398929 0.3276566757493188 0.1753681392235609 0.26294277929155313
13 0.25502008032128515 0.32561307901907355 0.16198125836680052 0.2670299727520436
13 0.41365461847389556 0.3276566757493188 0.14457831325301204 0.2656675749318801
13 0.5729585006693441 0.3310626702997275 0.15261044176706828 0.2670299727520436
13 0.7322623828647925 0.33174386920980925 0.15528781793842034 0.2656675749318801
13 0.8795180722891566 0.32561307901907355 0.1686746987951807 0.2670299727520436
13 0.14859437751004015 0.7554495912806539 0.22757697456492637 0.35013623978201636
13 0.3467202141900937 0.7663487738419619 0.1686746987951807 0.3065395095367847
13 0.5381526104417671 0.7901907356948229 0.1606425702811245 0.25885558583106266
13 0.7255689424364123 0.8188010899182562 0.13119143239625167 0.1907356948228883
13 0.8734939759036144 0.8337874659400545 0.11646586345381527 0.16076294277929154
10 0.5983935742971888 0.5926430517711172 0.23293172690763053 0.09264305177111716
0 0.4344042838018742 0.6505449591280654 0.05756358768406961 0.20844686648501362
10 0.9076305220883534 0.582425068119891 0.18473895582329317 0.0885558583106267
0 0.5053547523427041 0.1307901907356948 0.04685408299866131 0.16348773841961853
10 0.022757697456492636 0.25272479564032696 0.0428380187416332 0.07220708446866485
5 0.9544846050870147 0.16689373297002724 0.03480589022757698 0.031335149863760216
5 0.9497991967871486 0.20027247956403268 0.03614457831325301 0.0326975476839237
16 0.9310575635876841 0.638283378746594 0.05488621151271754 0.18392370572207084
