3 0.3789954337899543 0.7168949771689498 0.7557077625570776 0.563165905631659
10 0.20319634703196346 0.3751902587519026 0.0867579908675799 0.0654490106544901
10 0.08447488584474885 0.3972602739726027 0.16666666666666666 0.1095890410958904
11 0.6295662100456622 0.4383561643835616 0.10388127853881278 0.0852359208523592
10 0.13641552511415525 0.363013698630137 0.07420091324200913 0.0441400304414003
11 0.3321917808219178 0.469558599695586 0.1598173515981735 0.1171993911719939
10 0.2899543378995434 0.378234398782344 0.0958904109589041 0.0745814307458143
6 0.6284246575342466 0.410958904109589 0.05136986301369863 0.0974124809741248
10 0.4349315068493151 0.3698630136986301 0.0639269406392694 0.0517503805175038
6 0.3378995433789954 0.4436834094368341 0.06164383561643835 0.1689497716894977
2 0.15353881278538814 0.23820395738203956 0.014840182648401826 0.0410958904109589
1 0.4594748858447489 0.2009132420091324 0.019406392694063926 0.0578386605783866
1 0.6147260273972602 0.289193302891933 0.017123287671232876 0.0426179604261796
0 0.7294520547945206 0.3203957382039574 0.0182648401826484 0.1111111111111111
0 0.783675799086758 0.3378995433789954 0.014840182648401826 0.1126331811263318
16 0.5473744292237442 0.21689497716894976 0.019406392694063926 0.4216133942161339
16 0.6027397260273972 0.3127853881278539 0.01141552511415525 0.1445966514459665
0 0.985730593607306 0.3234398782343988 0.028538812785388126 0.1993911719939117
16 0.11301369863013698 0.2899543378995434 0.0091324200913242 0.0989345509893455
2 0.476027397260274 0.20015220700152206 0.01598173515981735 0.0563165905631659
10 0.5079908675799086 0.3668188736681887 0.03881278538812785 0.0334855403348554
1 0.13641552511415525 0.23972602739726026 0.012557077625570776 0.0410958904109589
10 0.4743150684931507 0.3599695585996956 0.023972602739726026 0.0289193302891933
0 0.7106164383561644 0.3318112633181126 0.012557077625570776 0.0974124809741248
0 0.567351598173516 0.3538812785388128 0.01141552511415525 0.0684931506849315
16 0.5256849315068494 0.286910197869102 0.017123287671232876 0.2754946727549467
16 0.14440639269406394 0.3089802130898021 0.007990867579908675 0.060882800608828
16 0.557648401826484 0.3371385083713851 0.010273972602739725 0.1202435312024353
3 0.4452054794520548 0.408675799086758 0.09817351598173515 0.0258751902587519
10 0.3852739726027397 0.3668188736681887 0.03995433789954338 0.0365296803652968
16 0.5159817351598174 0.3409436834094368 0.0091324200913242 0.1187214611872146
