10 0.7 0.90625 0.375 0.1625
6 0.09583333333333334 0.85078125 0.029166666666666667 0.0859375
6 0.13125 0.83984375 0.020833333333333332 0.0609375
10 0.3 0.8328125 0.0625 0.0375
6 0.9010416666666666 0.83125 0.014583333333333334 0.04375
6 0.884375 0.83828125 0.01875 0.0515625
6 0.840625 0.83515625 0.01875 0.0484375
10 0.4666666666666667 0.83671875 0.17083333333333334 0.0546875
6 0.821875 0.83359375 0.027083333333333334 0.0609375
6 0.95 0.8421875 0.03333333333333333 0.084375
6 0.03333333333333333 0.83203125 0.020833333333333332 0.0484375
6 0.225 0.83515625 0.025 0.0734375
6 0.065625 0.8296875 0.035416666666666666 0.053125
10 0.9354166666666667 0.9640625 0.12916666666666668 0.071875
9 0.35833333333333334 0.81875 0.0625 0.046875
16 0.20104166666666667 0.52265625 0.07291666666666667 0.7546875
3 0.6395833333333333 0.90859375 0.7208333333333333 0.0484375
6 0.010416666666666666 0.8421875 0.016666666666666666 0.06875
1 0.2375 0.7203125 0.041666666666666664 0.015625
