6 0.29713541666666665 0.2884259259259259 0.06822916666666666 0.3138888888888889
6 0.7703125 0.2759259259259259 0.051041666666666666 0.34074074074074073
6 0.7265625 0.2902777777777778 0.03958333333333333 0.32685185185185184
6 0.6947916666666667 0.33194444444444443 0.05520833333333333 0.3175925925925926
15 0.39010416666666664 0.3509259259259259 0.042708333333333334 0.0962962962962963
15 0.240625 0.3435185185185185 0.052083333333333336 0.1
6 0.9494791666666667 0.20185185185185187 0.034375 0.09074074074074075
11 0.9502604166666667 0.22592592592592592 0.04010416666666667 0.05925925925925926
0 0.425 0.2814814814814815 0.03125 0.2796296296296296
0 0.521875 0.34074074074074073 0.04791666666666667 0.45185185185185184
0 0.6518229166666667 0.4925925925925926 0.0703125 0.7388888888888889
16 0.4557291666666667 0.300462962962963 0.014583333333333334 0.21388888888888888
