10 0.773 0.6381381381381381 0.138 0.26126126126126126
10 0.686 0.6036036036036037 0.136 0.18618618618618618
10 0.598 0.545045045045045 0.056 0.10510510510510511
10 0.9 0.6591591591591591 0.2 0.38738738738738737
8 0.495 0.493993993993994 0.158 0.27927927927927926
6 0.356 0.5540540540540541 0.032 0.15315315315315314
6 0.145 0.5225225225225225 0.038 0.1021021021021021
10 0.063 0.6216216216216216 0.122 0.23423423423423423
10 0.036 0.8123123123123123 0.068 0.34534534534534533
10 0.058 0.5285285285285285 0.112 0.09009009009009009
10 0.258 0.551051051051051 0.108 0.1831831831831832
10 0.614 0.4864864864864865 0.048 0.04804804804804805
10 0.621 0.5705705705705706 0.054 0.10810810810810811
10 0.198 0.5885885885885885 0.148 0.16816816816816818
5 0.859 0.37237237237237236 0.046 0.06606606606606606
16 0.978 0.34684684684684686 0.016 0.24324324324324326
10 0.384 0.5555555555555556 0.044 0.0960960960960961
6 0.335 0.5480480480480481 0.034 0.13513513513513514
16 0.858 0.43993993993993996 0.016 0.08108108108108109
