6 0.35234375 0.6063084112149533 0.2734375 0.7593457943925234
6 0.7328125 0.6039719626168224 0.246875 0.7686915887850467
6 0.49765625 0.6600467289719626 0.1140625 0.6285046728971962
6 0.55703125 0.6238317757009346 0.0828125 0.5420560747663551
6 0.89375 0.6378504672897196 0.20625 0.6915887850467289
6 0.2359375 0.5665887850467289 0.1125 0.4696261682242991
6 0.83359375 0.5338785046728972 0.1078125 0.26869158878504673
6 0.8078125 0.4485981308411215 0.1 0.308411214953271
6 0.1578125 0.6542056074766355 0.234375 0.6635514018691588
6 0.4390625 0.3925233644859813 0.053125 0.10747663551401869
6 0.5953125 0.6226635514018691 0.128125 0.633177570093458
5 0.2703125 0.2838785046728972 0.034375 0.0630841121495327
6 0.04453125 0.7184579439252337 0.0859375 0.5210280373831776
