10 0.14270833333333333 0.85234375 0.09375 0.0609375
10 0.0375 0.840625 0.06666666666666667 0.053125
10 0.2916666666666667 0.83984375 0.08333333333333333 0.0640625
10 0.32083333333333336 0.8546875 0.09583333333333334 0.053125
10 0.22395833333333334 0.83359375 0.06458333333333334 0.0546875
10 0.023958333333333335 0.8515625 0.04375 0.0625
5 0.44583333333333336 0.7734375 0.029166666666666667 0.025
16 0.890625 0.72109375 0.04375 0.3390625
16 0.6916666666666667 0.80546875 0.03333333333333333 0.1734375
14 0.4635416666666667 0.85703125 0.01875 0.0484375
