6 0.3877450980392157 0.17683823529411766 0.07549019607843137 0.14926470588235294
9 0.16715686274509803 0.14375 0.3323529411764706 0.2639705882352941
11 0.6607843137254902 0.15441176470588236 0.06862745098039216 0.1
6 0.9191176470588235 0.09044117647058823 0.03235294117647059 0.04852941176470588
0 0.7514705882352941 0.05698529411764706 0.024509803921568627 0.09632352941176471
11 0.46372549019607845 0.13602941176470587 0.09607843137254903 0.07205882352941176
6 0.634313725490196 0.08933823529411765 0.021568627450980392 0.028676470588235293
6 0.6612745098039216 0.1297794117647059 0.06764705882352941 0.0713235294117647
11 0.5676470588235294 0.1125 0.027450980392156862 0.03529411764705882
6 0.6147058823529412 0.0875 0.01568627450980392 0.029411764705882353
16 0.5127450980392156 0.08419117647058824 0.023529411764705882 0.16691176470588234
6 0.5681372549019608 0.09558823529411764 0.024509803921568627 0.033823529411764704
6 0.3779411764705882 0.09154411764705882 0.022549019607843137 0.03897058823529412
15 0.08186274509803922 0.8966911764705883 0.16176470588235295 0.1948529411764706
15 0.9303921568627451 0.8198529411764706 0.1392156862745098 0.2073529411764706
4 0.675 0.7683823529411765 0.3813725490196078 0.4632352941176471
4 0.4392156862745098 0.19522058823529412 0.049019607843137254 0.05073529411764706
15 0.3377450980392157 0.20661764705882352 0.026470588235294117 0.029411764705882353
15 0.5127450980392156 0.18455882352941178 0.023529411764705882 0.023529411764705882
15 0.542156862745098 0.17022058823529412 0.025490196078431372 0.027205882352941177
11 0.6352941176470588 0.10073529411764706 0.021568627450980392 0.023529411764705882
16 0.8377450980392157 0.05772058823529412 0.03431372549019608 0.11397058823529412
