19 0.455 0.7706666666666667 0.086 0.272
6 0.593 0.388 0.054 0.23733333333333334
6 0.769 0.3293333333333333 0.07 0.17866666666666667
6 0.442 0.36666666666666664 0.068 0.27466666666666667
6 0.348 0.38666666666666666 0.056 0.2773333333333333
6 0.92 0.33466666666666667 0.052 0.136
6 0.966 0.31866666666666665 0.068 0.15733333333333333
6 0.067 0.352 0.082 0.22933333333333333
6 0.649 0.3293333333333333 0.062 0.136
6 0.265 0.49866666666666665 0.09 0.13333333333333333
6 0.318 0.392 0.056 0.2613333333333333
6 0.528 0.384 0.064 0.272
