10 0.5520833333333334 0.859375 0.025 0.028125
10 0.309375 0.90390625 0.19375 0.1203125
10 0.4666666666666667 0.878125 0.06666666666666667 0.075
10 0.4979166666666667 0.87109375 0.05 0.0484375
10 0.5166666666666667 0.8625 0.0375 0.034375
10 0.71875 0.8625 0.0625 0.040625
6 0.4270833333333333 0.884375 0.029166666666666667 0.078125
6 0.15625 0.91171875 0.20416666666666666 0.1765625
6 0.925 0.88359375 0.041666666666666664 0.0859375
6 0.5927083333333333 0.8703125 0.027083333333333334 0.06875
6 0.9864583333333333 0.840625 0.022916666666666665 0.028125
6 0.9760416666666667 0.878125 0.04791666666666667 0.09375
6 0.022916666666666665 0.8890625 0.041666666666666664 0.121875
6 0.878125 0.8640625 0.027083333333333334 0.0625
6 0.8395833333333333 0.86875 0.020833333333333332 0.053125
10 0.178125 0.9390625 0.34375 0.121875
6 0.06875 0.87265625 0.05 0.0859375
6 0.7541666666666667 0.92578125 0.11666666666666667 0.1484375
10 0.5322916666666667 0.86171875 0.027083333333333334 0.0296875
10 0.4041666666666667 0.85859375 0.05 0.0328125
6 0.128125 0.8546875 0.035416666666666666 0.053125
6 0.2635416666666667 0.83984375 0.022916666666666665 0.0171875
10 0.5927083333333333 0.859375 0.052083333333333336 0.03125
10 0.6541666666666667 0.85234375 0.03333333333333333 0.0265625
6 0.9041666666666667 0.8484375 0.016666666666666666 0.028125
1 0.20625 0.37421875 0.20416666666666666 0.0671875
0 0.08541666666666667 0.7984375 0.029166666666666667 0.10625
0 0.96875 0.80546875 0.03333333333333333 0.0796875
6 0.6770833333333334 0.85625 0.020833333333333332 0.0375
