10 0.01640625 0.3891509433962264 0.0296875 0.06132075471698113
8 0.54375 0.5554245283018868 0.9125 0.7995283018867925
6 0.021875 0.4410377358490566 0.025 0.05660377358490566
6 0.61953125 0.36910377358490565 0.0734375 0.14386792452830188
9 0.54296875 0.5448113207547169 0.9140625 0.8066037735849056
10 0.04765625 0.6002358490566038 0.0921875 0.2806603773584906
16 0.63203125 0.5129716981132075 0.0421875 0.8985849056603774
13 0.575 0.9009433962264151 0.0875 0.18867924528301888
13 0.52109375 0.8891509433962265 0.0734375 0.1792452830188679
0 0.77421875 0.5259433962264151 0.1953125 0.9481132075471698
16 0.02890625 0.6851415094339622 0.0203125 0.17688679245283018
16 0.1984375 0.10731132075471699 0.01875 0.2099056603773585
