3 0.5 0.7138508371385084 0.997716894977169 0.5722983257229832
10 0.2191780821917808 0.4041095890410959 0.3378995433789954 0.1415525114155251
10 0.8909817351598174 0.3242009132420091 0.08105022831050228 0.045662100456621
1 0.6318493150684932 0.2054794520547945 0.023972602739726026 0.0517503805175038
14 0.8493150684931506 0.3592085235920852 0.0091324200913242 0.0639269406392694
14 0.4851598173515982 0.3873668188736682 0.01141552511415525 0.0715372907153729
14 0.5781963470319634 0.3820395738203957 0.010273972602739725 0.076103500761035
14 0.8276255707762558 0.363013698630137 0.01141552511415525 0.0684931506849315
16 0.4360730593607306 0.24124809741248096 0.02054794520547945 0.2694063926940639
14 0.553082191780822 0.3569254185692542 0.005707762557077625 0.0410958904109589
10 0.3481735159817352 0.3401826484018265 0.13470319634703196 0.0593607305936073
16 0.4726027397260274 0.24277016742770166 0.0091324200913242 0.0989345509893455
16 0.6695205479452054 0.20776255707762556 0.019406392694063926 0.4124809741248097
16 0.8464611872146118 0.19710806697108066 0.028538812785388126 0.3911719939117199
9 0.4503424657534247 0.3386605783866058 0.08789954337899543 0.0867579908675799
14 0.4982876712328767 0.3561643835616438 0.005707762557077625 0.0365296803652968
16 0.6495433789954338 0.197869101978691 0.01598173515981735 0.3926940639269406
