3 0.341324200913242 0.7747336377473364 0.680365296803653 0.4505327245053272
10 0.4132420091324201 0.5060882800608828 0.317351598173516 0.2024353120243531
10 0.6432648401826484 0.441400304414003 0.09931506849315068 0.0700152207001522
10 0.7288812785388128 0.4360730593607306 0.10616438356164383 0.0776255707762557
0 0.06449771689497717 0.3614916286149163 0.04680365296803653 0.3546423135464231
16 0.3915525114155251 0.2633181126331811 0.02054794520547945 0.3135464231354642
3 0.7785388127853882 0.515220700152207 0.4429223744292237 0.0624048706240487
1 0.3812785388127854 0.2960426179604262 0.02511415525114155 0.0654490106544901
0 0.9041095890410958 0.3995433789954338 0.0228310502283105 0.1476407914764079
6 0.034817351598173514 0.4505327245053272 0.03995433789954338 0.1430745814307458
7 0.02054794520547945 0.4878234398782344 0.03881278538812785 0.0837138508371385
0 0.791095890410959 0.4056316590563166 0.02054794520547945 0.0958904109589041
0 0.6529680365296804 0.3843226788432268 0.0136986301369863 0.0532724505327245
7 0.8264840182648402 0.4368340943683409 0.0228310502283105 0.0365296803652968
0 0.714041095890411 0.3698630136986301 0.014840182648401826 0.0578386605783866
1 0.5496575342465754 0.07838660578386605 0.03767123287671233 0.1263318112633181
0 0.6158675799086758 0.3858447488584475 0.012557077625570776 0.0502283105022831
16 0.09189497716894977 0.423896499238965 0.017123287671232876 0.2328767123287671
