3 0.5017123287671232 0.6940639269406392 0.9965753424657534 0.5357686453576864
7 0.5125570776255708 0.410958904109589 0.04337899543378995 0.045662100456621
16 0.13356164383561644 0.2207001522070015 0.0319634703196347 0.3592085235920852
2 0.644406392694064 0.228310502283105 0.014840182648401826 0.0426179604261796
13 0.954337899543379 0.3949771689497717 0.02511415525114155 0.0319634703196347
2 0.8886986301369864 0.2557077625570776 0.014840182648401826 0.0426179604261796
16 0.9320776255707762 0.332572298325723 0.017123287671232876 0.1506849315068493
2 0.5365296803652968 0.3074581430745814 0.0136986301369863 0.030441400304414
16 0.4240867579908676 0.21385083713850836 0.017123287671232876 0.4216133942161339
16 0.5542237442922374 0.3097412480974125 0.012557077625570776 0.1993911719939117
16 0.58675799086758 0.3295281582952816 0.0136986301369863 0.1506849315068493
19 0.125 0.4223744292237443 0.019406392694063926 0.0350076103500761
16 0.8116438356164384 0.3074581430745814 0.0136986301369863 0.1887366818873668
7 0.9920091324200914 0.3926940639269406 0.01598173515981735 0.0395738203957382
16 0.535958904109589 0.3675799086757991 0.007990867579908675 0.0867579908675799
3 0.773972602739726 0.4254185692541857 0.4520547945205479 0.0228310502283105
