10 0.0839041095890411 0.3843226788432268 0.16552511415525115 0.1385083713850837
10 0.7990867579908676 0.5228310502283106 0.4018264840182648 0.3942161339421613
10 0.16837899543378995 0.3363774733637747 0.16095890410958905 0.0821917808219178
6 0.2699771689497717 0.3622526636225266 0.05136986301369863 0.1156773211567732
16 0.4469178082191781 0.2085235920852359 0.033105022831050226 0.410958904109589
11 0.894406392694064 0.758751902587519 0.2089041095890411 0.4794520547945205
10 0.305365296803653 0.3181126331811263 0.03538812785388128 0.0365296803652968
11 0.2699771689497717 0.3987823439878234 0.05593607305936073 0.0821917808219178
16 0.4121004566210046 0.258751902587519 0.02968036529680365 0.3165905631659056
10 0.3584474885844749 0.3295281582952816 0.0821917808219178 0.0654490106544901
10 0.4229452054794521 0.3089802130898021 0.03995433789954338 0.030441400304414
2 0.4212328767123288 0.16362252663622526 0.02968036529680365 0.0684931506849315
10 0.704337899543379 0.2983257229832572 0.045662100456621 0.0821917808219178
16 0.988013698630137 0.2359208523592085 0.023972602739726026 0.197869101978691
3 0.502283105022831 0.7480974124809742 0.9954337899543378 0.5038051750380518
16 0.5610730593607306 0.2777777777777778 0.012557077625570776 0.1324200913242009
6 0.6090182648401826 0.3059360730593607 0.010273972602739725 0.0334855403348554
0 0.577054794520548 0.2846270928462709 0.012557077625570776 0.0943683409436834
0 0.5445205479452054 0.2792998477929985 0.01598173515981735 0.1080669710806697
0 0.476027397260274 0.3059360730593607 0.0319634703196347 0.1735159817351598
6 0.6546803652968036 0.3059360730593607 0.012557077625570776 0.0578386605783866
6 0.6329908675799086 0.3051750380517504 0.014840182648401826 0.0471841704718417
0 0.5091324200913242 0.2945205479452055 0.02968036529680365 0.1445966514459665
10 0.03367579908675799 0.3105022831050228 0.06278538812785388 0.0182648401826484
14 0.3555936073059361 0.3637747336377473 0.007990867579908675 0.0426179604261796
16 0.4920091324200913 0.24277016742770166 0.01141552511415525 0.1415525114155251
10 0.3829908675799087 0.3120243531202435 0.03767123287671233 0.0334855403348554
14 0.10331050228310502 0.3165905631659056 0.010273972602739725 0.0395738203957382
0 0.5873287671232876 0.2861491628614916 0.010273972602739725 0.0791476407914764
14 0.3504566210045662 0.3599695585996956 0.0091324200913242 0.0380517503805175
10 0.8167808219178082 0.3470319634703196 0.2682648401826484 0.136986301369863
6 0.6455479452054794 0.3059360730593607 0.017123287671232876 0.0578386605783866
10 0.526255707762557 0.3036529680365297 0.02054794520547945 0.0197869101978691
4 0.5388127853881278 0.4710806697108067 0.1050228310502283 0.0654490106544901
