13 0.4406862745098039 0.14852941176470588 0.11470588235294117 0.12794117647058822
13 0.37254901960784315 0.14338235294117646 0.08431372549019608 0.12058823529411765
16 0.2681372549019608 0.09044117647058823 0.05784313725490196 0.17941176470588235
16 0.557843137254902 0.11911764705882352 0.06470588235294118 0.23676470588235293
10 0.22598039215686275 0.03455882352941177 0.061764705882352944 0.03823529411764706
10 0.9725490196078431 0.058823529411764705 0.052941176470588235 0.09264705882352942
10 0.16176470588235295 0.029044117647058824 0.06274509803921569 0.03161764705882353
4 0.32009803921568625 0.663235294117647 0.638235294117647 0.6735294117647059
6 0.1730392156862745 0.03786764705882353 0.03431372549019608 0.03308823529411765
6 0.3622549019607843 0.05110294117647059 0.04607843137254902 0.04191176470588235
11 0.3622549019607843 0.0713235294117647 0.05196078431372549 0.03235294117647059
6 0.1642156862745098 0.05 0.03431372549019608 0.033823529411764704
16 0.7519607843137255 0.13566176470588234 0.058823529411764705 0.2698529411764706
9 0.7558823529411764 0.03308823529411765 0.2019607843137255 0.06470588235294118
