3 0.5005707762557078 0.7047184170471842 0.9988584474885844 0.5905631659056316
13 0.2614155251141553 0.3447488584474886 0.05251141552511415 0.0593607305936073
0 0.3407534246575342 0.2777777777777778 0.019406392694063926 0.1993911719939117
14 0.5507990867579908 0.3607305936073059 0.012557077625570776 0.0821917808219178
14 0.6655251141552512 0.3599695585996956 0.0136986301369863 0.0806697108066971
16 0.0365296803652968 0.2503805175038052 0.0228310502283105 0.1202435312024353
0 0.09531963470319635 0.2884322678843227 0.028538812785388126 0.1506849315068493
14 0.3635844748858447 0.3592085235920852 0.010273972602739725 0.0487062404870624
0 0.3002283105022831 0.2450532724505327 0.02054794520547945 0.15220700152207
12 0.007990867579908675 0.3394216133942161 0.0136986301369863 0.0334855403348554
4 0.6078767123287672 0.3668188736681887 0.05365296803652968 0.0669710806697108
