3 0.5005707762557078 0.700152207001522 0.9965753424657534 0.5996955859969558
0 0.7197488584474886 0.271689497716895 0.030821917808219176 0.2085235920852359
16 0.341324200913242 0.20776255707762556 0.0365296803652968 0.4124809741248097
7 0.2100456621004566 0.3820395738203957 0.03881278538812785 0.091324200913242
3 0.9115296803652968 0.3424657534246575 0.1769406392694064 0.0426179604261796
1 0.3658675799086758 0.16971080669710806 0.023972602739726026 0.0654490106544901
10 0.9126712328767124 0.2876712328767123 0.04908675799086758 0.0334855403348554
7 0.032534246575342464 0.3911719939117199 0.06050228310502283 0.0943683409436834
7 0.146689497716895 0.3843226788432268 0.03767123287671233 0.0928462709284627
14 0.5376712328767124 0.3698630136986301 0.01141552511415525 0.0700152207001522
7 0.7785388127853882 0.3417047184170472 0.0365296803652968 0.0502283105022831
7 0.3470319634703196 0.3774733637747336 0.0410958904109589 0.060882800608828
14 0.6141552511415526 0.363013698630137 0.01141552511415525 0.0654490106544901
7 0.08504566210045662 0.3896499238964992 0.03995433789954338 0.0943683409436834
7 0.11643835616438356 0.3873668188736682 0.0410958904109589 0.0898021308980213
16 0.8864155251141552 0.18340943683409436 0.021689497716894976 0.2694063926940639
7 0.7511415525114156 0.3424657534246575 0.0502283105022831 0.0487062404870624
14 0.9081050228310502 0.3082191780821918 0.007990867579908675 0.0319634703196347
14 0.8179223744292238 0.3280060882800609 0.010273972602739725 0.0441400304414003
14 0.9509132420091324 0.3059360730593607 0.00684931506849315 0.030441400304414
