3 0.6113013698630136 0.741248097412481 0.7751141552511416 0.5144596651445966
0 0.521689497716895 0.3919330289193303 0.0273972602739726 0.1628614916286149
0 0.7191780821917808 0.4063926940639269 0.0228310502283105 0.1461187214611872
0 0.3635844748858447 0.4147640791476408 0.019406392694063926 0.1050228310502283
0 0.9337899543378996 0.4003044140030441 0.02054794520547945 0.1582952815829528
2 0.20662100456621005 0.2207001522070015 0.0228310502283105 0.0639269406392694
0 0.0091324200913242 0.3926940639269406 0.01598173515981735 0.1095890410958904
14 0.4686073059360731 0.4596651445966514 0.007990867579908675 0.045662100456621
16 0.29337899543379 0.3866057838660578 0.01141552511415525 0.1643835616438356
16 0.6181506849315068 0.3828006088280061 0.012557077625570776 0.1872146118721461
2 0.4823059360730594 0.3310502283105023 0.017123287671232876 0.0380517503805175
16 0.24143835616438356 0.3729071537290715 0.010273972602739725 0.1552511415525114
16 0.3236301369863014 0.378234398782344 0.010273972602739725 0.1811263318112633
16 0.9845890410958904 0.4208523592085236 0.010273972602739725 0.1232876712328767
3 0.15810502283105024 0.4779299847792998 0.3139269406392694 0.0334855403348554
16 0.4908675799086758 0.393455098934551 0.01141552511415525 0.1841704718417047
7 0.3339041095890411 0.4444444444444444 0.021689497716894976 0.030441400304414
16 0.555365296803653 0.4208523592085236 0.007990867579908675 0.1141552511415525
1 0.4817351598173516 0.1841704718417047 0.0273972602739726 0.0821917808219178
