3 0.6786529680365296 0.7161339421613394 0.6426940639269406 0.5677321156773212
10 0.9155251141552512 0.3637747336377473 0.10273972602739725 0.0426179604261796
10 0.783675799086758 0.3774733637747336 0.13812785388127855 0.0517503805175038
16 0.3584474885844749 0.2465753424657534 0.0228310502283105 0.3287671232876712
2 0.09646118721461187 0.23211567732115676 0.019406392694063926 0.0502283105022831
16 0.3264840182648402 0.363013698630137 0.0136986301369863 0.1202435312024353
6 0.4960045662100457 0.3919330289193303 0.017123287671232876 0.0624048706240487
16 0.2208904109589041 0.3302891933028919 0.017123287671232876 0.1765601217656012
2 0.1312785388127854 0.23211567732115676 0.02054794520547945 0.0502283105022831
2 0.593607305936073 0.317351598173516 0.0136986301369863 0.0319634703196347
16 0.6815068493150684 0.2960426179604262 0.0136986301369863 0.2633181126331811
10 0.1660958904109589 0.3843226788432268 0.019406392694063926 0.0167427701674277
10 0.8242009132420092 0.3599695585996956 0.06621004566210045 0.0410958904109589
16 0.6141552511415526 0.21080669710806696 0.0182648401826484 0.4155251141552511
14 0.7191780821917808 0.4018264840182648 0.00684931506849315 0.0334855403348554
16 0.598744292237443 0.3789954337899543 0.007990867579908675 0.091324200913242
14 0.6712328767123288 0.4071537290715373 0.00684931506849315 0.0319634703196347
14 0.8087899543378996 0.395738203957382 0.007990867579908675 0.0334855403348554
14 0.896689497716895 0.3911719939117199 0.007990867579908675 0.030441400304414
16 0.7654109589041096 0.3386605783866058 0.010273972602739725 0.1445966514459665
10 0.9823059360730594 0.3691019786910198 0.03538812785388128 0.0593607305936073
14 0.589041095890411 0.4094368340943683 0.00684931506849315 0.0365296803652968
3 0.1158675799086758 0.4345509893455099 0.22945205479452055 0.0228310502283105
14 0.9577625570776256 0.393455098934551 0.00684931506849315 0.0319634703196347
0 0.23059360730593606 0.3759512937595129 0.01141552511415525 0.0730593607305936
19 0.545662100456621 0.4056316590563166 0.01598173515981735 0.0350076103500761
