3 0.639269406392694 0.745814307458143 0.7214611872146118 0.5083713850837138
10 0.9178082191780822 0.4611872146118721 0.1643835616438356 0.1430745814307458
10 0.4982876712328767 0.4231354642313546 0.158675799086758 0.076103500761035
10 0.1752283105022831 0.4033485540334855 0.06735159817351598 0.0669710806697108
6 0.2254566210045662 0.4436834094368341 0.03767123287671233 0.1293759512937595
10 0.8407534246575342 0.4322678843226788 0.11301369863013698 0.0669710806697108
10 0.3578767123287671 0.4056316590563166 0.12214611872146118 0.0928462709284627
1 0.41837899543379 0.2929984779299848 0.021689497716894976 0.0532724505327245
10 0.10445205479452055 0.4010654490106545 0.06735159817351598 0.0624048706240487
16 0.7226027397260274 0.2960426179604262 0.0319634703196347 0.3729071537290715
10 0.7083333333333334 0.4254185692541857 0.15639269406392695 0.0776255707762557
0 0.5496575342465754 0.3767123287671233 0.019406392694063926 0.1963470319634703
16 0.2950913242009132 0.2914764079147641 0.021689497716894976 0.3729071537290715
16 0.4315068493150685 0.3036529680365297 0.0228310502283105 0.3698630136986301
10 0.2768264840182648 0.4079147640791476 0.08561643835616438 0.0639269406392694
0 0.1295662100456621 0.4033485540334855 0.017123287671232876 0.1400304414003044
14 0.3710045662100457 0.454337899543379 0.0091324200913242 0.0532724505327245
6 0.025684931506849314 0.3987823439878234 0.017123287671232876 0.060882800608828
14 0.4914383561643836 0.4604261796042618 0.007990867579908675 0.0471841704718417
14 0.8059360730593608 0.4604261796042618 0.0091324200913242 0.0410958904109589
16 0.2482876712328767 0.2404870624048706 0.021689497716894976 0.4627092846270928
14 0.6472602739726028 0.4589041095890411 0.00684931506849315 0.0380517503805175
6 0.696917808219178 0.4292237442922374 0.023972602739726026 0.0791476407914764
6 0.4343607305936073 0.4231354642313546 0.026255707762557076 0.0974124809741248
14 0.009703196347031963 0.4474885844748858 0.010273972602739725 0.0639269406392694
14 0.033105022831050226 0.423896499238965 0.00684931506849315 0.0350076103500761
14 0.04794520547945205 0.4185692541856925 0.00684931506849315 0.030441400304414
14 0.0136986301369863 0.4269406392694064 0.00684931506849315 0.0471841704718417
6 0.005136986301369863 0.3881278538812785 0.007990867579908675 0.045662100456621
14 0.003995433789954338 0.410958904109589 0.005707762557077625 0.0273972602739726
14 0.041666666666666664 0.4132420091324201 0.005707762557077625 0.0350076103500761
16 0.05650684931506849 0.0882800608828006 0.014840182648401826 0.1735159817351598
6 0.7094748858447488 0.4353120243531202 0.017123287671232876 0.076103500761035
