3 0.6358447488584474 0.6742770167427702 0.728310502283105 0.6484018264840182
10 0.9092465753424658 0.3112633181126332 0.1815068493150685 0.1171993911719939
0 0.598744292237443 0.21841704718417046 0.05365296803652968 0.2480974124809741
6 0.4691780821917808 0.3013698630136986 0.03881278538812785 0.15220700152207
0 0.8361872146118722 0.2252663622526636 0.04223744292237443 0.1613394216133942
10 0.968607305936073 0.3264840182648402 0.06278538812785388 0.1263318112633181
1 0.5559360730593608 0.1689497716894977 0.02054794520547945 0.0517503805175038
16 0.5256849315068494 0.1035007610350076 0.026255707762557076 0.2009132420091324
16 0.20376712328767124 0.1917808219178082 0.021689497716894976 0.289193302891933
8 0.06621004566210045 0.2161339421613394 0.07077625570776255 0.106544901065449
16 0.5565068493150684 0.2694063926940639 0.017123287671232876 0.1430745814307458
