3 0.4029680365296804 0.697869101978691 0.8013698630136986 0.6012176560121766
0 0.3299086757990868 0.3105022831050228 0.03881278538812785 0.167427701674277
7 0.6934931506849316 0.350076103500761 0.07191780821917808 0.0578386605783866
0 0.5234018264840182 0.3112633181126332 0.026255707762557076 0.1506849315068493
0 0.8396118721461188 0.271689497716895 0.026255707762557076 0.1902587519025875
10 0.021118721461187213 0.3744292237442922 0.03995433789954338 0.091324200913242
3 0.9029680365296804 0.3866057838660578 0.19406392694063926 0.045662100456621
13 0.4132420091324201 0.3683409436834094 0.05251141552511415 0.0547945205479452
6 0.8732876712328768 0.3234398782343988 0.02054794520547945 0.0776255707762557
6 0.8949771689497716 0.3242009132420091 0.02511415525114155 0.0791476407914764
1 0.6929223744292238 0.2374429223744292 0.0182648401826484 0.0487062404870624
14 0.4554794520547945 0.3683409436834094 0.0091324200913242 0.0487062404870624
0 0.5873287671232876 0.2701674277016743 0.017123287671232876 0.1324200913242009
0 0.1278538812785388 0.3097412480974125 0.0365296803652968 0.1841704718417047
14 0.2539954337899543 0.3759512937595129 0.010273972602739725 0.0517503805175038
0 0.942351598173516 0.2968036529680365 0.019406392694063926 0.106544901065449
16 0.037100456621004564 0.3363774733637747 0.019406392694063926 0.1187214611872146
6 0.2391552511415525 0.3485540334855403 0.023972602739726026 0.076103500761035
14 0.1815068493150685 0.3797564687975647 0.01141552511415525 0.0471841704718417
5 0.70662100456621 0.1582952815829528 0.01598173515981735 0.0426179604261796
6 0.4223744292237443 0.3234398782343988 0.0228310502283105 0.0350076103500761
16 0.6495433789954338 0.21841704718417046 0.01598173515981735 0.3302891933028919
0 0.2437214611872146 0.2884322678843227 0.017123287671232876 0.0684931506849315
14 0.7819634703196348 0.34779299847793 0.0091324200913242 0.0410958904109589
16 0.7026255707762558 0.2579908675799087 0.014840182648401826 0.2420091324200913
6 0.2528538812785388 0.3439878234398782 0.017123287671232876 0.0669710806697108
14 0.386986301369863 0.3729071537290715 0.0091324200913242 0.045662100456621
