3 0.4914383561643836 0.7876712328767124 0.980593607305936 0.4246575342465753
11 0.3321917808219178 0.708523592085236 0.3105022831050228 0.2633181126331811
6 0.3333333333333333 0.65220700152207 0.1095890410958904 0.2754946727549467
16 0.660958904109589 0.3386605783866058 0.0182648401826484 0.2815829528158295
14 0.4195205479452055 0.5517503805175038 0.010273972602739725 0.0502283105022831
16 0.5416666666666666 0.4687975646879756 0.012557077625570776 0.1887366818873668
6 0.9052511415525114 0.5083713850837138 0.0182648401826484 0.0517503805175038
16 0.5947488584474886 0.393455098934551 0.0273972602739726 0.2146118721461187
2 0.5319634703196348 0.4117199391171994 0.0182648401826484 0.0441400304414003
14 0.3710045662100457 0.5441400304414004 0.0091324200913242 0.0502283105022831
0 0.3852739726027397 0.4649923896499239 0.019406392694063926 0.1324200913242009
7 0.5764840182648402 0.5380517503805176 0.0593607305936073 0.0593607305936073
14 0.1324200913242009 0.5418569254185692 0.01141552511415525 0.0547945205479452
14 0.4737442922374429 0.5509893455098934 0.0091324200913242 0.0487062404870624
14 0.5222602739726028 0.5449010654490106 0.010273972602739725 0.0487062404870624
16 0.2928082191780822 0.4223744292237443 0.014840182648401826 0.2085235920852359
16 0.2482876712328767 0.3721461187214612 0.019406392694063926 0.3789954337899543
0 0.5582191780821918 0.4619482496194825 0.01141552511415525 0.0654490106544901
18 0.5764840182648402 0.5388127853881278 0.06164383561643835 0.060882800608828
4 0.4400684931506849 0.563165905631659 0.030821917808219176 0.0273972602739726
0 0.4377853881278539 0.4200913242009132 0.023972602739726026 0.1887366818873668
0 0.4708904109589041 0.4299847792998478 0.017123287671232876 0.1689497716894977
0 0.4948630136986301 0.4254185692541857 0.014840182648401826 0.1628614916286149
0 0.519406392694064 0.4322678843226788 0.01598173515981735 0.1430745814307458
