3 0.3436073059360731 0.7442922374429224 0.682648401826484 0.5114155251141552
10 0.7973744292237442 0.5920852359208524 0.4052511415525114 0.4444444444444444
10 0.02682648401826484 0.4071537290715373 0.05136986301369863 0.0715372907153729
2 0.21860730593607305 0.2526636225266362 0.028538812785388126 0.0821917808219178
10 0.0839041095890411 0.6925418569254186 0.16552511415525115 0.3774733637747336
16 0.7174657534246576 0.3485540334855403 0.014840182648401826 0.2009132420091324
2 0.6341324200913242 0.2519025875190259 0.023972602739726026 0.0593607305936073
11 0.09874429223744292 0.4535768645357686 0.06506849315068493 0.0852359208523592
3 0.1267123287671233 0.4619482496194825 0.24885844748858446 0.0502283105022831
6 0.2825342465753425 0.4018264840182648 0.021689497716894976 0.0791476407914764
0 0.2391552511415525 0.3645357686453577 0.028538812785388126 0.1445966514459665
6 0.3110730593607306 0.3881278538812785 0.021689497716894976 0.076103500761035
16 0.622716894977169 0.3592085235920852 0.014840182648401826 0.1430745814307458
0 0.2642694063926941 0.3295281582952816 0.014840182648401826 0.1293759512937595
10 0.2146118721461187 0.3873668188736682 0.0273972602739726 0.0258751902587519
6 0.09874429223744292 0.4216133942161339 0.04908675799086758 0.1035007610350076
10 0.11815068493150685 0.395738203957382 0.06050228310502283 0.0578386605783866
7 0.3202054794520548 0.4292237442922374 0.030821917808219176 0.0487062404870624
0 0.037100456621004564 0.3462709284627093 0.019406392694063926 0.0867579908675799
0 0.3213470319634703 0.3394216133942161 0.012557077625570776 0.0487062404870624
10 0.0547945205479452 0.3789954337899543 0.02968036529680365 0.0273972602739726
16 0.2271689497716895 0.3683409436834094 0.01141552511415525 0.1461187214611872
