3 0.6940639269406392 0.7427701674277016 0.6118721461187214 0.5144596651445966
10 0.11643835616438356 0.484779299847793 0.23059360730593606 0.0928462709284627
11 0.3875570776255708 0.7823439878234398 0.5057077625570776 0.4231354642313546
10 0.8567351598173516 0.4573820395738204 0.1541095890410959 0.0624048706240487
6 0.384703196347032 0.7366818873668188 0.182648401826484 0.5266362252663622
6 0.2785388127853881 0.541095890410959 0.1050228310502283 0.2267884322678843
6 0.583904109589041 0.5243531202435312 0.07648401826484018 0.1993911719939117
11 0.66837899543379 0.5167427701674278 0.05365296803652968 0.1141552511415525
10 0.7848173515981736 0.4429223744292237 0.06963470319634703 0.0395738203957382
10 0.04337899543378995 0.5669710806697108 0.08447488584474885 0.1567732115677321
6 0.4931506849315068 0.4802130898021309 0.03881278538812785 0.1019786910197869
1 0.4389269406392694 0.3386605783866058 0.014840182648401826 0.0410958904109589
6 0.4503424657534247 0.4512937595129376 0.019406392694063926 0.0776255707762557
11 0.5742009132420092 0.5859969558599696 0.11643835616438356 0.1765601217656012
11 0.4925799086757991 0.515220700152207 0.06050228310502283 0.0837138508371385
16 0.4280821917808219 0.2480974124809741 0.02054794520547945 0.4931506849315068
6 0.6113013698630136 0.4444444444444444 0.014840182648401826 0.0334855403348554
16 0.3984018264840183 0.3820395738203957 0.0091324200913242 0.1278538812785388
11 0.6113013698630136 0.4550989345509893 0.019406392694063926 0.0243531202435312
10 0.6797945205479452 0.4429223744292237 0.04452054794520548 0.0334855403348554
11 0.5856164383561644 0.4520547945205479 0.0182648401826484 0.030441400304414
6 0.670662100456621 0.4863013698630137 0.04680365296803653 0.1202435312024353
6 0.5861872146118722 0.4459665144596651 0.014840182648401826 0.0365296803652968
16 0.910958904109589 0.4162861491628615 0.00684931506849315 0.0502283105022831
6 0.4646118721461187 0.4452054794520548 0.01141552511415525 0.0380517503805175
16 0.7488584474885844 0.3995433789954338 0.00684931506849315 0.0867579908675799
6 0.4777397260273973 0.4360730593607306 0.012557077625570776 0.0350076103500761
8 0.8527397260273972 0.4178082191780822 0.04794520547945205 0.0197869101978691
11 0.2363013698630137 0.617199391171994 0.1917808219178082 0.1506849315068493
16 0.9748858447488584 0.4155251141552511 0.01141552511415525 0.0730593607305936
