3 0.5005707762557078 0.667427701674277 0.9988584474885844 0.6621004566210046
6 0.3139269406392694 0.3295281582952816 0.0684931506849315 0.2724505327245053
11 0.8156392694063926 0.2732115677321157 0.03995433789954338 0.0593607305936073
16 0.10730593607305935 0.2876712328767123 0.0273972602739726 0.1765601217656012
2 0.920662100456621 0.11339421613394216 0.023972602739726026 0.0654490106544901
6 0.4075342465753425 0.2853881278538813 0.0273972602739726 0.0776255707762557
2 0.6038812785388128 0.13470319634703196 0.0182648401826484 0.0684931506849315
6 0.4743150684931507 0.2846270928462709 0.021689497716894976 0.091324200913242
6 0.16381278538812785 0.2853881278538813 0.026255707762557076 0.0441400304414003
1 0.603310502283105 0.1887366818873668 0.014840182648401826 0.0365296803652968
16 0.5011415525114156 0.1659056316590563 0.0273972602739726 0.319634703196347
3 0.769406392694064 0.3112633181126332 0.4611872146118721 0.0563165905631659
7 0.651255707762557 0.2785388127853881 0.017123287671232876 0.0365296803652968
6 0.6518264840182648 0.2579908675799087 0.0182648401826484 0.0502283105022831
6 0.5690639269406392 0.2617960426179604 0.017123287671232876 0.0639269406392694
16 0.9115296803652968 0.2070015220700152 0.012557077625570776 0.1278538812785388
6 0.8144977168949772 0.23059360730593606 0.021689497716894976 0.0319634703196347
16 0.615296803652968 0.23515981735159816 0.0136986301369863 0.1354642313546423
6 0.5525114155251142 0.2678843226788432 0.0182648401826484 0.060882800608828
6 0.7654109589041096 0.23972602739726026 0.017123287671232876 0.0563165905631659
6 0.54337899543379 0.2640791476407915 0.0136986301369863 0.0532724505327245
6 0.785958904109589 0.24277016742770166 0.019406392694063926 0.0502283105022831
11 0.7288812785388128 0.2595129375951294 0.021689497716894976 0.0319634703196347
6 0.8613013698630136 0.22146118721461186 0.012557077625570776 0.0228310502283105
6 0.5810502283105022 0.2663622526636225 0.01598173515981735 0.0669710806697108
6 0.6335616438356164 0.2572298325722983 0.01598173515981735 0.0426179604261796
6 0.11358447488584475 0.286910197869102 0.019406392694063926 0.0532724505327245
16 0.5918949771689498 0.1126331811263318 0.021689497716894976 0.2222222222222222
19 0.5907534246575342 0.2846270928462709 0.014840182648401826 0.045662100456621
11 0.634703196347032 0.2694063926940639 0.01598173515981735 0.0334855403348554
16 0.6843607305936074 0.2024353120243531 0.010273972602739725 0.1308980213089802
16 0.6957762557077626 0.2420091324200913 0.007990867579908675 0.0517503805175038
