3 0.5011415525114156 0.7823439878234398 0.997716894977169 0.4353120243531202
2 0.4897260273972603 0.2907153729071537 0.02968036529680365 0.0791476407914764
16 0.3356164383561644 0.423896499238965 0.02054794520547945 0.2359208523592085
16 0.502283105022831 0.3097412480974125 0.0319634703196347 0.4611872146118721
16 0.2819634703196347 0.2724505327245053 0.0365296803652968 0.5296803652968036
2 0.7871004566210046 0.24429223744292236 0.030821917808219176 0.1019786910197869
16 0.4486301369863014 0.2770167427701674 0.0365296803652968 0.5418569254185692
0 0.11643835616438356 0.3873668188736682 0.0319634703196347 0.2207001522070015
0 0.9606164383561644 0.3698630136986301 0.012557077625570776 0.0730593607305936
0 0.740296803652968 0.3888888888888889 0.021689497716894976 0.1324200913242009
16 0.7808219178082192 0.3919330289193303 0.0136986301369863 0.1811263318112633
0 0.6284246575342466 0.3850837138508371 0.014840182648401826 0.0974124809741248
0 0.1506849315068493 0.3888888888888889 0.0228310502283105 0.1628614916286149
16 0.7585616438356164 0.2876712328767123 0.017123287671232876 0.3409436834094368
16 0.8002283105022832 0.3980213089802131 0.0136986301369863 0.2724505327245053
0 0.651255707762557 0.3835616438356164 0.012557077625570776 0.0791476407914764
0 0.2208904109589041 0.3980213089802131 0.021689497716894976 0.1354642313546423
6 0.6855022831050228 0.4010654490106545 0.010273972602739725 0.0258751902587519
0 0.7231735159817352 0.3835616438356164 0.017123287671232876 0.1004566210045662
0 0.613013698630137 0.3744292237442922 0.0182648401826484 0.1187214611872146
4 0.6860730593607306 0.5273972602739726 0.0730593607305936 0.0684931506849315
3 0.9149543378995434 0.487062404870624 0.17009132420091325 0.0730593607305936
