3 0.4931506849315068 0.7800608828006088 0.7077625570776256 0.4398782343987823
1 0.3784246575342466 0.332572298325723 0.014840182648401826 0.0441400304414003
11 0.7385844748858448 0.5692541856925418 0.091324200913242 0.0730593607305936
1 0.3955479452054795 0.3363774733637747 0.014840182648401826 0.045662100456621
11 0.6775114155251142 0.560882800608828 0.06278538812785388 0.0745814307458143
6 0.735730593607306 0.5517503805175038 0.03767123287671233 0.0958904109589041
16 0.5542237442922374 0.4330289193302892 0.012557077625570776 0.2511415525114155
0 0.11700913242009132 0.4946727549467275 0.014840182648401826 0.0730593607305936
6 0.6912100456621004 0.547945205479452 0.033105022831050226 0.0943683409436834
6 0.7134703196347032 0.5144596651445966 0.01598173515981735 0.0487062404870624
1 0.4526255707762557 0.4490106544901065 0.010273972602739725 0.0273972602739726
16 0.4457762557077626 0.4436834094368341 0.012557077625570776 0.1963470319634703
16 0.1461187214611872 0.4969558599695586 0.00684931506849315 0.0715372907153729
14 0.4537671232876712 0.5296803652968036 0.007990867579908675 0.0243531202435312
0 0.1786529680365297 0.4939117199391172 0.007990867579908675 0.0532724505327245
3 0.22945205479452055 0.5502283105022832 0.3995433789954338 0.0289193302891933
14 0.4309360730593607 0.5243531202435312 0.005707762557077625 0.0289193302891933
16 0.4355022831050228 0.4185692541856925 0.007990867579908675 0.2404870624048706
