3 0.5005707762557078 0.756468797564688 0.9988584474885844 0.487062404870624
6 0.23858447488584475 0.5616438356164384 0.08904109589041095 0.2922374429223744
6 0.5827625570776256 0.4885844748858447 0.06050228310502283 0.2313546423135464
6 0.5114155251141552 0.510654490106545 0.05707762557077625 0.2176560121765601
10 0.9297945205479452 0.4216133942161339 0.1404109589041096 0.1004566210045662
6 0.682648401826484 0.4824961948249619 0.0502283105022831 0.1643835616438356
6 0.10159817351598173 0.708523592085236 0.1552511415525114 0.573820395738204
6 0.3687214611872146 0.525875190258752 0.0684931506849315 0.2541856925418569
6 0.4297945205479452 0.5197869101978692 0.05593607305936073 0.2207001522070015
10 0.6974885844748858 0.4360730593607306 0.182648401826484 0.0776255707762557
10 0.1643835616438356 0.4444444444444444 0.06621004566210045 0.0487062404870624
0 0.7254566210045662 0.3828006088280061 0.021689497716894976 0.2085235920852359
16 0.4497716894977169 0.317351598173516 0.02511415525114155 0.3515981735159817
11 0.028538812785388126 0.4908675799086758 0.0410958904109589 0.0532724505327245
16 0.9531963470319634 0.2595129375951294 0.02511415525114155 0.4581430745814307
2 0.5679223744292238 0.3097412480974125 0.021689497716894976 0.0502283105022831
16 0.4035388127853881 0.2374429223744292 0.030821917808219176 0.4596651445966514
14 0.1872146118721461 0.4931506849315068 0.0091324200913242 0.0426179604261796
16 0.5827625570776256 0.24429223744292236 0.019406392694063926 0.2602739726027397
0 0.307648401826484 0.4520547945205479 0.017123287671232876 0.1248097412480974
14 0.8504566210045662 0.4665144596651446 0.0091324200913242 0.0502283105022831
10 0.339041095890411 0.4436834094368341 0.03424657534246575 0.0593607305936073
10 0.20833333333333334 0.4337899543378995 0.03995433789954338 0.0365296803652968
14 0.6552511415525114 0.4809741248097412 0.0091324200913242 0.0487062404870624
14 0.1649543378995434 0.4840182648401826 0.007990867579908675 0.0426179604261796
6 0.12385844748858447 0.4680365296803653 0.05593607305936073 0.1050228310502283
6 0.03139269406392694 0.4535768645357686 0.021689497716894976 0.0426179604261796
14 0.2916666666666667 0.4596651445966514 0.005707762557077625 0.0334855403348554
0 0.821917808219178 0.3843226788432268 0.0228310502283105 0.0806697108066971
10 0.4703196347031963 0.4368340943683409 0.0684931506849315 0.0639269406392694
14 0.2796803652968037 0.4657534246575342 0.00684931506849315 0.0273972602739726
14 0.19748858447488585 0.4703196347031963 0.00684931506849315 0.0365296803652968
10 0.5513698630136986 0.4292237442922374 0.136986301369863 0.1004566210045662
10 0.4052511415525114 0.439117199391172 0.0502283105022831 0.0563165905631659
14 0.271689497716895 0.4611872146118721 0.00684931506849315 0.0334855403348554
