10 0.05593607305936073 0.3135464231354642 0.1095890410958904 0.0852359208523592
3 0.4514840182648402 0.621765601217656 0.9006849315068494 0.5981735159817352
10 0.9343607305936074 0.2724505327245053 0.1312785388127854 0.1552511415525114
16 0.855593607305936 0.1582952815829528 0.028538812785388126 0.3135464231354642
10 0.5371004566210046 0.2640791476407915 0.08105022831050228 0.0350076103500761
14 0.3247716894977169 0.3447488584474886 0.014840182648401826 0.0958904109589041
10 0.2910958904109589 0.2808219178082192 0.05707762557077625 0.0380517503805175
0 0.9337899543378996 0.19710806697108066 0.02054794520547945 0.0958904109589041
6 0.329337899543379 0.2899543378995434 0.017123287671232876 0.0654490106544901
16 0.7471461187214612 0.1613394216133942 0.017123287671232876 0.3165905631659056
12 0.15810502283105024 0.3249619482496195 0.012557077625570776 0.0258751902587519
0 0.9823059360730594 0.1461187214611872 0.017123287671232876 0.136986301369863
6 0.20776255707762556 0.2937595129375951 0.0136986301369863 0.0487062404870624
0 0.6113013698630136 0.2328767123287671 0.010273972602739725 0.0700152207001522
6 0.3818493150684932 0.2617960426179604 0.017123287671232876 0.0273972602739726
12 0.2865296803652968 0.3181126331811263 0.0091324200913242 0.0273972602739726
14 0.7300228310502284 0.332572298325723 0.014840182648401826 0.1232876712328767
6 0.2191780821917808 0.2937595129375951 0.01598173515981735 0.045662100456621
10 0.3430365296803653 0.271689497716895 0.030821917808219176 0.0289193302891933
12 0.3527397260273973 0.317351598173516 0.0136986301369863 0.0289193302891933
12 0.6746575342465754 0.2983257229832572 0.0182648401826484 0.0395738203957382
12 0.7973744292237442 0.2876712328767123 0.017123287671232876 0.0365296803652968
