3 0.3327625570776256 0.7229832572298326 0.66324200913242 0.517503805175038
0 0.06735159817351598 0.3797564687975647 0.0273972602739726 0.1385083713850837
16 0.6484018264840182 0.3599695585996956 0.0182648401826484 0.1750380517503805
3 0.8886986301369864 0.4421613394216134 0.2226027397260274 0.0289193302891933
0 0.964041095890411 0.3873668188736682 0.010273972602739725 0.0563165905631659
16 0.488013698630137 0.3082191780821918 0.014840182648401826 0.2968036529680365
16 0.6061643835616438 0.332572298325723 0.0182648401826484 0.2480974124809741
2 0.4754566210045662 0.319634703196347 0.017123287671232876 0.0487062404870624
10 0.8207762557077626 0.3888888888888889 0.04794520547945205 0.0258751902587519
16 0.22659817351598174 0.2328767123287671 0.021689497716894976 0.4535768645357686
16 0.7625570776255708 0.3287671232876712 0.0136986301369863 0.2191780821917808
16 0.7026255707762558 0.365296803652968 0.014840182648401826 0.1613394216133942
0 0.7271689497716894 0.3820395738203957 0.01141552511415525 0.0852359208523592
0 0.8938356164383562 0.3843226788432268 0.01141552511415525 0.0502283105022831
0 0.75 0.3828006088280061 0.01141552511415525 0.0898021308980213
11 0.1769406392694064 0.8569254185692542 0.3515981735159817 0.2861491628614916
