3 0.6404109589041096 0.4786910197869102 0.7191780821917808 0.2602739726027397
6 0.4680365296803653 0.3287671232876712 0.03424657534246575 0.1339421613394216
6 0.5833333333333334 0.3394216133942161 0.0365296803652968 0.1491628614916286
6 0.08618721461187215 0.3493150684931507 0.03538812785388128 0.1202435312024353
6 0.6415525114155252 0.3264840182648402 0.0410958904109589 0.1598173515981735
16 0.2751141552511416 0.16971080669710806 0.0273972602739726 0.3302891933028919
0 0.4269406392694064 0.2579908675799087 0.0136986301369863 0.0867579908675799
6 0.012557077625570776 0.3515981735159817 0.0228310502283105 0.1339421613394216
0 0.13070776255707764 0.2747336377473364 0.017123287671232876 0.0928462709284627
6 0.3356164383561644 0.3059360730593607 0.0182648401826484 0.0639269406392694
6 0.3647260273972603 0.3036529680365297 0.019406392694063926 0.0776255707762557
2 0.2813926940639269 0.18188736681887366 0.017123287671232876 0.0502283105022831
6 0.3807077625570776 0.2998477929984779 0.019406392694063926 0.0791476407914764
0 0.7808219178082192 0.23668188736681886 0.01141552511415525 0.0593607305936073
0 0.5285388127853882 0.2496194824961948 0.01141552511415525 0.0639269406392694
0 0.9503424657534246 0.19558599695585996 0.019406392694063926 0.1232876712328767
6 0.23401826484018265 0.3036529680365297 0.0182648401826484 0.0471841704718417
0 0.7049086757990868 0.2404870624048706 0.010273972602739725 0.0578386605783866
14 0.3162100456621005 0.3234398782343988 0.0091324200913242 0.0502283105022831
6 0.271689497716895 0.3013698630136986 0.0182648401826484 0.060882800608828
14 0.17180365296803654 0.3401826484018265 0.007990867579908675 0.0441400304414003
10 0.5804794520547946 0.273972602739726 0.10159817351598173 0.0273972602739726
14 0.410958904109589 0.3082191780821918 0.00684931506849315 0.0350076103500761
14 0.1872146118721461 0.3143074581430746 0.0136986301369863 0.0776255707762557
6 0.2990867579908676 0.3059360730593607 0.0182648401826484 0.0639269406392694
2 0.2922374429223744 0.2252663622526636 0.0136986301369863 0.0273972602739726
6 0.3099315068493151 0.3013698630136986 0.017123287671232876 0.0578386605783866
14 0.14840182648401826 0.3363774733637747 0.00684931506849315 0.045662100456621
6 0.7220319634703196 0.258751902587519 0.012557077625570776 0.0243531202435312
0 0.9103881278538812 0.23211567732115676 0.010273972602739725 0.0502283105022831
0 0.3059360730593607 0.23820395738203956 0.01141552511415525 0.0624048706240487
6 0.3493150684931507 0.2998477929984779 0.01598173515981735 0.060882800608828
0 0.6232876712328768 0.24733637747336376 0.01141552511415525 0.0502283105022831
14 0.2773972602739726 0.3181126331811263 0.0091324200913242 0.0334855403348554
14 0.5296803652968036 0.2770167427701674 0.00684931506849315 0.0243531202435312
0 0.9703196347031964 0.22754946727549466 0.01141552511415525 0.0563165905631659
14 0.15353881278538814 0.3287671232876712 0.007990867579908675 0.0487062404870624
3 0.3122146118721461 0.3249619482496195 0.1952054794520548 0.0258751902587519
