10 0.3156392694063927 0.6605783866057838 0.6289954337899544 0.6210045662100456
10 0.7791095890410958 0.4337899543378995 0.2408675799086758 0.1278538812785388
16 0.4383561643835616 0.3066971080669711 0.0182648401826484 0.2998477929984779
6 0.5941780821917808 0.4520547945205479 0.04223744292237443 0.167427701674277
6 0.5513698630136986 0.4307458143074581 0.03424657534246575 0.1126331811263318
3 0.4994292237442922 0.7321156773211568 0.9942922374429224 0.5144596651445966
0 0.9497716894977168 0.3873668188736682 0.0228310502283105 0.1445966514459665
10 0.4223744292237443 0.4079147640791476 0.1415525114155251 0.076103500761035
2 0.14897260273972604 0.23363774733637746 0.030821917808219176 0.0867579908675799
6 0.4743150684931507 0.4398782343987823 0.04452054794520548 0.1461187214611872
6 0.5148401826484018 0.4254185692541857 0.0273972602739726 0.1293759512937595
10 0.3527397260273973 0.3873668188736682 0.04337899543378995 0.0410958904109589
1 0.4246575342465753 0.3234398782343988 0.0182648401826484 0.0441400304414003
6 0.6204337899543378 0.4353120243531202 0.026255707762557076 0.106544901065449
10 0.694634703196347 0.3987823439878234 0.09931506849315068 0.0487062404870624
16 0.17180365296803654 0.2602739726027397 0.021689497716894976 0.2222222222222222
16 0.7151826484018264 0.2846270928462709 0.019406392694063926 0.2678843226788432
7 0.4081050228310502 0.4398782343987823 0.021689497716894976 0.0517503805175038
6 0.634703196347032 0.393455098934551 0.01598173515981735 0.0471841704718417
6 0.4937214611872146 0.4071537290715373 0.019406392694063926 0.0715372907153729
11 0.9771689497716894 0.4353120243531202 0.045662100456621 0.060882800608828
10 0.5445205479452054 0.408675799086758 0.04794520547945205 0.0532724505327245
7 0.6523972602739726 0.441400304414003 0.026255707762557076 0.045662100456621
13 0.9263698630136986 0.4375951293759513 0.028538812785388126 0.0563165905631659
