3 0.5005707762557078 0.6757990867579908 0.9988584474885844 0.6423135464231354
16 0.3270547945205479 0.2686453576864536 0.017123287671232876 0.1689497716894977
0 0.7785388127853882 0.2648401826484018 0.0182648401826484 0.0974124809741248
1 0.2437214611872146 0.1354642313546423 0.021689497716894976 0.0639269406392694
11 0.0502283105022831 0.3637747336377473 0.0821917808219178 0.060882800608828
10 0.7009132420091324 0.2907153729071537 0.08904109589041095 0.0365296803652968
16 0.3555936073059361 0.2770167427701674 0.014840182648401826 0.1552511415525114
0 0.3961187214611872 0.2846270928462709 0.02511415525114155 0.121765601217656
6 0.05136986301369863 0.34779299847793 0.0273972602739726 0.0867579908675799
16 0.8961187214611872 0.2252663622526636 0.02054794520547945 0.1704718417047184
0 0.2437214611872146 0.2929984779299848 0.019406392694063926 0.1141552511415525
0 0.58162100456621 0.2785388127853881 0.014840182648401826 0.121765601217656
10 0.4218036529680365 0.2937595129375951 0.08105022831050228 0.045662100456621
0 0.0702054794520548 0.2945205479452055 0.019406392694063926 0.1050228310502283
1 0.5485159817351598 0.2549467275494673 0.012557077625570776 0.0289193302891933
1 0.3835616438356164 0.1232876712328767 0.0182648401826484 0.060882800608828
16 0.648972602739726 0.24581430745814306 0.012557077625570776 0.1506849315068493
16 0.5428082191780822 0.3066971080669711 0.007990867579908675 0.0715372907153729
16 0.17636986301369864 0.3105022831050228 0.012557077625570776 0.091324200913242
10 0.192351598173516 0.3036529680365297 0.07420091324200913 0.0441400304414003
13 0.00684931506849315 0.3455098934550989 0.01141552511415525 0.0395738203957382
