3 0.5005707762557078 0.7853881278538812 0.9988584474885844 0.4292237442922374
11 0.4143835616438356 0.6948249619482496 0.2876712328767123 0.2450532724505327
7 0.13470319634703196 0.6963470319634704 0.2374429223744292 0.1963470319634703
6 0.1341324200913242 0.6354642313546424 0.07648401826484018 0.2633181126331811
6 0.4452054794520548 0.5449010654490106 0.07534246575342465 0.0974124809741248
6 0.5393835616438356 0.5182648401826484 0.021689497716894976 0.0806697108066971
0 0.4121004566210046 0.4604261796042618 0.0182648401826484 0.1263318112633181
14 0.1723744292237443 0.5509893455098934 0.0091324200913242 0.0547945205479452
14 0.5028538812785388 0.5509893455098934 0.007990867579908675 0.045662100456621
2 0.5565068493150684 0.410958904109589 0.017123287671232876 0.0426179604261796
16 0.567351598173516 0.4649923896499239 0.01141552511415525 0.1780821917808219
16 0.6815068493150684 0.3386605783866058 0.0136986301369863 0.2815829528158295
7 0.6038812785388128 0.5372907153729072 0.0593607305936073 0.0547945205479452
16 0.3247716894977169 0.410958904109589 0.017123287671232876 0.3105022831050228
14 0.5496575342465754 0.5441400304414004 0.007990867579908675 0.0410958904109589
16 0.2802511415525114 0.3599695585996956 0.019406392694063926 0.4185692541856925
0 0.5799086757990868 0.45662100456621 0.01141552511415525 0.0730593607305936
11 0.4537671232876712 0.6423135464231354 0.1952054794520548 0.1552511415525114
6 0.4286529680365297 0.6407914764079148 0.11529680365296803 0.243531202435312
0 0.4589041095890411 0.4649923896499239 0.0136986301369863 0.1050228310502283
0 0.4942922374429224 0.4345509893455099 0.0136986301369863 0.1598173515981735
0 0.5171232876712328 0.4360730593607306 0.0136986301369863 0.1476407914764079
0 0.5428082191780822 0.4231354642313546 0.014840182648401826 0.1126331811263318
