3 0.5644977168949772 0.7313546423135464 0.8710045662100456 0.5372907153729072
14 0.7659817351598174 0.4254185692541857 0.01141552511415525 0.0684931506849315
14 0.4703196347031963 0.4299847792998478 0.0091324200913242 0.0532724505327245
16 0.5684931506849316 0.34779299847793 0.0136986301369863 0.2085235920852359
2 0.5570776255707762 0.2899543378995434 0.01598173515981735 0.0441400304414003
7 0.7003424657534246 0.4147640791476408 0.06278538812785388 0.0624048706240487
16 0.9486301369863014 0.3515981735159817 0.01141552511415525 0.1187214611872146
14 0.5251141552511416 0.4307458143074581 0.0091324200913242 0.0517503805175038
19 0.7916666666666666 0.4155251141552511 0.017123287671232876 0.0365296803652968
16 0.7591324200913242 0.0684931506849315 0.0136986301369863 0.1308980213089802
16 0.6546803652968036 0.0700152207001522 0.019406392694063926 0.136986301369863
