4 0.6102941176470589 0.6176470588235294 0.4147058823529412 0.7588235294117647
11 0.9637254901960784 0.21801470588235294 0.06862745098039216 0.07867647058823529
11 0.7088235294117647 0.17904411764705883 0.025490196078431372 0.03308823529411765
10 0.6897058823529412 0.14522058823529413 0.028431372549019607 0.019852941176470587
11 0.5897058823529412 0.1661764705882353 0.014705882352941176 0.016176470588235296
11 0.765686274509804 0.20477941176470588 0.056862745098039215 0.06102941176470588
11 0.8867647058823529 0.19926470588235295 0.06372549019607843 0.06323529411764706
6 0.8877450980392156 0.1801470588235294 0.05588235294117647 0.06470588235294118
16 0.11911764705882352 0.20772058823529413 0.18333333333333332 0.4139705882352941
16 0.6147058823529412 0.07352941176470588 0.01764705882352941 0.14558823529411766
11 0.611764705882353 0.15698529411764706 0.013725490196078431 0.015441176470588236
6 0.7088235294117647 0.1650735294117647 0.027450980392156862 0.03455882352941177
6 0.7617647058823529 0.1827205882352941 0.047058823529411764 0.06691176470588235
16 0.7534313725490196 0.1150735294117647 0.014705882352941176 0.06838235294117648
7 0.6568627450980392 0.1922794117647059 0.029411764705882353 0.04485294117647059
6 0.6588235294117647 0.175 0.03137254901960784 0.052941176470588235
6 0.9715686274509804 0.19044117647058822 0.056862745098039215 0.08823529411764706
3 0.45637254901960783 0.18676470588235294 0.09313725490196079 0.03676470588235294
6 0.4549019607843137 0.1588235294117647 0.013725490196078431 0.016176470588235296
6 0.6416666666666667 0.16433823529411765 0.022549019607843137 0.03308823529411765
6 0.5901960784313726 0.1547794117647059 0.013725490196078431 0.0125
6 0.6112745098039216 0.14963235294117647 0.012745098039215686 0.015441176470588236
11 0.640686274509804 0.17426470588235293 0.022549019607843137 0.027941176470588237
6 0.7872549019607843 0.17941176470588235 0.029411764705882353 0.057352941176470586
11 0.788235294117647 0.19522058823529412 0.027450980392156862 0.04485294117647059
16 0.9156862745098039 0.07352941176470588 0.047058823529411764 0.14558823529411766
16 0.33578431372549017 0.1323529411764706 0.06568627450980392 0.26323529411764707
6 0.5656862745098039 0.14191176470588235 0.011764705882352941 0.008823529411764706
5 0.9191176470588235 0.11213235294117647 0.012745098039215686 0.009558823529411765
11 0.45588235294117646 0.16654411764705881 0.013725490196078431 0.013970588235294118
11 0.5647058823529412 0.15 0.011764705882352941 0.010294117647058823
6 0.5838235294117647 0.14963235294117647 0.010784313725490196 0.015441176470588236
5 0.8338235294117647 0.08125 0.012745098039215686 0.0125
