3 0.490296803652968 0.7937595129375952 0.978310502283105 0.4124809741248097
7 0.3881278538812785 0.4429223744292237 0.0958904109589041 0.1308980213089802
10 0.21689497716894976 0.3546423135464231 0.0684931506849315 0.0487062404870624
6 0.5519406392694064 0.3607305936073059 0.021689497716894976 0.0730593607305936
16 0.5799086757990868 0.3028919330289193 0.02968036529680365 0.5814307458143074
11 0.07990867579908675 0.3645357686453577 0.0502283105022831 0.0441400304414003
10 0.3561643835616438 0.3462709284627093 0.04337899543378995 0.0319634703196347
16 0.1735159817351598 0.24581430745814306 0.03881278538812785 0.4794520547945205
1 0.5445205479452054 0.0837138508371385 0.05251141552511415 0.1491628614916286
16 0.680365296803653 0.20167427701674276 0.02511415525114155 0.3972602739726027
0 0.3042237442922374 0.3356164383561644 0.010273972602739725 0.0471841704718417
6 0.079337899543379 0.3508371385083714 0.021689497716894976 0.0532724505327245
2 0.3864155251141553 0.2039573820395738 0.012557077625570776 0.0365296803652968
16 0.4257990867579909 0.3097412480974125 0.0091324200913242 0.1324200913242009
2 0.3972602739726027 0.20471841704718416 0.01141552511415525 0.0319634703196347
5 0.6015981735159818 0.2754946727549467 0.0228310502283105 0.0334855403348554
0 0.261986301369863 0.3356164383561644 0.010273972602739725 0.0532724505327245
16 0.24942922374429224 0.286910197869102 0.010273972602739725 0.1324200913242009
3 0.3224885844748858 0.3736681887366819 0.14269406392694065 0.0197869101978691
