3 0.410958904109589 0.7473363774733638 0.819634703196347 0.4931506849315068
2 0.730593607305936 0.22146118721461186 0.0228310502283105 0.0624048706240487
10 0.8122146118721462 0.4406392694063927 0.03538812785388128 0.0319634703196347
0 0.5085616438356164 0.408675799086758 0.021689497716894976 0.1659056316590563
16 0.2876712328767123 0.3455098934550989 0.0182648401826484 0.3074581430745814
0 0.16666666666666666 0.4254185692541857 0.02968036529680365 0.1415525114155251
1 0.2614155251141553 0.14383561643835616 0.0319634703196347 0.0837138508371385
16 0.9823059360730594 0.380517503805175 0.012557077625570776 0.182648401826484
5 0.2905251141552511 0.2846270928462709 0.017123287671232876 0.0426179604261796
16 0.1952054794520548 0.4299847792998478 0.01141552511415525 0.1354642313546423
0 0.7311643835616438 0.4094368340943683 0.014840182648401826 0.1095890410958904
16 0.3829908675799087 0.363013698630137 0.014840182648401826 0.2694063926940639
1 0.6301369863013698 0.34779299847793 0.01598173515981735 0.0380517503805175
16 0.6375570776255708 0.3797564687975647 0.014840182648401826 0.2237442922374429
10 0.7711187214611872 0.4398782343987823 0.021689497716894976 0.0213089802130898
3 0.829337899543379 0.4984779299847793 0.339041095890411 0.0319634703196347
0 0.9172374429223744 0.4307458143074581 0.012557077625570776 0.0639269406392694
19 0.6084474885844748 0.4794520547945205 0.0091324200913242 0.0243531202435312
