3 0.5005707762557078 0.7648401826484018 0.9988584474885844 0.4703196347031963
6 0.06107305936073059 0.5943683409436834 0.09018264840182648 0.2876712328767123
10 0.6421232876712328 0.5060882800608828 0.15182648401826485 0.0654490106544901
14 0.2151826484018265 0.547945205479452 0.014840182648401826 0.0730593607305936
2 0.45662100456621 0.4147640791476408 0.0136986301369863 0.0319634703196347
0 0.4092465753424658 0.4558599695585997 0.017123287671232876 0.1111111111111111
16 0.2962328767123288 0.4786910197869102 0.007990867579908675 0.0837138508371385
16 0.3607305936073059 0.4482496194824962 0.0182648401826484 0.1476407914764079
0 0.9337899543378996 0.4604261796042618 0.01141552511415525 0.0563165905631659
16 0.7408675799086758 0.4330289193302892 0.01141552511415525 0.1537290715372907
0 0.952054794520548 0.4604261796042618 0.01141552511415525 0.0563165905631659
0 0.7676940639269406 0.4550989345509893 0.010273972602739725 0.0974124809741248
0 0.6815068493150684 0.4497716894977169 0.0182648401826484 0.0624048706240487
6 0.8744292237442922 0.4771689497716895 0.0136986301369863 0.0350076103500761
16 0.4486301369863014 0.4459665144596651 0.01141552511415525 0.1491628614916286
6 0.7545662100456622 0.4893455098934551 0.0136986301369863 0.0441400304414003
0 0.9788812785388128 0.4589041095890411 0.010273972602739725 0.0684931506849315
7 0.8738584474885844 0.4931506849315068 0.017123287671232876 0.0243531202435312
6 0.307648401826484 0.4931506849315068 0.017123287671232876 0.0517503805175038
0 0.0091324200913242 0.4558599695585997 0.01598173515981735 0.1080669710806697
0 0.8972602739726028 0.4611872146118721 0.0091324200913242 0.0487062404870624
16 0.24029680365296804 0.4216133942161339 0.014840182648401826 0.2039573820395738
