10 0.14897260273972604 0.3455098934550989 0.295662100456621 0.1400304414003044
8 0.10844748858447488 0.24733637747336376 0.2146118721461187 0.1719939117199391
11 0.4897260273972603 0.3515981735159817 0.05251141552511415 0.045662100456621
0 0.6472602739726028 0.2876712328767123 0.0136986301369863 0.0974124809741248
16 0.5633561643835616 0.2952815829528158 0.010273972602739725 0.1308980213089802
1 0.571917808219178 0.2572298325722983 0.0136986301369863 0.0334855403348554
3 0.5970319634703196 0.624048706240487 0.8059360730593608 0.5357686453576864
0 0.432648401826484 0.3165905631659056 0.0136986301369863 0.0882800608828006
6 0.8578767123287672 0.3356164383561644 0.017123287671232876 0.0441400304414003
6 0.490296803652968 0.3340943683409437 0.021689497716894976 0.0593607305936073
16 0.07134703196347032 0.0852359208523592 0.014840182648401826 0.1643835616438356
6 0.9509132420091324 0.3363774733637747 0.0182648401826484 0.0487062404870624
