3 0.5005707762557078 0.7633181126331812 0.9988584474885844 0.4733637747336377
11 0.553082191780822 0.5053272450532724 0.05365296803652968 0.0547945205479452
6 0.5547945205479452 0.4863013698630137 0.0273972602739726 0.0715372907153729
16 0.4155251141552511 0.454337899543379 0.01598173515981735 0.1263318112633181
2 0.4149543378995434 0.3713850837138508 0.019406392694063926 0.0426179604261796
0 0.680365296803653 0.4216133942161339 0.0136986301369863 0.1156773211567732
3 0.8915525114155252 0.4916286149162861 0.2146118721461187 0.0334855403348554
2 0.7174657534246576 0.3744292237442922 0.012557077625570776 0.0334855403348554
13 0.3932648401826484 0.4908675799086758 0.033105022831050226 0.0624048706240487
16 0.4720319634703196 0.2496194824961948 0.019406392694063926 0.4657534246575342
0 0.03595890410958904 0.426179604261796 0.026255707762557076 0.0943683409436834
16 0.5958904109589042 0.273972602739726 0.01598173515981735 0.365296803652968
6 0.726027397260274 0.4520547945205479 0.01141552511415525 0.0273972602739726
16 0.7608447488584474 0.34779299847793 0.010273972602739725 0.2176560121765601
16 0.7134703196347032 0.4360730593607306 0.0091324200913242 0.0898021308980213
16 0.6552511415525114 0.4178082191780822 0.01141552511415525 0.1141552511415525
16 0.6957762557077626 0.4216133942161339 0.007990867579908675 0.1248097412480974
0 0.625 0.4315068493150685 0.007990867579908675 0.0654490106544901
16 0.625 0.4315068493150685 0.007990867579908675 0.0624048706240487
7 0.7779680365296804 0.4786910197869102 0.023972602739726026 0.0441400304414003
12 0.7545662100456622 0.4946727549467275 0.01141552511415525 0.030441400304414
12 0.7728310502283106 0.4916286149162861 0.01141552511415525 0.0273972602739726
0 0.3156392694063927 0.4444444444444444 0.021689497716894976 0.076103500761035
