3 0.5005707762557078 0.6666666666666666 0.9988584474885844 0.6636225266362252
6 0.6386986301369864 0.3249619482496195 0.06506849315068493 0.1933028919330289
10 0.9172374429223744 0.3013698630136986 0.16552511415525115 0.1308980213089802
16 0.3030821917808219 0.1659056316590563 0.028538812785388126 0.3226788432267884
10 0.1723744292237443 0.3006088280060883 0.05707762557077625 0.0532724505327245
7 0.6421232876712328 0.3888888888888889 0.04452054794520548 0.1171993911719939
2 0.4994292237442922 0.19406392694063926 0.017123287671232876 0.0410958904109589
10 0.12557077625570776 0.2929984779299848 0.0365296803652968 0.0289193302891933
16 0.8299086757990868 0.23668188736681886 0.01141552511415525 0.0867579908675799
14 0.410958904109589 0.317351598173516 0.0091324200913242 0.0410958904109589
13 0.3692922374429224 0.3089802130898021 0.03538812785388128 0.0426179604261796
0 0.6301369863013698 0.20471841704718416 0.02054794520547945 0.0776255707762557
16 0.7602739726027398 0.16057838660578386 0.0182648401826484 0.3089802130898021
10 0.079337899543379 0.2952815829528158 0.05821917808219178 0.0273972602739726
11 0.6757990867579908 0.2945205479452055 0.0182648401826484 0.0563165905631659
16 0.509703196347032 0.2207001522070015 0.010273972602739725 0.1126331811263318
16 0.7391552511415526 0.1963470319634703 0.017123287671232876 0.2313546423135464
16 0.6894977168949772 0.20776255707762556 0.0091324200913242 0.0898021308980213
3 0.11700913242009132 0.3401826484018265 0.2317351598173516 0.0289193302891933
16 0.23573059360730594 0.2070015220700152 0.012557077625570776 0.121765601217656
6 0.5296803652968036 0.289193302891933 0.02511415525114155 0.0791476407914764
6 0.3972602739726027 0.2853881278538813 0.0228310502283105 0.0715372907153729
14 0.4509132420091324 0.3181126331811263 0.0091324200913242 0.0395738203957382
11 0.2180365296803653 0.3066971080669711 0.01598173515981735 0.0319634703196347
6 0.21746575342465754 0.2945205479452055 0.014840182648401826 0.0380517503805175
7 0.4674657534246575 0.3089802130898021 0.028538812785388126 0.0487062404870624
6 0.7254566210045662 0.2724505327245053 0.017123287671232876 0.0639269406392694
5 0.1934931506849315 0.1415525114155251 0.026255707762557076 0.0365296803652968
10 0.882420091324201 0.2876712328767123 0.17123287671232876 0.1095890410958904
11 0.696917808219178 0.2899543378995434 0.023972602739726026 0.0593607305936073
