3 0.5011415525114156 0.7252663622526636 0.997716894977169 0.5494672754946728
10 0.9486301369863014 0.4155251141552511 0.10273972602739725 0.228310502283105
6 0.4520547945205479 0.3812785388127854 0.04337899543378995 0.1841704718417047
10 0.3236301369863014 0.3645357686453577 0.07876712328767123 0.0715372907153729
6 0.4794520547945205 0.3508371385083714 0.0182648401826484 0.0715372907153729
0 0.9269406392694064 0.2595129375951294 0.02968036529680365 0.1050228310502283
0 0.7608447488584474 0.286910197869102 0.014840182648401826 0.0989345509893455
16 0.5028538812785388 0.2633181126331811 0.017123287671232876 0.2222222222222222
1 0.526255707762557 0.2671232876712329 0.01141552511415525 0.0319634703196347
16 0.8162100456621004 0.2838660578386606 0.01141552511415525 0.1050228310502283
16 0.5639269406392694 0.13774733637747336 0.01598173515981735 0.2207001522070015
2 0.1432648401826484 0.15144596651445966 0.03767123287671233 0.1202435312024353
6 0.4937214611872146 0.3439878234398782 0.014840182648401826 0.0639269406392694
16 0.5222602739726028 0.3112633181126332 0.010273972602739725 0.1293759512937595
10 0.9486301369863014 0.3082191780821918 0.10273972602739725 0.0410958904109589
3 0.4526255707762557 0.4025875190258752 0.3573059360730594 0.0441400304414003
3 0.08732876712328767 0.4003044140030441 0.1723744292237443 0.0273972602739726
10 0.8670091324200914 0.3036529680365297 0.08561643835616438 0.0319634703196347
10 0.7288812785388128 0.3097412480974125 0.12442922374429223 0.0410958904109589
