3 0.5011415525114156 0.715372907153729 0.997716894977169 0.5692541856925418
13 0.7323059360730594 0.380517503805175 0.06506849315068493 0.0821917808219178
1 0.2528538812785388 0.18340943683409436 0.026255707762557076 0.0624048706240487
0 0.6375570776255708 0.3013698630136986 0.023972602739726026 0.2222222222222222
14 0.319634703196347 0.3873668188736682 0.0136986301369863 0.0776255707762557
14 0.4132420091324201 0.3888888888888889 0.0136986301369863 0.0806697108066971
16 0.805365296803653 0.2732115677321157 0.028538812785388126 0.2815829528158295
0 0.0639269406392694 0.258751902587519 0.0319634703196347 0.2526636225266362
16 0.2391552511415525 0.22298325722983256 0.023972602739726026 0.3789954337899543
14 0.83675799086758 0.4337899543378995 0.0136986301369863 0.076103500761035
7 0.896689497716895 0.3828006088280061 0.10388127853881278 0.0776255707762557
0 0.920662100456621 0.2633181126331811 0.019406392694063926 0.0730593607305936
0 0.11358447488584475 0.1917808219178082 0.028538812785388126 0.1643835616438356
16 0.012557077625570776 0.15905631659056316 0.0228310502283105 0.2146118721461187
