3 0.4463470319634703 0.7397260273972602 0.8904109589041096 0.5205479452054794
1 0.4081050228310502 0.24885844748858446 0.023972602739726026 0.0563165905631659
6 0.3732876712328767 0.426179604261796 0.045662100456621 0.1248097412480974
10 0.9166666666666666 0.380517503805175 0.045662100456621 0.0334855403348554
10 0.8613013698630136 0.3729071537290715 0.03767123287671233 0.0334855403348554
14 0.3047945205479452 0.4353120243531202 0.01141552511415525 0.0700152207001522
14 0.22203196347031964 0.4398782343987823 0.010273972602739725 0.0791476407914764
16 0.4417808219178082 0.3721461187214612 0.01141552511415525 0.1598173515981735
11 0.8881278538812786 0.4010654490106545 0.03424657534246575 0.0289193302891933
14 0.07191780821917808 0.4619482496194825 0.01598173515981735 0.1171993911719939
14 0.09703196347031963 0.4299847792998478 0.01141552511415525 0.0654490106544901
0 0.7488584474885844 0.34779299847793 0.0228310502283105 0.1263318112633181
6 0.8441780821917808 0.3866057838660578 0.012557077625570776 0.045662100456621
6 0.8321917808219178 0.3888888888888889 0.01598173515981735 0.0471841704718417
6 0.8886986301369864 0.3866057838660578 0.017123287671232876 0.0365296803652968
10 0.973744292237443 0.3828006088280061 0.05251141552511415 0.0319634703196347
16 0.3944063926940639 0.319634703196347 0.012557077625570776 0.2526636225266362
1 0.8242009132420092 0.2792998477929985 0.01141552511415525 0.0319634703196347
2 0.8133561643835616 0.2808219178082192 0.010273972602739725 0.0319634703196347
16 0.7808219178082192 0.3432267884322679 0.01141552511415525 0.1171993911719939
10 0.8082191780821918 0.3744292237442922 0.02968036529680365 0.0182648401826484
16 0.9703196347031964 0.3036529680365297 0.01141552511415525 0.1293759512937595
4 0.2557077625570776 0.4649923896499239 0.0547945205479452 0.0319634703196347
7 0.8310502283105022 0.4063926940639269 0.01141552511415525 0.0334855403348554
