3 0.4931506849315068 0.7374429223744292 0.9771689497716894 0.5251141552511416
11 0.8721461187214612 0.7838660578386606 0.2557077625570776 0.4292237442922374
10 0.10844748858447488 0.4459665144596651 0.16210045662100456 0.0639269406392694
11 0.7722602739726028 0.4596651445966514 0.033105022831050226 0.0517503805175038
6 0.958904109589041 0.7343987823439878 0.0821917808219178 0.5038051750380518
6 0.6255707762557078 0.4383561643835616 0.0182648401826484 0.045662100456621
16 0.9297945205479452 0.3546423135464231 0.014840182648401826 0.1582952815829528
11 0.625 0.4512937595129376 0.033105022831050226 0.0319634703196347
1 0.5485159817351598 0.3683409436834094 0.012557077625570776 0.030441400304414
0 0.466324200913242 0.4048706240487062 0.017123287671232876 0.1126331811263318
16 0.29337899543379 0.3295281582952816 0.0136986301369863 0.2754946727549467
3 0.7865296803652968 0.469558599695586 0.4269406392694064 0.0350076103500761
16 0.3521689497716895 0.3592085235920852 0.012557077625570776 0.2161339421613394
10 0.8036529680365296 0.4162861491628615 0.03881278538812785 0.0197869101978691
6 0.7699771689497716 0.4299847792998478 0.023972602739726026 0.0380517503805175
0 0.5873287671232876 0.410958904109589 0.010273972602739725 0.0852359208523592
0 0.9726027397260274 0.4048706240487062 0.01141552511415525 0.0578386605783866
16 0.567351598173516 0.3675799086757991 0.01141552511415525 0.1659056316590563
16 0.0182648401826484 0.5806697108066972 0.03424657534246575 0.8386605783866058
16 0.5507990867579908 0.4223744292237443 0.007990867579908675 0.0806697108066971
16 0.4269406392694064 0.3386605783866058 0.01141552511415525 0.2541856925418569
1 0.3202054794520548 0.22146118721461186 0.021689497716894976 0.0654490106544901
14 0.9623287671232876 0.4505327245053272 0.00684931506849315 0.030441400304414
16 0.601027397260274 0.2754946727549467 0.014840182648401826 0.350076103500761
7 0.988013698630137 0.4353120243531202 0.021689497716894976 0.0243531202435312
