3 0.5 0.7176560121765602 0.997716894977169 0.5646879756468798
16 0.384703196347032 0.2724505327245053 0.0182648401826484 0.3013698630136986
16 0.2688356164383562 0.2161339421613394 0.028538812785388126 0.4292237442922374
7 0.1324200913242009 0.4025875190258752 0.02968036529680365 0.0654490106544901
1 0.3978310502283105 0.2754946727549467 0.019406392694063926 0.045662100456621
0 0.028538812785388126 0.350076103500761 0.0182648401826484 0.167427701674277
7 0.08732876712328767 0.4033485540334855 0.026255707762557076 0.0669710806697108
5 0.6575342465753424 0.2861491628614916 0.02968036529680365 0.0395738203957382
16 0.1495433789954338 0.3462709284627093 0.01598173515981735 0.1719939117199391
7 0.053082191780821915 0.4063926940639269 0.030821917808219176 0.060882800608828
0 0.7460045662100456 0.3074581430745814 0.017123287671232876 0.0669710806697108
0 0.7100456621004566 0.3051750380517504 0.0182648401826484 0.0684931506849315
0 0.7945205479452054 0.3105022831050228 0.0136986301369863 0.0639269406392694
11 0.16723744292237444 0.4033485540334855 0.021689497716894976 0.060882800608828
6 0.5684931506849316 0.3531202435312024 0.01598173515981735 0.0578386605783866
16 0.6541095890410958 0.3774733637747336 0.0091324200913242 0.0730593607305936
12 0.6050228310502284 0.380517503805175 0.0091324200913242 0.0243531202435312
