6 0.4977168949771689 0.6202435312024354 0.06621004566210045 0.2420091324200913
6 0.3487442922374429 0.6712328767123288 0.09474885844748858 0.3165905631659056
6 0.3984018264840183 0.6149162861491628 0.0593607305936073 0.2191780821917808
10 0.6815068493150684 0.5243531202435312 0.1050228310502283 0.0441400304414003
10 0.8635844748858448 0.5296803652968036 0.11529680365296803 0.0395738203957382
10 0.5473744292237442 0.5296803652968036 0.07420091324200913 0.0365296803652968
14 0.6050228310502284 0.6149162861491628 0.01141552511415525 0.0852359208523592
14 0.4571917808219178 0.6453576864535768 0.012557077625570776 0.106544901065449
16 0.2773972602739726 0.4398782343987823 0.0091324200913242 0.2009132420091324
1 0.5547945205479452 0.4444444444444444 0.01598173515981735 0.0365296803652968
3 0.4628995433789954 0.8546423135464232 0.9143835616438356 0.2876712328767123
16 0.8025114155251142 0.4003044140030441 0.01141552511415525 0.2709284627092846
1 0.4469178082191781 0.4809741248097412 0.007990867579908675 0.0182648401826484
16 0.4360730593607306 0.4642313546423135 0.0091324200913242 0.1491628614916286
10 0.764269406392694 0.528158295281583 0.06735159817351598 0.0426179604261796
16 0.7146118721461188 0.4269406392694064 0.0091324200913242 0.1567732115677321
16 0.3333333333333333 0.4657534246575342 0.0091324200913242 0.0882800608828006
16 0.5667808219178082 0.4497716894977169 0.012557077625570776 0.2115677321156773
16 0.7779680365296804 0.4246575342465753 0.010273972602739725 0.1796042617960426
16 0.8133561643835616 0.4063926940639269 0.010273972602739725 0.258751902587519
3 0.4457762557077626 0.6118721461187214 0.4143835616438356 0.0974124809741248
16 0.3418949771689498 0.4649923896499239 0.007990867579908675 0.0898021308980213
9 0.9406392694063926 0.4977168949771689 0.1187214611872146 0.1004566210045662
14 0.4651826484018265 0.541095890410959 0.005707762557077625 0.0350076103500761
14 0.4720319634703196 0.5403348554033486 0.005707762557077625 0.0334855403348554
