11 0.559931506849315 0.758751902587519 0.4349315068493151 0.3729071537290715
6 0.5644977168949772 0.669710806697108 0.1678082191780822 0.4231354642313546
16 0.6307077625570776 0.2853881278538813 0.026255707762557076 0.5616438356164384
10 0.09531963470319635 0.5068493150684932 0.18835616438356165 0.0791476407914764
1 0.6118721461187214 0.2861491628614916 0.0319634703196347 0.0730593607305936
13 0.2888127853881279 0.5509893455098934 0.04337899543378995 0.091324200913242
14 0.889269406392694 0.6187214611872146 0.0228310502283105 0.1385083713850837
3 0.4754566210045662 0.7952815829528158 0.9486301369863014 0.4094368340943683
10 0.4834474885844749 0.4923896499238965 0.14269406392694065 0.0898021308980213
0 0.964041095890411 0.3394216133942161 0.04680365296803653 0.3135464231354642
10 0.8310502283105022 0.4322678843226788 0.1643835616438356 0.0334855403348554
15 0.20776255707762556 0.5076103500761036 0.0136986301369863 0.0319634703196347
15 0.2374429223744292 0.5076103500761036 0.01598173515981735 0.0319634703196347
