3 0.4834474885844749 0.7351598173515982 0.9143835616438356 0.5296803652968036
10 0.8281963470319634 0.332572298325723 0.04452054794520548 0.0441400304414003
0 0.7585616438356164 0.3120243531202435 0.03995433789954338 0.2343987823439878
6 0.6820776255707762 0.3356164383561644 0.019406392694063926 0.0624048706240487
0 0.3156392694063927 0.2907153729071537 0.03538812785388128 0.273972602739726
10 0.797945205479452 0.3272450532724505 0.02511415525114155 0.0273972602739726
6 0.7180365296803652 0.3371385083713851 0.0182648401826484 0.0654490106544901
6 0.7014840182648402 0.3363774733637747 0.019406392694063926 0.0700152207001522
10 0.7785388127853882 0.3158295281582953 0.01598173515981735 0.0197869101978691
0 0.01141552511415525 0.2541856925418569 0.02054794520547945 0.1613394216133942
0 0.4121004566210046 0.3272450532724505 0.0182648401826484 0.1461187214611872
0 0.3356164383561644 0.3257229832572298 0.01141552511415525 0.0943683409436834
16 0.033105022831050226 0.547945205479452 0.0639269406392694 0.4657534246575342
0 0.20319634703196346 0.3158295281582953 0.0182648401826484 0.0958904109589041
0 0.9634703196347032 0.2968036529680365 0.01141552511415525 0.0578386605783866
