10 0.3607305936073059 0.3249619482496195 0.23059360730593606 0.1171993911719939
11 0.7248858447488584 0.3310502283105023 0.0410958904109589 0.0350076103500761
10 0.02968036529680365 0.3447488584474886 0.05707762557077625 0.1445966514459665
0 0.4360730593607306 0.2557077625570776 0.01141552511415525 0.0821917808219178
16 0.8567351598173516 0.271689497716895 0.012557077625570776 0.1050228310502283
6 0.726027397260274 0.3158295281582953 0.0182648401826484 0.0441400304414003
0 0.21289954337899544 0.2922374429223744 0.017123287671232876 0.0974124809741248
1 0.3595890410958904 0.23668188736681886 0.01141552511415525 0.0289193302891933
16 0.3504566210045662 0.2465753424657534 0.01141552511415525 0.0669710806697108
3 0.5005707762557078 0.6719939117199392 0.9988584474885844 0.6438356164383562
6 0.704337899543379 0.3188736681887367 0.01598173515981735 0.0441400304414003
5 0.9023972602739726 0.2800608828006088 0.014840182648401826 0.0213089802130898
