3 0.2928082191780822 0.7617960426179604 0.5833333333333334 0.4764079147640791
8 0.3105022831050228 0.4505327245053272 0.14383561643835616 0.1248097412480974
11 0.7614155251141552 0.5449010654490106 0.1187214611872146 0.0882800608828006
6 0.8932648401826484 0.5083713850837138 0.03767123287671233 0.0882800608828006
11 0.8938356164383562 0.5319634703196348 0.09817351598173515 0.0776255707762557
2 0.4001141552511416 0.2747336377473364 0.017123287671232876 0.0502283105022831
11 0.6963470319634704 0.5342465753424658 0.0502283105022831 0.0791476407914764
2 0.41837899543379 0.2754946727549467 0.017123287671232876 0.0487062404870624
0 0.14098173515981735 0.4459665144596651 0.014840182648401826 0.0791476407914764
6 0.7608447488584474 0.525875190258752 0.04680365296803653 0.1293759512937595
16 0.5764840182648402 0.3751902587519026 0.0136986301369863 0.2846270928462709
6 0.1934931506849315 0.4726027397260274 0.017123287671232876 0.0471841704718417
16 0.03139269406392694 0.4368340943683409 0.007990867579908675 0.0974124809741248
16 0.4720319634703196 0.395738203957382 0.010273972602739725 0.2191780821917808
11 0.1917808219178082 0.4863013698630137 0.0273972602739726 0.0319634703196347
6 0.0502283105022831 0.4832572298325723 0.0182648401826484 0.0532724505327245
6 0.7288812785388128 0.4901065449010654 0.033105022831050226 0.0578386605783866
10 0.4583333333333333 0.4550989345509893 0.014840182648401826 0.0213089802130898
16 0.1735159817351598 0.4512937595129376 0.00684931506849315 0.0684931506849315
0 0.5519406392694064 0.4444444444444444 0.012557077625570776 0.0791476407914764
2 0.4800228310502283 0.4025875190258752 0.007990867579908675 0.0258751902587519
6 0.12100456621004566 0.4611872146118721 0.01598173515981735 0.0426179604261796
6 0.10730593607305935 0.4627092846270928 0.0136986301369863 0.0517503805175038
3 0.2551369863013699 0.5114155251141552 0.3938356164383562 0.0273972602739726
10 0.4942922374429224 0.4558599695585997 0.01598173515981735 0.0228310502283105
14 0.4554794520547945 0.4840182648401826 0.00684931506849315 0.030441400304414
14 0.4748858447488584 0.4855403348554033 0.00684931506849315 0.030441400304414
