3 0.3635844748858447 0.6902587519025876 0.7248858447488584 0.6073059360730594
11 0.1341324200913242 0.4025875190258752 0.11986301369863013 0.1111111111111111
6 0.5702054794520548 0.3363774733637747 0.03995433789954338 0.136986301369863
6 0.13013698630136986 0.3675799086757991 0.04794520547945205 0.1293759512937595
1 0.6763698630136986 0.1491628614916286 0.028538812785388126 0.0639269406392694
0 0.3441780821917808 0.2648401826484018 0.026255707762557076 0.213089802130898
0 0.6404109589041096 0.2207001522070015 0.03424657534246575 0.2770167427701674
0 0.079337899543379 0.256468797564688 0.033105022831050226 0.2207001522070015
0 0.9817351598173516 0.17579908675799086 0.03424657534246575 0.3059360730593607
19 0.7077625570776256 0.3371385083713851 0.02054794520547945 0.0471841704718417
14 0.384703196347032 0.3447488584474886 0.0136986301369863 0.0684931506849315
0 0.8858447488584474 0.20319634703196346 0.0273972602739726 0.1872146118721461
16 0.694634703196347 0.18188736681887366 0.017123287671232876 0.3607305936073059
0 0.5513698630136986 0.13318112633181126 0.02054794520547945 0.1811263318112633
0 0.7151826484018264 0.22146118721461186 0.019406392694063926 0.1567732115677321
