6 0.09852941176470588 0.3136029411764706 0.1264705882352941 0.14926470588235294
11 0.09264705882352942 0.35661764705882354 0.15196078431372548 0.15441176470588236
10 0.21568627450980393 0.2161764705882353 0.043137254901960784 0.026470588235294117
6 0.3122549019607843 0.24705882352941178 0.04607843137254902 0.05588235294117647
11 0.3137254901960784 0.27242647058823527 0.043137254901960784 0.05367647058823529
11 0.2803921568627451 0.2525735294117647 0.03137254901960784 0.04044117647058824
11 0.3897058823529412 0.23933823529411766 0.024509803921568627 0.030147058823529412
6 0.528921568627451 0.2525735294117647 0.016666666666666666 0.025735294117647058
6 0.3877450980392157 0.22169117647058822 0.022549019607843137 0.021323529411764706
0 0.23676470588235293 0.1988970588235294 0.022549019607843137 0.06397058823529411
6 0.28284313725490196 0.22830882352941176 0.03235294117647059 0.028676470588235293
0 0.34558823529411764 0.19852941176470587 0.014705882352941176 0.03823529411764706
11 0.4215686274509804 0.225 0.01568627450980392 0.016176470588235296
0 0.2985294117647059 0.19117647058823528 0.020588235294117647 0.060294117647058824
6 0.421078431372549 0.21544117647058825 0.012745098039215686 0.014705882352941176
4 0.5004901960784314 0.6985294117647058 0.3303921568627451 0.6029411764705882
10 0.08284313725490196 0.21433823529411763 0.07156862745098039 0.03308823529411765
0 0.03823529411764706 0.18345588235294116 0.0196078431372549 0.05220588235294118
