3 0.6735159817351598 0.6894977168949772 0.6506849315068494 0.6210045662100456
10 0.8470319634703196 0.3508371385083714 0.3036529680365297 0.1445966514459665
10 0.519406392694064 0.3112633181126332 0.10730593607305935 0.0776255707762557
10 0.24486301369863014 0.3089802130898021 0.12442922374429223 0.0639269406392694
10 0.10159817351598173 0.3097412480974125 0.0593607305936073 0.0532724505327245
0 0.740296803652968 0.2465753424657534 0.023972602739726026 0.15220700152207
10 0.17123287671232876 0.3059360730593607 0.0547945205479452 0.0517503805175038
16 0.8521689497716894 0.2480974124809741 0.012557077625570776 0.0700152207001522
1 0.6027397260273972 0.2085235920852359 0.0182648401826484 0.0395738203957382
12 0.384703196347032 0.3363774733637747 0.01598173515981735 0.0334855403348554
14 0.4537671232876712 0.3424657534246575 0.010273972602739725 0.0517503805175038
0 0.062214611872146115 0.2838660578386606 0.017123287671232876 0.0867579908675799
12 0.3133561643835616 0.3310502283105023 0.014840182648401826 0.0350076103500761
14 0.5736301369863014 0.34779299847793 0.007990867579908675 0.0471841704718417
0 0.9931506849315068 0.2534246575342466 0.0136986301369863 0.1324200913242009
12 0.24486301369863014 0.3295281582952816 0.012557077625570776 0.0350076103500761
16 0.6135844748858448 0.2252663622526636 0.010273972602739725 0.2831050228310502
6 0.06278538812785388 0.3028919330289193 0.0228310502283105 0.0487062404870624
12 0.23573059360730594 0.3287671232876712 0.010273972602739725 0.0334855403348554
