3 0.5005707762557078 0.7511415525114156 0.9988584474885844 0.4977168949771689
16 0.3418949771689498 0.2899543378995434 0.017123287671232876 0.2389649923896499
16 0.6404109589041096 0.2465753424657534 0.03424657534246575 0.4809741248097412
3 0.13812785388127855 0.4330289193302892 0.273972602739726 0.1019786910197869
2 0.6215753424657534 0.20167427701674276 0.03995433789954338 0.0989345509893455
10 0.285958904109589 0.3028919330289193 0.03538812785388128 0.030441400304414
16 0.7625570776255708 0.3318112633181126 0.02968036529680365 0.3318112633181126
5 0.3367579908675799 0.1202435312024353 0.04337899543378995 0.060882800608828
1 0.610730593607306 0.0730593607305936 0.04794520547945205 0.1430745814307458
0 0.4035388127853881 0.2899543378995434 0.021689497716894976 0.1537290715372907
10 0.3264840182648402 0.3082191780821918 0.05707762557077625 0.0745814307458143
0 0.3681506849315068 0.2975646879756469 0.026255707762557076 0.2024353120243531
0 0.1341324200913242 0.2686453576864536 0.017123287671232876 0.1202435312024353
0 0.06792237442922375 0.2732115677321157 0.023972602739726026 0.1324200913242009
0 0.18093607305936074 0.2678843226788432 0.017123287671232876 0.1035007610350076
16 0.4166666666666667 0.2800608828006088 0.01141552511415525 0.1461187214611872
0 0.4360730593607306 0.2952815829528158 0.01598173515981735 0.0791476407914764
