3 0.5005707762557078 0.7732115677321156 0.9988584474885844 0.4535768645357686
16 0.6404109589041096 0.3287671232876712 0.0182648401826484 0.3987823439878234
7 0.7734018264840182 0.4802130898021309 0.05136986301369863 0.0563165905631659
10 0.8515981735159818 0.4581430745814307 0.0867579908675799 0.0547945205479452
6 0.4155251141552511 0.4741248097412481 0.0410958904109589 0.1171993911719939
1 0.8407534246575342 0.2678843226788432 0.017123287671232876 0.0578386605783866
6 0.9315068493150684 0.4611872146118721 0.0365296803652968 0.0852359208523592
0 0.05194063926940639 0.4299847792998478 0.04908675799086758 0.2785388127853881
6 0.307648401826484 0.4771689497716895 0.030821917808219176 0.1263318112633181
1 0.6255707762557078 0.3066971080669711 0.0228310502283105 0.0593607305936073
16 0.3584474885844749 0.2724505327245053 0.02511415525114155 0.5388127853881278
6 0.66837899543379 0.4642313546423135 0.023972602739726026 0.0943683409436834
6 0.9029680365296804 0.4604261796042618 0.0273972602739726 0.0867579908675799
16 0.7488584474885844 0.24733637747336376 0.0228310502283105 0.4550989345509893
6 0.8687214611872146 0.4619482496194825 0.0228310502283105 0.0745814307458143
10 0.5644977168949772 0.4596651445966514 0.09931506849315068 0.0578386605783866
6 0.968607305936073 0.4505327245053272 0.017123287671232876 0.0395738203957382
7 0.9680365296803652 0.4619482496194825 0.02054794520547945 0.0289193302891933
16 0.785958904109589 0.3105022831050228 0.014840182648401826 0.3165905631659056
16 0.7671232876712328 0.3645357686453577 0.01141552511415525 0.1963470319634703
10 0.8179223744292238 0.4200913242009132 0.07876712328767123 0.0334855403348554
8 0.8230593607305936 0.4292237442922374 0.0684931506849315 0.045662100456621
6 0.6518264840182648 0.4627092846270928 0.0182648401826484 0.0943683409436834
16 0.23858447488584475 0.4010654490106545 0.0136986301369863 0.0745814307458143
3 0.9069634703196348 0.4969558599695586 0.1815068493150685 0.0319634703196347
6 0.6261415525114156 0.4383561643835616 0.014840182648401826 0.0365296803652968
18 0.6073059360730594 0.4794520547945205 0.0547945205479452 0.0578386605783866
4 0.5171232876712328 0.5357686453576864 0.0502283105022831 0.0273972602739726
