3 0.4988584474885845 0.6834094368340944 0.9954337899543378 0.6331811263318112
6 0.6529680365296804 0.3706240487062405 0.05251141552511415 0.1933028919330289
6 0.12385844748858447 0.545662100456621 0.17922374429223745 0.4642313546423135
10 0.0656392694063927 0.3097412480974125 0.06050228310502283 0.0410958904109589
6 0.797945205479452 0.3645357686453577 0.0547945205479452 0.2237442922374429
6 0.7437214611872146 0.4025875190258752 0.06963470319634703 0.2633181126331811
11 0.8807077625570776 0.6438356164383562 0.2363013698630137 0.4779299847792998
6 0.5958904109589042 0.334855403348554 0.02511415525114155 0.0791476407914764
6 0.9286529680365296 0.5989345509893456 0.14269406392694065 0.573820395738204
10 0.5034246575342466 0.2952815829528158 0.07534246575342465 0.0395738203957382
10 0.1461187214611872 0.3150684931506849 0.05251141552511415 0.0395738203957382
11 0.5930365296803652 0.3485540334855403 0.07420091324200913 0.0578386605783866
6 0.4600456621004566 0.3135464231354642 0.01598173515981735 0.0669710806697108
16 0.8789954337899544 0.22146118721461186 0.0228310502283105 0.3028919330289193
11 0.5034246575342466 0.3432267884322679 0.0593607305936073 0.0563165905631659
10 0.2100456621004566 0.3036529680365297 0.0319634703196347 0.0289193302891933
6 0.5045662100456622 0.3295281582952816 0.02511415525114155 0.0776255707762557
6 0.4275114155251142 0.3280060882800609 0.019406392694063926 0.0867579908675799
2 0.5679223744292238 0.22298325722983256 0.014840182648401826 0.0380517503805175
16 0.4149543378995434 0.1598173515981735 0.019406392694063926 0.3135464231354642
7 0.4235159817351598 0.3508371385083714 0.0639269406392694 0.0410958904109589
16 0.3156392694063927 0.24124809741248096 0.014840182648401826 0.1293759512937595
16 0.283675799086758 0.2328767123287671 0.017123287671232876 0.2039573820395738
11 0.1141552511415525 0.6210045662100456 0.22602739726027396 0.4079147640791476
11 0.6997716894977168 0.3493150684931507 0.05251141552511415 0.0593607305936073
16 0.9526255707762558 0.2709284627092846 0.012557077625570776 0.0882800608828006
7 0.3047945205479452 0.3264840182648402 0.0273972602739726 0.0289193302891933
6 0.3818493150684932 0.3028919330289193 0.017123287671232876 0.0426179604261796
10 0.1832191780821918 0.3051750380517504 0.026255707762557076 0.0289193302891933
7 0.8567351598173516 0.3394216133942161 0.026255707762557076 0.0487062404870624
0 0.7785388127853882 0.2557077625570776 0.02968036529680365 0.1248097412480974
16 0.7111872146118722 0.2595129375951294 0.0091324200913242 0.0928462709284627
16 0.5787671232876712 0.2534246575342466 0.0091324200913242 0.1263318112633181
10 0.7243150684931506 0.2899543378995434 0.033105022831050226 0.0350076103500761
7 0.8350456621004566 0.3394216133942161 0.023972602739726026 0.0487062404870624
6 0.6809360730593608 0.3127853881278539 0.019406392694063926 0.0715372907153729
6 0.2734018264840183 0.3135464231354642 0.012557077625570776 0.0487062404870624
11 0.2482876712328767 0.332572298325723 0.021689497716894976 0.0350076103500761
8 0.6329908675799086 0.2701674277016743 0.16552511415525115 0.0563165905631659
6 0.3047945205479452 0.3112633181126332 0.01598173515981735 0.0502283105022831
10 0.8613013698630136 0.2853881278538813 0.06735159817351598 0.0350076103500761
10 0.5799086757990868 0.2922374429223744 0.07990867579908675 0.0395738203957382
10 0.9840182648401826 0.2800608828006088 0.0319634703196347 0.0334855403348554
3 0.1649543378995434 0.3417047184170472 0.2089041095890411 0.0228310502283105
6 0.24885844748858446 0.3120243531202435 0.0182648401826484 0.0334855403348554
9 0.05707762557077625 0.2922374429223744 0.0776255707762557 0.0547945205479452
6 0.7003424657534246 0.3280060882800609 0.021689497716894976 0.0837138508371385
16 0.3476027397260274 0.2876712328767123 0.007990867579908675 0.0578386605783866
10 0.682648401826484 0.2838660578386606 0.0410958904109589 0.0410958904109589
10 0.1204337899543379 0.4383561643835616 0.23858447488584475 0.2374429223744292
10 0.9178082191780822 0.2838660578386606 0.045662100456621 0.0410958904109589
10 0.9497716894977168 0.2815829528158295 0.0547945205479452 0.0426179604261796
