10 0.7950913242009132 0.3767123287671233 0.341324200913242 0.1719939117199391
10 0.6409817351598174 0.3698630136986301 0.1769406392694064 0.1004566210045662
16 0.4200913242009132 0.2313546423135464 0.0228310502283105 0.3470319634703196
6 0.1158675799086758 0.3561643835616438 0.023972602739726026 0.0669710806697108
16 0.9748858447488584 0.1856925418569254 0.0273972602739726 0.3683409436834094
6 0.06335616438356165 0.3607305936073059 0.026255707762557076 0.0943683409436834
6 0.2465753424657534 0.3584474885844749 0.0273972602739726 0.0898021308980213
16 0.3710045662100457 0.2085235920852359 0.02968036529680365 0.4018264840182648
6 0.03538812785388128 0.6339421613394216 0.0684931506849315 0.6225266362252664
1 0.0091324200913242 0.1841704718417047 0.01598173515981735 0.0821917808219178
2 0.4069634703196347 0.2237442922374429 0.019406392694063926 0.045662100456621
6 0.08904109589041095 0.3622526636225266 0.02511415525114155 0.0852359208523592
16 0.5039954337899544 0.2975646879756469 0.012557077625570776 0.1993911719939117
6 0.2625570776255708 0.3531202435312024 0.02054794520547945 0.0882800608828006
10 0.032534246575342464 0.3485540334855403 0.03767123287671233 0.0334855403348554
16 0.015410958904109588 0.20471841704718416 0.028538812785388126 0.3972602739726027
3 0.24771689497716895 0.7024353120243532 0.4931506849315068 0.5616438356164384
16 0.9332191780821918 0.14383561643835616 0.03767123287671233 0.2846270928462709
16 0.9155251141552512 0.13774733637747336 0.03424657534246575 0.1993911719939117
0 0.7665525114155252 0.11187214611872145 0.021689497716894976 0.1232876712328767
10 0.8915525114155252 0.3188736681887367 0.07990867579908675 0.0380517503805175
6 0.678082191780822 0.3112633181126332 0.0228310502283105 0.0258751902587519
19 0.03538812785388128 0.3751902587519026 0.01141552511415525 0.0197869101978691
