0 0.2068627450980392 0.13014705882352942 0.0803921568627451 0.1661764705882353
11 0.16029411764705884 0.38786764705882354 0.31862745098039214 0.3977941176470588
6 0.3495098039215686 0.12389705882352942 0.03627450980392157 0.03308823529411765
0 0.2642156862745098 0.13970588235294118 0.020588235294117647 0.05588235294117647
0 0.4387254901960784 0.11323529411764706 0.03431372549019608 0.07352941176470588
0 0.3303921568627451 0.12720588235294117 0.01764705882352941 0.051470588235294115
6 0.5740196078431372 0.11066176470588235 0.016666666666666666 0.04485294117647059
11 0.2563725490196078 0.33786764705882355 0.20490196078431372 0.2580882352941177
18 0.4279411764705882 0.19375 0.16372549019607843 0.0875
11 0.4362745098039216 0.17573529411764705 0.13333333333333333 0.08970588235294118
4 0.5897058823529412 0.5904411764705882 0.4362745098039216 0.8191176470588235
11 0.3862745098039216 0.1974264705882353 0.11568627450980393 0.09044117647058823
