3 0.4994292237442922 0.7054794520547946 0.9965753424657534 0.5829528158295282
13 0.83675799086758 0.380517503805175 0.0410958904109589 0.0487062404870624
0 0.6792237442922374 0.3257229832572298 0.02511415525114155 0.1613394216133942
0 0.910958904109589 0.3097412480974125 0.0273972602739726 0.1902587519025875
2 0.2471461187214612 0.2359208523592085 0.017123287671232876 0.045662100456621
16 0.3122146118721461 0.3082191780821918 0.014840182648401826 0.1415525114155251
0 0.4554794520547945 0.3554033485540335 0.01598173515981735 0.0989345509893455
2 0.535958904109589 0.3112633181126332 0.012557077625570776 0.0319634703196347
2 0.007990867579908675 0.3127853881278539 0.0136986301369863 0.0441400304414003
16 0.01769406392694064 0.3713850837138508 0.012557077625570776 0.0821917808219178
16 0.5348173515981736 0.3660578386605784 0.007990867579908675 0.0837138508371385
16 0.4098173515981735 0.3302891933028919 0.0091324200913242 0.0852359208523592
16 0.2825342465753425 0.2694063926940639 0.017123287671232876 0.2526636225266362
16 0.1769406392694064 0.3105022831050228 0.01141552511415525 0.1461187214611872
3 0.20490867579908675 0.4216133942161339 0.4075342465753425 0.030441400304414
16 0.466324200913242 0.3538812785388128 0.010273972602739725 0.0989345509893455
16 0.4417808219178082 0.3493150684931507 0.0091324200913242 0.0898021308980213
0 0.06621004566210045 0.3592085235920852 0.01598173515981735 0.060882800608828
19 0.4115296803652968 0.3904109589041096 0.010273972602739725 0.0228310502283105
6 0.3721461187214612 0.3767123287671233 0.0136986301369863 0.0380517503805175
