3 0.3281963470319635 0.745814307458143 0.6541095890410958 0.5083713850837138
10 0.7562785388127854 0.5517503805175038 0.4874429223744292 0.3972602739726027
13 0.6598173515981736 0.4322678843226788 0.0502283105022831 0.0578386605783866
0 0.5319634703196348 0.3455098934550989 0.02968036529680365 0.243531202435312
0 0.7808219178082192 0.3302891933028919 0.0228310502283105 0.136986301369863
16 0.6164383561643836 0.3006088280060883 0.01598173515981735 0.3242009132420091
1 0.6038812785388128 0.2815829528158295 0.02054794520547945 0.0517503805175038
14 0.14840182648401826 0.4383561643835616 0.01141552511415525 0.0639269406392694
14 0.4845890410958904 0.439117199391172 0.010273972602739725 0.0593607305936073
0 0.3236301369863014 0.3310502283105023 0.021689497716894976 0.1324200913242009
0 0.942351598173516 0.3211567732115677 0.023972602739726026 0.1248097412480974
0 0.12157534246575342 0.3508371385083714 0.023972602739726026 0.1385083713850837
14 0.06963470319634703 0.4200913242009132 0.01141552511415525 0.0547945205479452
14 0.1752283105022831 0.4208523592085236 0.010273972602739725 0.0532724505327245
0 0.4280821917808219 0.3561643835616438 0.0182648401826484 0.0730593607305936
0 0.5690639269406392 0.3371385083713851 0.017123287671232876 0.1080669710806697
16 0.9115296803652968 0.213089802130898 0.023972602739726026 0.334855403348554
16 0.0884703196347032 0.4162861491628615 0.012557077625570776 0.1202435312024353
16 0.9828767123287672 0.317351598173516 0.02054794520547945 0.1293759512937595
