3 0.5 0.726027397260274 0.997716894977169 0.5418569254185692
10 0.20319634703196346 0.3942161339421613 0.08904109589041095 0.0974124809741248
10 0.091324200913242 0.3888888888888889 0.11643835616438356 0.0958904109589041
0 0.4081050228310502 0.3645357686453577 0.023972602739726026 0.1719939117199391
6 0.7796803652968036 0.4117199391171994 0.02054794520547945 0.0745814307458143
0 0.6147260273972602 0.3660578386605784 0.030821917808219176 0.1750380517503805
6 0.3219178082191781 0.3980213089802131 0.0228310502283105 0.0837138508371385
11 0.3567351598173516 0.4208523592085236 0.05821917808219178 0.0593607305936073
0 0.803082191780822 0.3493150684931507 0.023972602739726026 0.2085235920852359
2 0.5388127853881278 0.11643835616438356 0.0273972602739726 0.0867579908675799
1 0.5228310502283106 0.3181126331811263 0.0182648401826484 0.0426179604261796
10 0.985730593607306 0.4421613394216134 0.028538812785388126 0.1050228310502283
1 0.010844748858447488 0.1004566210045662 0.019406392694063926 0.0974124809741248
16 0.533675799086758 0.3066971080669711 0.014840182648401826 0.2907153729071537
16 0.4646118721461187 0.23972602739726026 0.01598173515981735 0.4216133942161339
12 0.3961187214611872 0.4284627092846271 0.01598173515981735 0.0380517503805175
12 0.4811643835616438 0.4330289193302892 0.017123287671232876 0.0441400304414003
