3 0.3841324200913242 0.745814307458143 0.7636986301369864 0.5083713850837138
10 0.0702054794520548 0.4680365296803653 0.13812785388127855 0.0898021308980213
0 0.2014840182648402 0.4170471841704718 0.033105022831050226 0.1339421613394216
3 0.9549086757990868 0.4589041095890411 0.09018264840182648 0.0258751902587519
16 0.3458904109589041 0.2503805175038052 0.0228310502283105 0.4703196347031963
0 0.8784246575342466 0.3995433789954338 0.012557077625570776 0.0837138508371385
1 0.583904109589041 0.3378995433789954 0.019406392694063926 0.0426179604261796
16 0.8921232876712328 0.3378995433789954 0.014840182648401826 0.2313546423135464
16 0.010844748858447488 0.2998477929984779 0.019406392694063926 0.2557077625570776
16 0.7214611872146118 0.3455098934550989 0.01598173515981735 0.2678843226788432
16 0.5976027397260274 0.3767123287671233 0.014840182648401826 0.2085235920852359
0 0.855593607305936 0.393455098934551 0.012557077625570776 0.0898021308980213
16 0.8276255707762558 0.3797564687975647 0.0136986301369863 0.1689497716894977
10 0.9628995433789954 0.3995433789954338 0.05593607305936073 0.0258751902587519
11 0.23858447488584475 0.865296803652968 0.3493150684931507 0.2694063926940639
16 0.764269406392694 0.3751902587519026 0.017123287671232876 0.1933028919330289
