3 0.3458904109589041 0.7298325722983258 0.6894977168949772 0.5403348554033486
10 0.10787671232876712 0.5875190258751902 0.2134703196347032 0.4079147640791476
16 0.6472602739726028 0.258751902587519 0.02054794520547945 0.365296803652968
0 0.3036529680365297 0.3439878234398782 0.0273972602739726 0.2100456621004566
1 0.6289954337899544 0.2343987823439878 0.02511415525114155 0.060882800608828
0 0.9138127853881278 0.2595129375951294 0.028538812785388126 0.2907153729071537
0 0.5953196347031964 0.2983257229832572 0.030821917808219176 0.2709284627092846
0 0.030251141552511414 0.3036529680365297 0.033105022831050226 0.1750380517503805
14 0.3447488584474886 0.4231354642313546 0.01141552511415525 0.0669710806697108
14 0.519406392694064 0.4223744292237443 0.01141552511415525 0.0654490106544901
19 0.6621004566210046 0.4140030441400304 0.0182648401826484 0.045662100456621
0 0.8253424657534246 0.2876712328767123 0.02511415525114155 0.1643835616438356
0 0.509703196347032 0.2990867579908676 0.021689497716894976 0.1811263318112633
0 0.204337899543379 0.3386605783866058 0.0228310502283105 0.1628614916286149
0 0.6626712328767124 0.3028919330289193 0.021689497716894976 0.1765601217656012
