3 0.6523972602739726 0.6811263318112634 0.6952054794520548 0.6377473363774734
16 0.14098173515981735 0.17275494672754946 0.026255707762557076 0.3394216133942161
16 0.03538812785388128 0.23668188736681886 0.02511415525114155 0.1963470319634703
16 0.08105022831050228 0.273972602739726 0.01598173515981735 0.121765601217656
13 0.8122146118721462 0.3181126331811263 0.03538812785388128 0.045662100456621
2 0.4560502283105023 0.23668188736681886 0.014840182648401826 0.0350076103500761
16 0.742579908675799 0.2656012176560122 0.012557077625570776 0.1537290715372907
16 0.2454337899543379 0.16362252663622526 0.0228310502283105 0.3242009132420091
16 0.4965753424657534 0.2146118721461187 0.01598173515981735 0.273972602739726
10 0.021118721461187213 0.289193302891933 0.021689497716894976 0.0182648401826484
16 0.4549086757990868 0.2990867579908676 0.010273972602739725 0.0837138508371385
16 0.8544520547945206 0.15296803652968036 0.019406392694063926 0.1993911719939117
