3 0.5136986301369864 0.6925418569254186 0.9657534246575342 0.6149162861491628
10 0.08105022831050228 0.3637747336377473 0.1598173515981735 0.0943683409436834
10 0.8065068493150684 0.3660578386605784 0.18835616438356165 0.1019786910197869
6 0.8093607305936074 0.4178082191780822 0.0547945205479452 0.1993911719939117
6 0.6415525114155252 0.3485540334855403 0.01598173515981735 0.0517503805175038
6 0.6735159817351598 0.3698630136986301 0.0319634703196347 0.1278538812785388
6 0.514269406392694 0.3576864535768645 0.019406392694063926 0.0487062404870624
6 0.18550228310502284 0.3592085235920852 0.04223744292237443 0.1004566210045662
10 0.9777397260273972 0.363013698630137 0.04223744292237443 0.0928462709284627
1 0.3595890410958904 0.2222222222222222 0.0136986301369863 0.045662100456621
1 0.050799086757990865 0.2100456621004566 0.014840182648401826 0.045662100456621
11 0.18378995433789955 0.3926940639269406 0.0410958904109589 0.0639269406392694
9 0.946917808219178 0.3234398782343988 0.10616438356164383 0.1567732115677321
10 0.2197488584474886 0.3561643835616438 0.05593607305936073 0.060882800608828
11 0.2996575342465753 0.3873668188736682 0.028538812785388126 0.0502283105022831
6 0.53824200913242 0.3531202435312024 0.014840182648401826 0.0547945205479452
11 0.259703196347032 0.3797564687975647 0.030821917808219176 0.0471841704718417
6 0.6124429223744292 0.3538812785388128 0.014840182648401826 0.0532724505327245
6 0.5644977168949772 0.3523592085235921 0.014840182648401826 0.0532724505327245
6 0.4726027397260274 0.3531202435312024 0.0136986301369863 0.0517503805175038
10 0.365296803652968 0.3455098934550989 0.02054794520547945 0.0273972602739726
6 0.5856164383561644 0.3523592085235921 0.0136986301369863 0.0532724505327245
6 0.5958904109589042 0.3538812785388128 0.0136986301369863 0.0593607305936073
6 0.2996575342465753 0.3607305936073059 0.030821917808219176 0.0669710806697108
16 0.7625570776255708 0.2732115677321157 0.01598173515981735 0.1293759512937595
11 0.7014840182648402 0.3637747336377473 0.03767123287671233 0.045662100456621
6 0.6603881278538812 0.3432267884322679 0.014840182648401826 0.0563165905631659
16 0.70662100456621 0.2534246575342466 0.01141552511415525 0.1506849315068493
6 0.2579908675799087 0.3561643835616438 0.02968036529680365 0.0639269406392694
16 0.4452054794520548 0.24885844748858446 0.0091324200913242 0.1689497716894977
10 0.3418949771689498 0.350076103500761 0.03767123287671233 0.0334855403348554
2 0.4748858447488584 0.2998477929984779 0.0091324200913242 0.0213089802130898
6 0.5519406392694064 0.3523592085235921 0.012557077625570776 0.0563165905631659
6 0.6244292237442922 0.3485540334855403 0.01141552511415525 0.0517503805175038
6 0.4577625570776256 0.3531202435312024 0.01141552511415525 0.045662100456621
11 0.3498858447488584 0.3683409436834094 0.019406392694063926 0.0243531202435312
6 0.4463470319634703 0.3515981735159817 0.01141552511415525 0.0426179604261796
3 0.351027397260274 0.380517503805175 0.21118721461187215 0.0182648401826484
9 0.24942922374429224 0.317351598173516 0.05821917808219178 0.0441400304414003
6 0.3470319634703196 0.3401826484018265 0.01598173515981735 0.0319634703196347
16 0.4697488584474886 0.2983257229832572 0.005707762557077625 0.0547945205479452
6 0.6883561643835616 0.3523592085235921 0.01141552511415525 0.0410958904109589
10 0.2905251141552511 0.3455098934550989 0.04223744292237443 0.0395738203957382
6 0.3738584474885845 0.3462709284627093 0.012557077625570776 0.0289193302891933
16 0.08162100456621005 0.2686453576864536 0.010273972602739725 0.0928462709284627
16 0.738013698630137 0.2557077625570776 0.012557077625570776 0.1400304414003044
6 0.70662100456621 0.3470319634703196 0.02054794520547945 0.0547945205479452
14 0.4925799086757991 0.3660578386605784 0.005707762557077625 0.0258751902587519
14 0.4834474885844749 0.3675799086757991 0.005707762557077625 0.0258751902587519
14 0.5034246575342466 0.3668188736681887 0.00684931506849315 0.0243531202435312
16 0.4098173515981735 0.3363774733637747 0.0091324200913242 0.0639269406392694
16 0.15639269406392695 0.3226788432267884 0.01141552511415525 0.076103500761035
8 0.2939497716894977 0.3135464231354642 0.030821917808219176 0.030441400304414
