3 0.5 0.7640791476407914 0.997716894977169 0.471841704718417
2 0.5148401826484018 0.4368340943683409 0.01141552511415525 0.0273972602739726
16 0.4931506849315068 0.4231354642313546 0.01141552511415525 0.1856925418569254
0 0.010273972602739725 0.4497716894977169 0.0182648401826484 0.1263318112633181
16 0.5222602739726028 0.484779299847793 0.007990867579908675 0.0684931506849315
0 0.2751141552511416 0.4687975646879756 0.0182648401826484 0.1035007610350076
16 0.8333333333333334 0.441400304414003 0.01141552511415525 0.1126331811263318
7 0.4143835616438356 0.5 0.02968036529680365 0.0319634703196347
16 0.8875570776255708 0.4345509893455099 0.010273972602739725 0.1263318112633181
13 0.8441780821917808 0.4893455098934551 0.017123287671232876 0.0197869101978691
7 0.3801369863013699 0.4992389649923896 0.02968036529680365 0.030441400304414
0 0.6187214611872146 0.4619482496194825 0.01141552511415525 0.0593607305936073
16 0.5878995433789954 0.3797564687975647 0.01141552511415525 0.2724505327245053
7 0.6364155251141552 0.4977168949771689 0.026255707762557076 0.0273972602739726
7 0.5804794520547946 0.5038051750380518 0.026255707762557076 0.0213089802130898
14 0.4765981735159817 0.5098934550989346 0.005707762557077625 0.0243531202435312
3 0.7848173515981736 0.5220700152207002 0.4280821917808219 0.0182648401826484
