10 0.444634703196347 0.4649923896499239 0.3344748858447489 0.1506849315068493
10 0.2328767123287671 0.4003044140030441 0.05707762557077625 0.0273972602739726
0 0.11929223744292237 0.3203957382039574 0.04908675799086758 0.2998477929984779
6 0.6015981735159818 0.4063926940639269 0.01598173515981735 0.0517503805175038
13 0.9440639269406392 0.4018264840182648 0.02968036529680365 0.030441400304414
11 0.7391552511415526 0.4292237442922374 0.023972602739726026 0.0426179604261796
10 0.02910958904109589 0.4117199391171994 0.05593607305936073 0.0471841704718417
2 0.6409817351598174 0.317351598173516 0.017123287671232876 0.0410958904109589
16 0.571917808219178 0.2808219178082192 0.01598173515981735 0.2785388127853881
10 0.5587899543378996 0.393455098934551 0.03767123287671233 0.0350076103500761
2 0.7054794520547946 0.2701674277016743 0.0182648401826484 0.0624048706240487
14 0.6603881278538812 0.441400304414003 0.007990867579908675 0.0547945205479452
10 0.6523972602739726 0.4033485540334855 0.07191780821917808 0.045662100456621
3 0.7671232876712328 0.6270928462709284 0.4657534246575342 0.3135464231354642
6 0.7374429223744292 0.4071537290715373 0.0228310502283105 0.0471841704718417
0 0.8635844748858448 0.3713850837138508 0.012557077625570776 0.091324200913242
0 0.509703196347032 0.2754946727549467 0.026255707762557076 0.2222222222222222
10 0.17579908675799086 0.3995433789954338 0.0502283105022831 0.0289193302891933
14 0.7151826484018264 0.4292237442922374 0.007990867579908675 0.045662100456621
16 0.2522831050228311 0.4071537290715373 0.01141552511415525 0.1506849315068493
3 0.8590182648401826 0.441400304414003 0.2796803652968037 0.0334855403348554
16 0.4046803652968037 0.2656012176560122 0.014840182648401826 0.2846270928462709
16 0.29337899543379 0.3926940639269406 0.0091324200913242 0.1156773211567732
16 0.6501141552511416 0.3272450532724505 0.012557077625570776 0.2404870624048706
14 0.6073059360730594 0.4330289193302892 0.00684931506849315 0.0350076103500761
10 0.2962328767123288 0.3980213089802131 0.03767123287671233 0.0258751902587519
16 0.672945205479452 0.3736681887366819 0.010273972602739725 0.1293759512937595
16 0.694634703196347 0.3378995433789954 0.010273972602739725 0.2161339421613394
0 0.4908675799086758 0.2815829528158295 0.02511415525114155 0.197869101978691
0 0.9868721461187214 0.3736681887366819 0.012557077625570776 0.0898021308980213
10 0.13926940639269406 0.408675799086758 0.10730593607305935 0.0380517503805175
