3 0.6090182648401826 0.7960426179604262 0.7751141552511416 0.4079147640791476
10 0.050799086757990865 0.4946727549467275 0.09018264840182648 0.060882800608828
2 0.10787671232876712 0.2899543378995434 0.019406392694063926 0.0502283105022831
0 0.968607305936073 0.4916286149162861 0.028538812785388126 0.1704718417047184
2 0.08961187214611872 0.2876712328767123 0.019406392694063926 0.0517503805175038
16 0.6147260273972602 0.4535768645357686 0.014840182648401826 0.2526636225266362
14 0.5690639269406392 0.5449010654490106 0.014840182648401826 0.0700152207001522
1 0.6307077625570776 0.3736681887366819 0.021689497716894976 0.0532724505327245
14 0.4138127853881279 0.532724505327245 0.010273972602739725 0.0487062404870624
16 0.877283105022831 0.4939117199391172 0.014840182648401826 0.1628614916286149
16 0.7226027397260274 0.2922374429223744 0.02511415525114155 0.5722983257229832
0 0.4720319634703196 0.2876712328767123 0.017123287671232876 0.213089802130898
16 0.1660958904109589 0.4147640791476408 0.012557077625570776 0.2267884322678843
0 0.0182648401826484 0.4421613394216134 0.0136986301369863 0.0502283105022831
10 0.009703196347031963 0.4893455098934551 0.017123287671232876 0.0410958904109589
0 0.10787671232876712 0.4573820395738204 0.012557077625570776 0.0502283105022831
3 0.15296803652968036 0.5776255707762558 0.3036529680365297 0.0502283105022831
0 0.384703196347032 0.3287671232876712 0.01598173515981735 0.1491628614916286
