3 0.4988584474885845 0.7070015220700152 0.9954337899543378 0.5859969558599696
10 0.863013698630137 0.3645357686453577 0.08447488584474885 0.0532724505327245
0 0.1678082191780822 0.3302891933028919 0.04337899543378995 0.1796042617960426
6 0.7191780821917808 0.3843226788432268 0.0547945205479452 0.1171993911719939
6 0.4925799086757991 0.3797564687975647 0.021689497716894976 0.0776255707762557
1 0.6837899543378996 0.2579908675799087 0.02054794520547945 0.0593607305936073
0 0.908675799086758 0.3226788432267884 0.0136986301369863 0.0821917808219178
10 0.7659817351598174 0.3485540334855403 0.03881278538812785 0.0365296803652968
2 0.3949771689497717 0.243531202435312 0.0228310502283105 0.0730593607305936
6 0.04280821917808219 0.7207001522070016 0.08333333333333333 0.558599695585997
11 0.2990867579908676 0.3873668188736682 0.045662100456621 0.0563165905631659
6 0.5405251141552512 0.3645357686453577 0.019406392694063926 0.0684931506849315
0 0.9531963470319634 0.3150684931506849 0.0182648401826484 0.1035007610350076
6 0.5804794520547946 0.380517503805175 0.021689497716894976 0.0700152207001522
7 0.23972602739726026 0.393455098934551 0.02511415525114155 0.0502283105022831
11 0.7180365296803652 0.4223744292237443 0.1050228310502283 0.0837138508371385
0 0.8590182648401826 0.3120243531202435 0.012557077625570776 0.0517503805175038
3 0.8732876712328768 0.408675799086758 0.2534246575342466 0.0350076103500761
16 0.6872146118721462 0.19406392694063926 0.02511415525114155 0.3850837138508371
10 0.5713470319634704 0.3515981735159817 0.04223744292237443 0.045662100456621
6 0.6078767123287672 0.3683409436834094 0.017123287671232876 0.0730593607305936
6 0.016552511415525113 0.3729071537290715 0.021689497716894976 0.0669710806697108
7 0.3852739726027397 0.3881278538812785 0.03538812785388128 0.0547945205479452
1 0.6769406392694064 0.3066971080669711 0.01598173515981735 0.0319634703196347
11 0.10844748858447488 0.380517503805175 0.0273972602739726 0.045662100456621
12 0.4286529680365297 0.3995433789954338 0.012557077625570776 0.0289193302891933
11 0.1312785388127854 0.3774733637747336 0.04794520547945205 0.0487062404870624
7 0.19006849315068494 0.3964992389649924 0.028538812785388126 0.0471841704718417
16 0.386986301369863 0.3462709284627093 0.01141552511415525 0.1324200913242009
