3 0.5005707762557078 0.7511415525114156 0.9988584474885844 0.4977168949771689
1 0.9372146118721462 0.3013698630136986 0.01598173515981735 0.045662100456621
0 0.015410958904109588 0.4322678843226788 0.023972602739726026 0.0882800608828006
14 0.15011415525114155 0.5098934550989346 0.010273972602739725 0.0547945205479452
6 0.3675799086757991 0.4817351598173516 0.01598173515981735 0.0563165905631659
0 0.17123287671232876 0.4071537290715373 0.02511415525114155 0.1385083713850837
16 0.2882420091324201 0.3858447488584475 0.019406392694063926 0.1811263318112633
1 0.3424657534246575 0.4140030441400304 0.01598173515981735 0.0365296803652968
16 0.9851598173515982 0.393455098934551 0.01141552511415525 0.1750380517503805
16 0.96175799086758 0.4528158295281583 0.005707762557077625 0.0715372907153729
16 0.2602739726027397 0.4041095890410959 0.0136986301369863 0.1506849315068493
10 0.17579908675799086 0.4687975646879756 0.09360730593607305 0.0213089802130898
6 0.4035388127853881 0.4771689497716895 0.017123287671232876 0.0532724505327245
0 0.04794520547945205 0.4208523592085236 0.0182648401826484 0.1080669710806697
16 0.5165525114155252 0.3242009132420091 0.012557077625570776 0.2557077625570776
16 0.2300228310502283 0.395738203957382 0.014840182648401826 0.1643835616438356
0 0.3184931506849315 0.4284627092846271 0.0182648401826484 0.0958904109589041
16 0.7420091324200914 0.4147640791476408 0.0091324200913242 0.1567732115677321
