3 0.3938356164383562 0.700152207001522 0.7853881278538812 0.5966514459665144
14 0.6381278538812786 0.3987823439878234 0.01141552511415525 0.0547945205479452
11 0.1295662100456621 0.3675799086757991 0.04452054794520548 0.0319634703196347
1 0.021118721461187213 0.2039573820395738 0.017123287671232876 0.0487062404870624
16 0.08789954337899543 0.2914764079147641 0.01141552511415525 0.1659056316590563
14 0.6523972602739726 0.3972602739726027 0.010273972602739725 0.0517503805175038
16 0.6621004566210046 0.3272450532724505 0.01141552511415525 0.121765601217656
16 0.3059360730593607 0.2792998477929985 0.0136986301369863 0.2207001522070015
1 0.2676940639269406 0.2762557077625571 0.014840182648401826 0.0319634703196347
16 0.22146118721461186 0.18340943683409436 0.0182648401826484 0.3211567732115677
16 0.6404109589041096 0.289193302891933 0.01598173515981735 0.2313546423135464
6 0.13184931506849315 0.3584474885844749 0.017123287671232876 0.0410958904109589
16 0.2642694063926941 0.3447488584474886 0.012557077625570776 0.0928462709284627
14 0.6700913242009132 0.3972602739726027 0.0091324200913242 0.0487062404870624
16 0.4788812785388128 0.1993911719939117 0.017123287671232876 0.3926940639269406
3 0.06906392694063927 0.393455098934551 0.1358447488584475 0.0258751902587519
16 0.976027397260274 0.3736681887366819 0.04794520547945205 0.7442922374429224
