3 0.5005707762557078 0.7488584474885844 0.9988584474885844 0.502283105022831
10 0.1432648401826484 0.4901065449010654 0.2842465753424658 0.4322678843226788
6 0.9103881278538812 0.4459665144596651 0.07876712328767123 0.2952815829528158
6 0.8447488584474886 0.4383561643835616 0.0684931506849315 0.2952815829528158
11 0.6718036529680366 0.3843226788432268 0.05365296803652968 0.1050228310502283
16 0.3595890410958904 0.2754946727549467 0.02511415525114155 0.2922374429223744
6 0.752283105022831 0.4398782343987823 0.0958904109589041 0.2313546423135464
11 0.75 0.5007610350076104 0.08447488584474885 0.1917808219178082
10 0.952054794520548 0.34779299847793 0.09360730593607305 0.0867579908675799
6 0.6461187214611872 0.3318112633181126 0.0273972602739726 0.0700152207001522
14 0.7083333333333334 0.3554033485540335 0.007990867579908675 0.0350076103500761
16 0.19121004566210045 0.0852359208523592 0.03767123287671233 0.1613394216133942
16 0.009703196347031963 0.22602739726027396 0.017123287671232876 0.1202435312024353
16 0.8744292237442922 0.2610350076103501 0.01141552511415525 0.0958904109589041
5 0.0136986301369863 0.10730593607305935 0.02511415525114155 0.0563165905631659
6 0.6712328767123288 0.3485540334855403 0.045662100456621 0.1248097412480974
