3 0.3972602739726027 0.6773211567732116 0.7922374429223744 0.6423135464231354
6 0.6963470319634704 0.3006088280060883 0.0547945205479452 0.1963470319634703
6 0.7562785388127854 0.2922374429223744 0.04452054794520548 0.1765601217656012
16 0.96175799086758 0.1735159817351598 0.04680365296803653 0.3439878234398782
6 0.2562785388127854 0.3059360730593607 0.021689497716894976 0.076103500761035
6 0.1478310502283105 0.3135464231354642 0.030821917808219176 0.0943683409436834
1 0.7265981735159818 0.1050228310502283 0.030821917808219176 0.0669710806697108
6 0.1877853881278539 0.3051750380517504 0.023972602739726026 0.0867579908675799
5 0.6181506849315068 0.15296803652968036 0.019406392694063926 0.0289193302891933
6 0.2254566210045662 0.2983257229832572 0.014840182648401826 0.0943683409436834
6 0.5724885844748858 0.2777777777777778 0.026255707762557076 0.0898021308980213
16 0.8573059360730594 0.1750380517503805 0.03881278538812785 0.3470319634703196
16 0.7460045662100456 0.14231354642313546 0.014840182648401826 0.1719939117199391
6 0.2100456621004566 0.3074581430745814 0.02511415525114155 0.0943683409436834
2 0.4600456621004566 0.09512937595129375 0.0182648401826484 0.0532724505327245
6 0.3624429223744292 0.2861491628614916 0.026255707762557076 0.0700152207001522
7 0.3641552511415525 0.3082191780821918 0.0319634703196347 0.0471841704718417
7 0.8807077625570776 0.3066971080669711 0.09703196347031963 0.0715372907153729
6 0.4069634703196347 0.2853881278538813 0.023972602739726026 0.0624048706240487
16 0.9166666666666666 0.14840182648401826 0.02511415525114155 0.2937595129375951
6 0.5907534246575342 0.2770167427701674 0.021689497716894976 0.1156773211567732
7 0.4069634703196347 0.302130898021309 0.028538812785388126 0.0471841704718417
16 0.4697488584474886 0.14687975646879756 0.023972602739726026 0.2907153729071537
11 0.6352739726027398 0.2648401826484018 0.019406392694063926 0.0426179604261796
6 0.5439497716894978 0.289193302891933 0.030821917808219176 0.0821917808219178
16 0.4046803652968037 0.18949771689497716 0.014840182648401826 0.1598173515981735
16 0.6101598173515982 0.2511415525114155 0.014840182648401826 0.0974124809741248
3 0.3144977168949772 0.3523592085235921 0.5171232876712328 0.0532724505327245
16 0.6238584474885844 0.24733637747336376 0.012557077625570776 0.1080669710806697
6 0.598744292237443 0.2648401826484018 0.019406392694063926 0.0943683409436834
11 0.9577625570776256 0.2884322678843227 0.05251141552511415 0.1050228310502283
