3 0.5844748858447488 0.7184170471841704 0.8242009132420092 0.563165905631659
16 0.7157534246575342 0.20319634703196346 0.0365296803652968 0.4033485540334855
6 0.9121004566210046 0.3158295281582953 0.0593607305936073 0.1659056316590563
16 0.2134703196347032 0.21080669710806696 0.0319634703196347 0.3942161339421613
2 0.23515981735159816 0.076103500761035 0.0410958904109589 0.1004566210045662
6 0.6638127853881278 0.3264840182648402 0.05136986301369863 0.1659056316590563
16 0.7871004566210046 0.2754946727549467 0.026255707762557076 0.258751902587519
6 0.07248858447488585 0.24277016742770166 0.033105022831050226 0.0958904109589041
11 0.9708904109589042 0.4254185692541857 0.05821917808219178 0.1902587519025875
16 0.8396118721461188 0.2732115677321157 0.023972602739726026 0.2480974124809741
6 0.9286529680365296 0.22450532724505326 0.030821917808219176 0.0806697108066971
16 0.24429223744292236 0.24885844748858446 0.02054794520547945 0.2450532724505327
6 0.033105022831050226 0.2480974124809741 0.0319634703196347 0.1035007610350076
11 0.09874429223744292 0.2648401826484018 0.03538812785388128 0.0791476407914764
5 0.02226027397260274 0.12861491628614916 0.023972602739726026 0.0350076103500761
5 0.04965753424657534 0.1293759512937595 0.023972602739726026 0.030441400304414
5 0.08047945205479452 0.13165905631659056 0.026255707762557076 0.0350076103500761
6 0.21118721461187215 0.228310502283105 0.04337899543378995 0.1491628614916286
