3 0.4994292237442922 0.6963470319634704 0.9965753424657534 0.6073059360730594
9 0.6552511415525114 0.3242009132420091 0.2100456621004566 0.1552511415525114
10 0.7671232876712328 0.350076103500761 0.0273972602739726 0.0395738203957382
14 0.20490867579908675 0.3843226788432268 0.017123287671232876 0.1019786910197869
2 0.9332191780821918 0.2420091324200913 0.012557077625570776 0.0334855403348554
11 0.968607305936073 0.541095890410959 0.06278538812785388 0.2968036529680365
16 0.3270547945205479 0.19863013698630136 0.023972602739726026 0.3942161339421613
14 0.228310502283105 0.4071537290715373 0.0136986301369863 0.0593607305936073
14 0.1660958904109589 0.4170471841704718 0.010273972602739725 0.0639269406392694
2 0.75 0.23363774733637746 0.01598173515981735 0.0350076103500761
16 0.3595890410958904 0.2625570776255708 0.0182648401826484 0.2663622526636225
16 0.5764840182648402 0.167427701674277 0.01141552511415525 0.2343987823439878
0 0.4200913242009132 0.3310502283105023 0.0136986301369863 0.0867579908675799
6 0.5473744292237442 0.3622526636225266 0.012557077625570776 0.0547945205479452
16 0.96175799086758 0.2990867579908676 0.010273972602739725 0.1080669710806697
0 0.10445205479452055 0.3356164383561644 0.017123287671232876 0.1232876712328767
14 0.410958904109589 0.3759512937595129 0.0091324200913242 0.030441400304414
0 0.2842465753424658 0.3455098934550989 0.0136986301369863 0.106544901065449
0 0.18550228310502284 0.3455098934550989 0.014840182648401826 0.0821917808219178
16 0.932648401826484 0.1872146118721461 0.0228310502283105 0.334855403348554
16 0.8527397260273972 0.2899543378995434 0.0091324200913242 0.1263318112633181
14 0.4195205479452055 0.3759512937595129 0.007990867579908675 0.030441400304414
14 0.5148401826484018 0.3706240487062405 0.00684931506849315 0.0350076103500761
16 0.3407534246575342 0.18493150684931506 0.023972602739726026 0.3120243531202435
