3 0.5005707762557078 0.754185692541857 0.9988584474885844 0.4916286149162861
6 0.2722602739726027 0.5928462709284628 0.10616438356164383 0.3789954337899543
6 0.4240867579908676 0.471841704718417 0.05136986301369863 0.2009132420091324
6 0.8590182648401826 0.4878234398782344 0.05821917808219178 0.1476407914764079
6 0.3538812785388128 0.4337899543378995 0.03424657534246575 0.1004566210045662
6 0.622716894977169 0.4832572298325723 0.04452054794520548 0.1902587519025875
6 0.059931506849315065 0.4231354642313546 0.033105022831050226 0.0852359208523592
11 0.9041095890410958 0.4733637747336377 0.0273972602739726 0.0395738203957382
6 0.6649543378995434 0.487062404870624 0.04680365296803653 0.1917808219178082
6 0.7431506849315068 0.469558599695586 0.0273972602739726 0.1050228310502283
6 0.7682648401826484 0.4741248097412481 0.02968036529680365 0.0989345509893455
6 0.08333333333333333 0.4208523592085236 0.02511415525114155 0.0867579908675799
10 0.9394977168949772 0.4581430745814307 0.0684931506849315 0.0517503805175038
16 0.7191780821917808 0.3462709284627093 0.02511415525114155 0.2968036529680365
2 0.8801369863013698 0.2595129375951294 0.0228310502283105 0.0593607305936073
6 0.8047945205479452 0.4550989345509893 0.0182648401826484 0.0730593607305936
6 0.8333333333333334 0.487062404870624 0.02968036529680365 0.1461187214611872
1 0.860730593607306 0.2595129375951294 0.02054794520547945 0.0593607305936073
2 0.488013698630137 0.3143074581430746 0.017123287671232876 0.0471841704718417
0 0.9823059360730594 0.4360730593607306 0.012557077625570776 0.0563165905631659
0 0.273972602739726 0.3538812785388128 0.0228310502283105 0.1141552511415525
6 0.7294520547945206 0.4474885844748858 0.0182648401826484 0.0730593607305936
6 0.6894977168949772 0.4634703196347032 0.02511415525114155 0.1111111111111111
11 0.8635844748858448 0.5273972602739726 0.04223744292237443 0.0958904109589041
16 0.7950913242009132 0.3751902587519026 0.017123287671232876 0.2207001522070015
16 0.4748858447488584 0.3881278538812785 0.0136986301369863 0.2343987823439878
3 0.9434931506849316 0.4931506849315068 0.11073059360730593 0.0273972602739726
6 0.9023972602739726 0.4505327245053272 0.019406392694063926 0.0365296803652968
16 0.1952054794520548 0.3850837138508371 0.0182648401826484 0.1887366818873668
16 0.781392694063927 0.3980213089802131 0.012557077625570776 0.0958904109589041
0 0.940068493150685 0.4162861491628615 0.010273972602739725 0.0380517503805175
6 0.8167808219178082 0.45662100456621 0.012557077625570776 0.076103500761035
