3 0.4018264840182648 0.726027397260274 0.8013698630136986 0.5449010654490106
13 0.1432648401826484 0.4436834094368341 0.04452054794520548 0.0532724505327245
6 0.4651826484018265 0.4208523592085236 0.026255707762557076 0.0776255707762557
6 0.5633561643835616 0.4117199391171994 0.019406392694063926 0.0715372907153729
0 0.8139269406392694 0.3607305936073059 0.01598173515981735 0.0882800608828006
16 0.928082191780822 0.3622526636225266 0.0091324200913242 0.1004566210045662
0 0.4343607305936073 0.3881278538812785 0.021689497716894976 0.121765601217656
0 0.8721461187214612 0.3622526636225266 0.01598173515981735 0.1004566210045662
1 0.01997716894977169 0.1491628614916286 0.030821917808219176 0.0943683409436834
0 0.2191780821917808 0.3873668188736682 0.02511415525114155 0.1598173515981735
10 0.672945205479452 0.3873668188736682 0.03538812785388128 0.0319634703196347
16 0.07248858447488585 0.3295281582952816 0.023972602739726026 0.2907153729071537
16 0.5079908675799086 0.332572298325723 0.01141552511415525 0.2146118721461187
5 0.07363013698630137 0.302130898021309 0.026255707762557076 0.0410958904109589
6 0.757420091324201 0.3843226788432268 0.017123287671232876 0.0289193302891933
1 0.5296803652968036 0.3409436834094368 0.01141552511415525 0.030441400304414
11 0.7585616438356164 0.4079147640791476 0.021689497716894976 0.0334855403348554
16 0.5947488584474886 0.34779299847793 0.01141552511415525 0.1537290715372907
16 0.5331050228310502 0.3926940639269406 0.0091324200913242 0.0821917808219178
0 0.7688356164383562 0.365296803652968 0.012557077625570776 0.0639269406392694
12 0.3139269406392694 0.4444444444444444 0.01141552511415525 0.030441400304414
3 0.7625570776255708 0.4368340943683409 0.4726027397260274 0.0395738203957382
12 0.23972602739726026 0.4512937595129376 0.01598173515981735 0.0289193302891933
0 0.7437214611872146 0.3622526636225266 0.012557077625570776 0.0730593607305936
0 0.6992009132420092 0.3751902587519026 0.010273972602739725 0.0532724505327245
0 0.6067351598173516 0.3797564687975647 0.010273972602739725 0.0837138508371385
11 0.5958904109589042 0.4117199391171994 0.0410958904109589 0.0289193302891933
6 0.3698630136986301 0.4094368340943683 0.0182648401826484 0.030441400304414
12 0.3755707762557078 0.4307458143074581 0.01141552511415525 0.030441400304414
12 0.3829908675799087 0.4330289193302892 0.010273972602739725 0.0228310502283105
0 0.6855022831050228 0.3569254185692542 0.010273972602739725 0.0410958904109589
