3 0.3253424657534247 0.7404870624048706 0.6484018264840182 0.5190258751902588
10 0.13984018264840184 0.5098934550989346 0.2773972602739726 0.228310502283105
10 0.781392694063927 0.4657534246575342 0.3595890410958904 0.1796042617960426
1 0.8133561643835616 0.2039573820395738 0.021689497716894976 0.0669710806697108
16 0.2208904109589041 0.23668188736681886 0.021689497716894976 0.4520547945205479
16 0.3396118721461187 0.2922374429223744 0.019406392694063926 0.365296803652968
1 0.6575342465753424 0.3112633181126332 0.01598173515981735 0.0410958904109589
14 0.5279680365296804 0.4535768645357686 0.007990867579908675 0.0426179604261796
3 0.9765981735159818 0.4581430745814307 0.04680365296803653 0.030441400304414
10 0.7243150684931506 0.3911719939117199 0.03767123287671233 0.0243531202435312
16 0.7226027397260274 0.3074581430745814 0.01598173515981735 0.2039573820395738
9 0.6552511415525114 0.3850837138508371 0.0319634703196347 0.030441400304414
16 0.6689497716894978 0.3386605783866058 0.01141552511415525 0.1293759512937595
14 0.478310502283105 0.4573820395738204 0.0091324200913242 0.0532724505327245
11 0.2659817351598174 0.4398782343987823 0.045662100456621 0.0669710806697108
