3 0.4098173515981735 0.6811263318112634 0.817351598173516 0.634703196347032
6 0.6735159817351598 0.2747336377473364 0.04794520547945205 0.1232876712328767
0 0.3670091324200913 0.2389649923896499 0.028538812785388126 0.2222222222222222
6 0.708904109589041 0.2663622526636225 0.03424657534246575 0.121765601217656
11 0.9594748858447488 0.2747336377473364 0.08105022831050228 0.0745814307458143
0 0.0884703196347032 0.2694063926940639 0.04452054794520548 0.1765601217656012
16 0.7368721461187214 0.17579908675799086 0.017123287671232876 0.3485540334855403
16 0.8281963470319634 0.1719939117199391 0.026255707762557076 0.3409436834094368
16 0.4845890410958904 0.17732115677321156 0.030821917808219176 0.3485540334855403
10 0.02511415525114155 0.3812785388127854 0.04794520547945205 0.1385083713850837
6 0.3224885844748858 0.2876712328767123 0.023972602739726026 0.0852359208523592
2 0.7197488584474886 0.14840182648401826 0.023972602739726026 0.0563165905631659
6 0.8972602739726028 0.2732115677321157 0.03424657534246575 0.1232876712328767
16 0.6004566210045662 0.1750380517503805 0.02511415525114155 0.3470319634703196
16 0.9200913242009132 0.1156773211567732 0.0182648401826484 0.228310502283105
13 0.2985159817351598 0.3287671232876712 0.04452054794520548 0.0547945205479452
2 0.9897260273972602 0.0669710806697108 0.02054794520547945 0.0943683409436834
5 0.4885844748858447 0.02815829528158295 0.0182648401826484 0.0532724505327245
5 0.4908675799086758 0.1248097412480974 0.0182648401826484 0.060882800608828
16 0.9834474885844748 0.1750380517503805 0.014840182648401826 0.1278538812785388
7 0.8732876712328768 0.2747336377473364 0.02968036529680365 0.0471841704718417
6 0.8447488584474886 0.24277016742770166 0.01598173515981735 0.0654490106544901
