3 0.4982876712328767 0.791476407914764 0.9942922374429224 0.4170471841704718
6 0.4703196347031963 0.530441400304414 0.02511415525114155 0.0958904109589041
16 0.05422374429223744 0.3013698630136986 0.033105022831050226 0.5905631659056316
1 0.0776255707762557 0.2945205479452055 0.0273972602739726 0.0928462709284627
14 0.204337899543379 0.5829528158295282 0.0091324200913242 0.0639269406392694
10 0.764269406392694 0.502283105022831 0.03538812785388128 0.0273972602739726
14 0.24486301369863014 0.5799086757990868 0.010273972602739725 0.0578386605783866
1 0.5679223744292238 0.4254185692541857 0.014840182648401826 0.0380517503805175
0 0.1969178082191781 0.4824961948249619 0.017123287671232876 0.1461187214611872
14 0.5011415525114156 0.556316590563166 0.0091324200913242 0.0471841704718417
14 0.5684931506849316 0.5525114155251142 0.0091324200913242 0.0395738203957382
14 0.7288812785388128 0.54337899543379 0.007990867579908675 0.0395738203957382
14 0.7545662100456622 0.54337899543379 0.0091324200913242 0.0395738203957382
8 0.7973744292237442 0.484779299847793 0.10844748858447488 0.0502283105022831
3 0.8687214611872146 0.5601217656012176 0.2625570776255708 0.0365296803652968
16 0.5827625570776256 0.2983257229832572 0.021689497716894976 0.5357686453576864
0 0.7905251141552512 0.4901065449010654 0.012557077625570776 0.1156773211567732
16 0.7585616438356164 0.484779299847793 0.007990867579908675 0.0776255707762557
