3 0.5005707762557078 0.7800608828006088 0.9988584474885844 0.4398782343987823
10 0.9018264840182648 0.5920852359208524 0.1963470319634703 0.1917808219178082
11 0.6381278538812786 0.5365296803652968 0.06621004566210045 0.0532724505327245
6 0.8396118721461188 0.5053272450532724 0.030821917808219176 0.0395738203957382
0 0.8059360730593608 0.4764079147640791 0.02054794520547945 0.121765601217656
1 0.54337899543379 0.4231354642313546 0.0136986301369863 0.0334855403348554
16 0.019406392694063926 0.4330289193302892 0.01141552511415525 0.2024353120243531
14 0.4680365296803653 0.5350076103500762 0.0091324200913242 0.0410958904109589
0 0.622716894977169 0.4741248097412481 0.014840182648401826 0.0928462709284627
16 0.555365296803653 0.3888888888888889 0.017123287671232876 0.3211567732115677
6 0.6352739726027398 0.5220700152207002 0.017123287671232876 0.0669710806697108
16 0.5850456621004566 0.3371385083713851 0.017123287671232876 0.4094368340943683
14 0.4275114155251142 0.532724505327245 0.007990867579908675 0.0334855403348554
16 0.09988584474885845 0.317351598173516 0.017123287671232876 0.4459665144596651
6 0.9275114155251142 0.5015220700152208 0.026255707762557076 0.0441400304414003
6 0.6478310502283106 0.515220700152207 0.019406392694063926 0.0624048706240487
