3 0.5017123287671232 0.7351598173515982 0.9942922374429224 0.5296803652968036
10 0.06050228310502283 0.4817351598173516 0.1187214611872146 0.1445966514459665
0 0.317351598173516 0.4140030441400304 0.0136986301369863 0.0974124809741248
0 0.7146118721461188 0.3995433789954338 0.02054794520547945 0.1111111111111111
7 0.547945205479452 0.4459665144596651 0.0319634703196347 0.0334855403348554
0 0.8202054794520548 0.4003044140030441 0.014840182648401826 0.0974124809741248
16 0.523972602739726 0.3508371385083714 0.01598173515981735 0.2237442922374429
0 0.14098173515981735 0.4010654490106545 0.014840182648401826 0.1202435312024353
1 0.5125570776255708 0.3592085235920852 0.01598173515981735 0.0334855403348554
14 0.4269406392694064 0.4505327245053272 0.00684931506849315 0.0334855403348554
14 0.4828767123287671 0.4474885844748858 0.00684931506849315 0.0365296803652968
0 0.5787671232876712 0.3964992389649924 0.0136986301369863 0.1141552511415525
16 0.2722602739726027 0.4033485540334855 0.014840182648401826 0.121765601217656
0 0.8818493150684932 0.3987823439878234 0.014840182648401826 0.0943683409436834
7 0.5941780821917808 0.4436834094368341 0.030821917808219176 0.0380517503805175
0 0.8984018264840182 0.4010654490106545 0.01141552511415525 0.0806697108066971
0 0.4765981735159817 0.4003044140030441 0.014840182648401826 0.0852359208523592
16 0.8641552511415526 0.3843226788432268 0.0136986301369863 0.1293759512937595
16 0.9840182648401826 0.3736681887366819 0.0091324200913242 0.1111111111111111
10 0.9315068493150684 0.395738203957382 0.0228310502283105 0.0182648401826484
8 0.9320776255707762 0.3964992389649924 0.023972602739726026 0.0197869101978691
10 0.06164383561643835 0.4505327245053272 0.12100456621004566 0.091324200913242
10 0.9765981735159818 0.4033485540334855 0.017123287671232876 0.015220700152207
16 0.7014840182648402 0.213089802130898 0.023972602739726026 0.4231354642313546
