10 0.6118721461187214 0.4764079147640791 0.639269406392694 0.319634703196347
3 0.829337899543379 0.7343987823439878 0.339041095890411 0.5312024353120244
16 0.7722602739726028 0.2625570776255708 0.019406392694063926 0.2511415525114155
1 0.761986301369863 0.2815829528158295 0.014840182648401826 0.0395738203957382
10 0.023972602739726026 0.4254185692541857 0.045662100456621 0.1628614916286149
16 0.4400684931506849 0.1598173515981735 0.023972602739726026 0.3165905631659056
6 0.8430365296803652 0.393455098934551 0.033105022831050226 0.0715372907153729
6 0.8036529680365296 0.3919330289193303 0.0182648401826484 0.0502283105022831
16 0.4857305936073059 0.22146118721461186 0.017123287671232876 0.1933028919330289
18 0.872716894977169 0.4246575342465753 0.12899543378995434 0.0700152207001522
