3 0.4309360730593607 0.7382039573820396 0.8595890410958904 0.5235920852359208
16 0.9583333333333334 0.3203957382039574 0.04223744292237443 0.4124809741248097
2 0.803082191780822 0.1628614916286149 0.03995433789954338 0.0882800608828006
16 0.8207762557077626 0.3028919330289193 0.03424657534246575 0.4200913242009132
2 0.33162100456621 0.14231354642313546 0.019406392694063926 0.0563165905631659
10 0.3904109589041096 0.3447488584474886 0.0502283105022831 0.0380517503805175
2 0.3567351598173516 0.1430745814307458 0.019406392694063926 0.0578386605783866
14 0.7614155251141552 0.4611872146118721 0.0136986301369863 0.1126331811263318
10 0.18093607305936074 0.3150684931506849 0.05821917808219178 0.0273972602739726
14 0.5907534246575342 0.4398782343987823 0.012557077625570776 0.091324200913242
10 0.03881278538812785 0.3059360730593607 0.07534246575342465 0.030441400304414
14 0.05650684931506849 0.350076103500761 0.007990867579908675 0.0334855403348554
13 0.2756849315068493 0.3394216133942161 0.019406392694063926 0.0273972602739726
10 0.2420091324200913 0.3181126331811263 0.05251141552511415 0.0213089802130898
16 0.4160958904109589 0.2519025875190259 0.012557077625570776 0.2207001522070015
14 0.3732876712328767 0.3744292237442922 0.0091324200913242 0.0395738203957382
16 0.4845890410958904 0.2359208523592085 0.007990867579908675 0.0974124809741248
14 0.0228310502283105 0.3531202435312024 0.00684931506849315 0.0334855403348554
1 0.08276255707762557 0.2534246575342466 0.012557077625570776 0.0319634703196347
3 0.19577625570776255 0.3911719939117199 0.3664383561643836 0.0487062404870624
14 0.398972602739726 0.3721461187214612 0.007990867579908675 0.0380517503805175
0 0.04737442922374429 0.2914764079147641 0.012557077625570776 0.0593607305936073
16 0.08732876712328767 0.2922374429223744 0.010273972602739725 0.1248097412480974
7 0.4246575342465753 0.3736681887366819 0.05251141552511415 0.0441400304414003
0 0.136986301369863 0.2968036529680365 0.0136986301369863 0.060882800608828
5 0.3755707762557078 0.16057838660578386 0.02054794520547945 0.0350076103500761
16 0.3493150684931507 0.2633181126331811 0.01141552511415525 0.1856925418569254
0 0.4469178082191781 0.350076103500761 0.017123287671232876 0.0700152207001522
