6 0.4594748858447489 0.3576864535768645 0.04452054794520548 0.1613394216133942
6 0.2916666666666667 0.4748858447488584 0.13356164383561644 0.441400304414003
6 0.6952054794520548 0.3949771689497717 0.0684931506849315 0.2176560121765601
9 0.09817351598173515 0.2572298325722983 0.19406392694063926 0.3318112633181126
6 0.8613013698630136 0.4421613394216134 0.07648401826484018 0.2633181126331811
3 0.5804794520547946 0.6925418569254186 0.839041095890411 0.6149162861491628
6 0.3881278538812785 0.45662100456621 0.1004566210045662 0.4200913242009132
6 0.8116438356164384 0.4170471841704718 0.06621004566210045 0.2374429223744292
6 0.9623287671232876 0.4596651445966514 0.07534246575342465 0.3257229832572298
2 0.2694063926940639 0.15144596651445966 0.02968036529680365 0.0867579908675799
16 0.535958904109589 0.3082191780821918 0.012557077625570776 0.1324200913242009
7 0.9372146118721462 0.5547945205479452 0.12557077625570776 0.2298325722983257
0 0.5878995433789954 0.2861491628614916 0.0273972602739726 0.1735159817351598
6 0.916095890410959 0.4124809741248097 0.05136986301369863 0.1887366818873668
8 0.8544520547945206 0.2968036529680365 0.2910958904109589 0.2009132420091324
6 0.24029680365296804 0.3051750380517504 0.019406392694063926 0.0837138508371385
2 0.2853881278538813 0.22146118721461186 0.0182648401826484 0.0441400304414003
6 0.19463470319634704 0.302130898021309 0.019406392694063926 0.0776255707762557
16 0.6404109589041096 0.2899543378995434 0.01598173515981735 0.1750380517503805
16 0.3304794520547945 0.16666666666666666 0.017123287671232876 0.3272450532724505
16 0.22203196347031964 0.2861491628614916 0.014840182648401826 0.1339421613394216
16 0.7779680365296804 0.11035007610350075 0.023972602739726026 0.1993911719939117
16 0.25 0.2732115677321157 0.01598173515981735 0.1354642313546423
16 0.2756849315068493 0.2579908675799087 0.010273972602739725 0.0654490106544901
16 0.3995433789954338 0.136986301369863 0.0182648401826484 0.2709284627092846
6 0.6518264840182648 0.3112633181126332 0.0182648401826484 0.0441400304414003
