3 0.3681506849315068 0.5357686453576864 0.7340182648401826 0.3744292237442922
6 0.5964611872146118 0.3264840182648402 0.026255707762557076 0.0958904109589041
16 0.3350456621004566 0.2085235920852359 0.019406392694063926 0.258751902587519
10 0.976027397260274 0.3036529680365297 0.04794520547945205 0.0410958904109589
10 0.8584474885844748 0.2975646879756469 0.03424657534246575 0.0289193302891933
16 0.567351598173516 0.2914764079147641 0.0136986301369863 0.0928462709284627
2 0.5713470319634704 0.22754946727549466 0.014840182648401826 0.0350076103500761
16 0.7625570776255708 0.2785388127853881 0.0136986301369863 0.1187214611872146
3 0.9029680365296804 0.3470319634703196 0.19406392694063926 0.0334855403348554
0 0.7990867579908676 0.2823439878234399 0.0136986301369863 0.0898021308980213
16 0.007990867579908675 0.24581430745814306 0.0136986301369863 0.1780821917808219
19 0.1004566210045662 0.2937595129375951 0.01141552511415525 0.0182648401826484
6 0.6906392694063926 0.2945205479452055 0.0091324200913242 0.0258751902587519
10 0.8156392694063926 0.2960426179604262 0.019406392694063926 0.0197869101978691
6 0.8190639269406392 0.2998477929984779 0.012557077625570776 0.0243531202435312
12 0.8122146118721462 0.3242009132420091 0.014840182648401826 0.0243531202435312
