3 0.6426940639269406 0.6910197869101978 0.7123287671232876 0.6179604261796042
10 0.8139269406392694 0.3051750380517504 0.1187214611872146 0.0654490106544901
10 0.716324200913242 0.3272450532724505 0.10388127853881278 0.0882800608828006
10 0.535958904109589 0.30441400304414 0.06963470319634703 0.0517503805175038
6 0.5993150684931506 0.3287671232876712 0.02511415525114155 0.1035007610350076
1 0.5593607305936074 0.11187214611872145 0.0228310502283105 0.0654490106544901
16 0.3202054794520548 0.256468797564688 0.019406392694063926 0.2359208523592085
16 0.017123287671232876 0.2983257229832572 0.02968036529680365 0.2039573820395738
6 0.5 0.3287671232876712 0.02968036529680365 0.0791476407914764
16 0.8812785388127854 0.2267884322678843 0.0182648401826484 0.1917808219178082
14 0.3795662100456621 0.363013698630137 0.010273972602739725 0.0532724505327245
14 0.9121004566210046 0.3211567732115677 0.0091324200913242 0.0334855403348554
1 0.8310502283105022 0.1263318112633181 0.02054794520547945 0.0578386605783866
14 0.4149543378995434 0.3592085235920852 0.010273972602739725 0.0487062404870624
0 0.773972602739726 0.2526636225266362 0.0182648401826484 0.0821917808219178
16 0.0593607305936073 0.2161339421613394 0.02054794520547945 0.1430745814307458
16 0.4611872146118721 0.2625570776255708 0.01598173515981735 0.2024353120243531
0 0.648972602739726 0.2656012176560122 0.012557077625570776 0.0837138508371385
14 0.8852739726027398 0.3211567732115677 0.007990867579908675 0.030441400304414
0 0.704337899543379 0.24733637747336376 0.01598173515981735 0.0745814307458143
0 0.2819634703196347 0.2359208523592085 0.0228310502283105 0.0943683409436834
16 0.4823059360730594 0.24277016742770166 0.010273972602739725 0.1659056316590563
3 0.7311643835616438 0.3462709284627093 0.4417808219178082 0.0350076103500761
7 0.4012557077625571 0.3242009132420091 0.028538812785388126 0.0365296803652968
11 0.6170091324200914 0.3310502283105023 0.021689497716894976 0.0471841704718417
5 0.8481735159817352 0.1263318112633181 0.0182648401826484 0.0395738203957382
0 0.2026255707762557 0.2686453576864536 0.021689497716894976 0.0745814307458143
18 0.5039954337899544 0.3546423135464231 0.03538812785388128 0.0547945205479452
