3 0.5154109589041096 0.756468797564688 0.70662100456621 0.4840182648401826
11 0.4417808219178082 0.5958904109589042 0.2602739726027397 0.2298325722983257
1 0.5781963470319634 0.34779299847793 0.019406392694063926 0.0410958904109589
1 0.3287671232876712 0.05859969558599695 0.03881278538812785 0.1141552511415525
1 0.8139269406392694 0.2792998477929985 0.01598173515981735 0.0532724505327245
6 0.6598173515981736 0.4581430745814307 0.02054794520547945 0.0791476407914764
16 0.5896118721461188 0.408675799086758 0.012557077625570776 0.1902587519025875
7 0.3059360730593607 0.4619482496194825 0.0593607305936073 0.0563165905631659
10 0.8647260273972602 0.454337899543379 0.028538812785388126 0.0319634703196347
6 0.45662100456621 0.5243531202435312 0.0958904109589041 0.2541856925418569
16 0.3818493150684932 0.3257229832572298 0.017123287671232876 0.3622526636225266
7 0.6181506849315068 0.4809741248097412 0.04908675799086758 0.0487062404870624
6 0.704337899543379 0.45662100456621 0.0136986301369863 0.0487062404870624
6 0.6912100456621004 0.4573820395738204 0.012557077625570776 0.0471841704718417
10 0.9126712328767124 0.4429223744292237 0.017123287671232876 0.0182648401826484
16 0.7734018264840182 0.3896499238964992 0.010273972602739725 0.1491628614916286
6 0.6318493150684932 0.4505327245053272 0.019406392694063926 0.0730593607305936
16 0.7243150684931506 0.3592085235920852 0.012557077625570776 0.2404870624048706
6 0.6170091324200914 0.4535768645357686 0.019406392694063926 0.0700152207001522
8 0.9594748858447488 0.4368340943683409 0.028538812785388126 0.0273972602739726
10 0.8281963470319634 0.4421613394216134 0.019406392694063926 0.0197869101978691
16 0.680365296803653 0.4398782343987823 0.0091324200913242 0.1156773211567732
3 0.8647260273972602 0.4969558599695586 0.2705479452054795 0.0258751902587519
10 0.9942922374429224 0.4589041095890411 0.01141552511415525 0.0380517503805175
16 0.807648401826484 0.4033485540334855 0.005707762557077625 0.091324200913242
16 0.7968036529680366 0.4018264840182648 0.00684931506849315 0.106544901065449
14 0.8167808219178082 0.4764079147640791 0.007990867579908675 0.0273972602739726
10 0.9240867579908676 0.4429223744292237 0.012557077625570776 0.0182648401826484
