3 0.6472602739726028 0.6940639269406392 0.7031963470319634 0.6118721461187214
0 0.6883561643835616 0.2549467275494673 0.045662100456621 0.2450532724505327
16 0.8938356164383562 0.1963470319634703 0.0639269406392694 0.3835616438356164
1 0.1877853881278539 0.1461187214611872 0.026255707762557076 0.0639269406392694
6 0.3521689497716895 0.2983257229832572 0.04452054794520548 0.1187214611872146
16 0.09075342465753425 0.1780821917808219 0.028538812785388126 0.3531202435312024
6 0.4771689497716895 0.3211567732115677 0.03424657534246575 0.0578386605783866
16 0.228310502283105 0.18188736681887366 0.0273972602739726 0.3607305936073059
16 0.1740867579908676 0.21841704718417046 0.023972602739726026 0.2785388127853881
6 0.8156392694063926 0.3287671232876712 0.033105022831050226 0.091324200913242
6 0.8464611872146118 0.3333333333333333 0.026255707762557076 0.0974124809741248
6 0.09075342465753425 0.2876712328767123 0.03538812785388128 0.121765601217656
6 0.5011415525114156 0.3013698630136986 0.02511415525114155 0.106544901065449
6 0.8310502283105022 0.3295281582952816 0.0182648401826484 0.0837138508371385
6 0.8961187214611872 0.3295281582952816 0.02054794520547945 0.0928462709284627
0 0.976027397260274 0.2724505327245053 0.045662100456621 0.2374429223744292
4 0.317351598173516 0.3546423135464231 0.10730593607305935 0.0426179604261796
6 0.3287671232876712 0.2907153729071537 0.04337899543378995 0.045662100456621
6 0.6472602739726028 0.30441400304414 0.0228310502283105 0.0791476407914764
