3 0.615296803652968 0.697869101978691 0.769406392694064 0.604261796042618
6 0.17123287671232876 0.4003044140030441 0.13470319634703196 0.4322678843226788
6 0.5964611872146118 0.302130898021309 0.04908675799086758 0.1232876712328767
8 0.7254566210045662 0.23972602739726026 0.23858447488584475 0.1324200913242009
6 0.3082191780821918 0.30441400304414 0.04337899543378995 0.182648401826484
6 0.9549086757990868 0.3751902587519026 0.09018264840182648 0.3059360730593607
8 0.555365296803653 0.2420091324200913 0.08333333333333333 0.0882800608828006
11 0.9189497716894978 0.4642313546423135 0.16210045662100456 0.228310502283105
6 0.5028538812785388 0.2929984779299848 0.03538812785388128 0.1385083713850837
1 0.4668949771689498 0.1263318112633181 0.02511415525114155 0.0639269406392694
6 0.5542237442922374 0.3006088280060883 0.028538812785388126 0.1232876712328767
6 0.4726027397260274 0.2937595129375951 0.02968036529680365 0.121765601217656
16 0.4674657534246575 0.2054794520547945 0.017123287671232876 0.1004566210045662
6 0.2625570776255708 0.2656012176560122 0.02968036529680365 0.0958904109589041
0 0.8710045662100456 0.22754946727549466 0.02511415525114155 0.1263318112633181
11 0.4474885844748858 0.2983257229832572 0.03424657534246575 0.060882800608828
16 0.942351598173516 0.23211567732115676 0.010273972602739725 0.0654490106544901
3 0.7711187214611872 0.3599695585996956 0.4509132420091324 0.0684931506849315
0 0.4001141552511416 0.21080669710806696 0.017123287671232876 0.1050228310502283
6 0.8458904109589042 0.273972602739726 0.0182648401826484 0.0578386605783866
11 0.059931506849315065 0.5958904109589042 0.11757990867579908 0.4733637747336377
16 0.5165525114155252 0.1704718417047184 0.026255707762557076 0.3378995433789954
16 0.3681506849315068 0.18797564687975646 0.012557077625570776 0.1415525114155251
7 0.8767123287671232 0.2914764079147641 0.0273972602739726 0.0380517503805175
11 0.9172374429223744 0.2876712328767123 0.023972602739726026 0.045662100456621
2 0.9891552511415526 0.0273972602739726 0.021689497716894976 0.0517503805175038
16 0.07248858447488585 0.11948249619482496 0.03538812785388128 0.2359208523592085
16 0.11815068493150685 0.10882800608828005 0.019406392694063926 0.1598173515981735
4 0.4257990867579909 0.365296803652968 0.10730593607305935 0.0395738203957382
6 0.5393835616438356 0.3066971080669711 0.021689497716894976 0.1111111111111111
