3 0.375 0.73896499238965 0.747716894977169 0.5220700152207002
10 0.6546803652968036 0.4277016742770167 0.3573059360730594 0.2009132420091324
2 0.4126712328767123 0.17884322678843226 0.026255707762557076 0.0684931506849315
3 0.9058219178082192 0.4467275494672755 0.1860730593607306 0.0624048706240487
10 0.09931506849315068 0.4337899543378995 0.1963470319634703 0.1856925418569254
0 0.7231735159817352 0.2709284627092846 0.014840182648401826 0.1156773211567732
14 0.4537671232876712 0.408675799086758 0.012557077625570776 0.0837138508371385
16 0.4155251141552511 0.3333333333333333 0.01598173515981735 0.2374429223744292
2 0.9931506849315068 0.1232876712328767 0.0136986301369863 0.0639269406392694
16 0.6158675799086758 0.2602739726027397 0.012557077625570776 0.1643835616438356
7 0.488013698630137 0.3980213089802131 0.030821917808219176 0.0624048706240487
14 0.5057077625570776 0.3850837138508371 0.0091324200913242 0.0365296803652968
16 0.09189497716894977 0.18340943683409436 0.06050228310502283 0.3637747336377473
16 0.8047945205479452 0.256468797564688 0.01141552511415525 0.1628614916286149
0 0.96175799086758 0.3302891933028919 0.014840182648401826 0.0882800608828006
6 0.488013698630137 0.3371385083713851 0.012557077625570776 0.0410958904109589
16 0.6649543378995434 0.2952815829528158 0.007990867579908675 0.076103500761035
6 0.5028538812785388 0.3310502283105023 0.014840182648401826 0.0319634703196347
