10 0.8767123287671232 0.3759512937595129 0.1872146118721461 0.0730593607305936
9 0.1906392694063927 0.3432267884322679 0.07534246575342465 0.0593607305936073
10 0.07591324200913242 0.3584474885844749 0.07876712328767123 0.0441400304414003
6 0.4286529680365297 0.3698630136986301 0.014840182648401826 0.0517503805175038
10 0.648972602739726 0.3706240487062405 0.17009132420091325 0.0715372907153729
16 0.9195205479452054 0.2678843226788432 0.04908675799086758 0.5266362252663622
10 0.027968036529680364 0.3592085235920852 0.05365296803652968 0.0426179604261796
10 0.12614155251141554 0.3607305936073059 0.03767123287671233 0.030441400304414
6 0.363013698630137 0.3645357686453577 0.01598173515981735 0.0532724505327245
1 0.2557077625570776 0.2884322678843227 0.01141552511415525 0.0380517503805175
0 0.8002283105022832 0.3211567732115677 0.0182648401826484 0.091324200913242
6 0.2636986301369863 0.3622526636225266 0.01598173515981735 0.045662100456621
1 0.4166666666666667 0.2983257229832572 0.01141552511415525 0.0243531202435312
10 0.2505707762557078 0.3538812785388128 0.028538812785388126 0.0258751902587519
10 0.2117579908675799 0.3599695585996956 0.05136986301369863 0.0319634703196347
16 0.5861872146118722 0.3371385083713851 0.007990867579908675 0.0532724505327245
14 0.5017123287671232 0.3949771689497717 0.010273972602739725 0.0593607305936073
0 0.9908675799086758 0.3165905631659056 0.0182648401826484 0.106544901065449
3 0.22773972602739725 0.5213089802130898 0.4531963470319635 0.2541856925418569
1 0.013127853881278538 0.2929984779299848 0.014840182648401826 0.0350076103500761
16 0.2773972602739726 0.3074581430745814 0.0091324200913242 0.1278538812785388
16 0.4235159817351598 0.332572298325723 0.0091324200913242 0.1111111111111111
16 0.5439497716894978 0.22450532724505326 0.014840182648401826 0.2876712328767123
3 0.182648401826484 0.3797564687975647 0.16210045662100456 0.0167427701674277
5 0.2745433789954338 0.3074581430745814 0.010273972602739725 0.0182648401826484
10 0.2882420091324201 0.3523592085235921 0.019406392694063926 0.0258751902587519
