3 0.4469178082191781 0.6659056316590564 0.8915525114155252 0.6681887366818874
13 0.15296803652968036 0.2998477929984779 0.0593607305936073 0.0700152207001522
1 0.5416666666666666 0.17275494672754946 0.019406392694063926 0.0471841704718417
0 0.4383561643835616 0.19406392694063926 0.04337899543378995 0.2633181126331811
0 0.7265981735159818 0.2328767123287671 0.019406392694063926 0.1156773211567732
7 0.6735159817351598 0.2846270928462709 0.03881278538812785 0.0487062404870624
16 0.555365296803653 0.1628614916286149 0.019406392694063926 0.319634703196347
16 0.1141552511415525 0.0776255707762557 0.0228310502283105 0.1491628614916286
19 0.5998858447488584 0.2990867579908676 0.014840182648401826 0.0350076103500761
3 0.8202054794520548 0.3112633181126332 0.3595890410958904 0.0380517503805175
16 0.7049086757990868 0.2054794520547945 0.019406392694063926 0.1887366818873668
16 0.9868721461187214 0.12709284627092846 0.026255707762557076 0.2511415525114155
0 0.6529680365296804 0.2222222222222222 0.0182648401826484 0.106544901065449
