3 0.4440639269406393 0.8127853881278538 0.8858447488584474 0.3744292237442922
10 0.3139269406392694 0.4406392694063927 0.0821917808219178 0.1019786910197869
1 0.6889269406392694 0.1232876712328767 0.06050228310502283 0.15220700152207
16 0.339041095890411 0.3302891933028919 0.0136986301369863 0.121765601217656
3 0.19006849315068494 0.5030441400304414 0.3436073059360731 0.0776255707762557
0 0.6289954337899544 0.22450532724505326 0.05707762557077625 0.2267884322678843
0 0.791095890410959 0.2267884322678843 0.03881278538812785 0.1704718417047184
0 0.2574200913242009 0.4048706240487062 0.017123287671232876 0.091324200913242
16 0.4240867579908676 0.2503805175038052 0.023972602739726026 0.1933028919330289
16 0.2334474885844749 0.3949771689497717 0.012557077625570776 0.1202435312024353
1 0.21860730593607305 0.3188736681887367 0.017123287671232876 0.0441400304414003
0 0.1797945205479452 0.3485540334855403 0.014840182648401826 0.0547945205479452
16 0.735730593607306 0.16666666666666666 0.030821917808219176 0.3272450532724505
16 0.3715753424657534 0.2701674277016743 0.014840182648401826 0.1445966514459665
5 0.978310502283105 0.06012176560121765 0.04337899543378995 0.1171993911719939
0 0.6723744292237442 0.2648401826484018 0.04337899543378995 0.15220700152207
16 0.5542237442922374 0.2785388127853881 0.017123287671232876 0.1187214611872146
