3 0.5291095890410958 0.7496194824961948 0.5993150684931506 0.5007610350076104
6 0.5296803652968036 0.4452054794520548 0.0273972602739726 0.0684931506849315
16 0.6763698630136986 0.4269406392694064 0.010273972602739725 0.1506849315068493
14 0.6672374429223744 0.4786910197869102 0.010273972602739725 0.0471841704718417
7 0.5319634703196348 0.4672754946727549 0.05707762557077625 0.0487062404870624
16 0.4103881278538813 0.3949771689497717 0.010273972602739725 0.1293759512937595
14 0.7317351598173516 0.4794520547945205 0.0136986301369863 0.0517503805175038
2 0.4200913242009132 0.3607305936073059 0.01598173515981735 0.0365296803652968
1 0.839041095890411 0.06621004566210045 0.03881278538812785 0.1080669710806697
14 0.4800228310502283 0.4794520547945205 0.007990867579908675 0.0395738203957382
16 0.8087899543378996 0.3059360730593607 0.017123287671232876 0.3713850837138508
14 0.9937214611872146 0.4634703196347032 0.012557077625570776 0.0563165905631659
14 0.8122146118721462 0.4741248097412481 0.012557077625570776 0.0502283105022831
16 0.3321917808219178 0.3843226788432268 0.0136986301369863 0.1628614916286149
14 0.8886986301369864 0.4726027397260274 0.012557077625570776 0.0502283105022831
