3 0.3886986301369863 0.7222222222222222 0.7751141552511416 0.5525114155251142
6 0.9029680365296804 0.4596651445966514 0.1917808219178082 0.3926940639269406
6 0.708904109589041 0.410958904109589 0.1187214611872146 0.3257229832572298
11 0.8396118721461188 0.576103500761035 0.3207762557077626 0.4003044140030441
6 0.2288812785388128 0.3744292237442922 0.06050228310502283 0.1613394216133942
6 0.4965753424657534 0.3751902587519026 0.0730593607305936 0.1872146118721461
11 0.4965753424657534 0.4101978691019787 0.14840182648401826 0.1263318112633181
2 0.351027397260274 0.0715372907153729 0.030821917808219176 0.091324200913242
2 0.01769406392694064 0.12557077625570776 0.030821917808219176 0.0776255707762557
16 0.5188356164383562 0.16971080669710806 0.03995433789954338 0.3363774733637747
6 0.4035388127853881 0.3637747336377473 0.03995433789954338 0.1735159817351598
6 0.3601598173515982 0.3645357686453577 0.04908675799086758 0.1598173515981735
11 0.6883561643835616 0.454337899543379 0.22602739726027396 0.2115677321156773
0 0.05650684931506849 0.2952815829528158 0.028538812785388126 0.1552511415525114
6 0.3025114155251142 0.3744292237442922 0.0639269406392694 0.2009132420091324
1 0.3190639269406393 0.07534246575342465 0.030821917808219176 0.0867579908675799
16 0.8835616438356164 0.2541856925418569 0.0228310502283105 0.289193302891933
6 0.6084474885844748 0.2945205479452055 0.03424657534246575 0.0898021308980213
0 0.803082191780822 0.2115677321156773 0.03995433789954338 0.4048706240487062
11 0.583904109589041 0.4170471841704718 0.09931506849315068 0.1582952815829528
6 0.672945205479452 0.2998477929984779 0.028538812785388126 0.0882800608828006
1 0.430365296803653 0.197869101978691 0.0182648401826484 0.0517503805175038
6 0.5690639269406392 0.3242009132420091 0.028538812785388126 0.1156773211567732
16 0.09075342465753425 0.3226788432267884 0.014840182648401826 0.0943683409436834
11 0.2288812785388128 0.4200913242009132 0.05136986301369863 0.0882800608828006
6 0.03824200913242009 0.3508371385083714 0.021689497716894976 0.0745814307458143
16 0.02910958904109589 0.2465753424657534 0.023972602739726026 0.1491628614916286
7 0.3025114155251142 0.4292237442922374 0.04794520547945205 0.1187214611872146
3 0.14269406392694065 0.4018264840182648 0.2831050228310502 0.0547945205479452
10 0.3436073059360731 0.3028919330289193 0.08904109589041095 0.0578386605783866
5 0.4149543378995434 0.13774733637747336 0.017123287671232876 0.0350076103500761
6 0.4845890410958904 0.3051750380517504 0.023972602739726026 0.0715372907153729
16 0.7625570776255708 0.1293759512937595 0.01598173515981735 0.2557077625570776
0 0.2557077625570776 0.2808219178082192 0.02054794520547945 0.0776255707762557
7 0.3664383561643836 0.3980213089802131 0.0958904109589041 0.0958904109589041
16 0.09703196347031963 0.2595129375951294 0.02054794520547945 0.1263318112633181
6 0.012557077625570776 0.3515981735159817 0.0228310502283105 0.0700152207001522
6 0.6523972602739726 0.3333333333333333 0.06278538812785388 0.1278538812785388
6 0.4628995433789954 0.3249619482496195 0.05593607305936073 0.0563165905631659
16 0.4218036529680365 0.2557077625570776 0.023972602739726026 0.197869101978691
16 0.4360730593607306 0.16971080669710806 0.0502283105022831 0.3363774733637747
