3 0.627283105022831 0.7503805175038052 0.7454337899543378 0.4992389649923896
10 0.7905251141552512 0.4786910197869102 0.21575342465753425 0.0928462709284627
10 0.07876712328767123 0.4421613394216134 0.0730593607305936 0.0471841704718417
11 0.17009132420091325 0.4794520547945205 0.0684931506849315 0.060882800608828
2 0.2009132420091324 0.2503805175038052 0.0228310502283105 0.0654490106544901
1 0.17465753424657535 0.2496194824961948 0.02054794520547945 0.0700152207001522
16 0.2705479452054795 0.3592085235920852 0.0136986301369863 0.2313546423135464
16 0.58675799086758 0.3622526636225266 0.01598173515981735 0.258751902587519
6 0.1769406392694064 0.4642313546423135 0.0319634703196347 0.0882800608828006
16 0.4041095890410959 0.4056316590563166 0.01141552511415525 0.1537290715372907
3 0.0839041095890411 0.4832572298325723 0.16552511415525115 0.0319634703196347
6 0.2300228310502283 0.4520547945205479 0.017123287671232876 0.0669710806697108
1 0.4149543378995434 0.3576864535768645 0.012557077625570776 0.0365296803652968
16 0.6415525114155252 0.3158295281582953 0.01598173515981735 0.3607305936073059
11 0.21118721461187215 0.4786910197869102 0.03424657534246575 0.0502283105022831
6 0.2585616438356164 0.4520547945205479 0.014840182648401826 0.0547945205479452
16 0.6872146118721462 0.4277016742770167 0.0091324200913242 0.0974124809741248
10 0.2420091324200913 0.4383561643835616 0.0182648401826484 0.0213089802130898
6 0.2009132420091324 0.45662100456621 0.02054794520547945 0.0639269406392694
0 0.2551369863013699 0.426179604261796 0.012557077625570776 0.0791476407914764
10 0.19863013698630136 0.4421613394216134 0.02511415525114155 0.0289193302891933
