3 0.5005707762557078 0.6887366818873668 0.9988584474885844 0.6225266362252664
10 0.9377853881278538 0.363013698630137 0.12442922374429223 0.1476407914764079
1 0.6061643835616438 0.20167427701674276 0.02054794520547945 0.0532724505327245
6 0.3727168949771689 0.3280060882800609 0.028538812785388126 0.0928462709284627
1 0.3207762557077626 0.1354642313546423 0.0182648401826484 0.0578386605783866
0 0.851027397260274 0.2602739726027397 0.026255707762557076 0.2191780821917808
12 0.7871004566210046 0.3515981735159817 0.017123287671232876 0.0517503805175038
16 0.610730593607306 0.2968036529680365 0.0136986301369863 0.136986301369863
6 0.1375570776255708 0.3074581430745814 0.021689497716894976 0.0730593607305936
3 0.19006849315068494 0.3515981735159817 0.3778538812785388 0.0334855403348554
6 0.032534246575342464 0.3120243531202435 0.028538812785388126 0.0791476407914764
10 0.08904109589041095 0.2975646879756469 0.045662100456621 0.0350076103500761
16 0.1917808219178082 0.2024353120243531 0.0182648401826484 0.2191780821917808
7 0.03881278538812785 0.3340943683409437 0.0730593607305936 0.0502283105022831
16 0.4029680365296804 0.2633181126331811 0.01141552511415525 0.136986301369863
0 0.829337899543379 0.21080669710806696 0.012557077625570776 0.1141552511415525
10 0.3801369863013699 0.286910197869102 0.02968036529680365 0.0258751902587519
10 0.4554794520547945 0.2876712328767123 0.02054794520547945 0.0213089802130898
10 0.04052511415525114 0.3006088280060883 0.07648401826484018 0.0380517503805175
10 0.985730593607306 0.4025875190258752 0.028538812785388126 0.1171993911719939
10 0.1872146118721461 0.2929984779299848 0.0502283105022831 0.0289193302891933
16 0.9920091324200914 0.2343987823439878 0.01598173515981735 0.1461187214611872
10 0.23116438356164384 0.2899543378995434 0.028538812785388126 0.0258751902587519
0 0.9920091324200914 0.23363774733637746 0.01598173515981735 0.1445966514459665
10 0.2539954337899543 0.2899543378995434 0.023972602739726026 0.0258751902587519
16 0.295662100456621 0.2359208523592085 0.0136986301369863 0.1461187214611872
16 0.12614155251141554 0.20776255707762556 0.014840182648401826 0.1324200913242009
10 0.273972602739726 0.2876712328767123 0.02968036529680365 0.030441400304414
