10 0.5582191780821918 0.3721461187214612 0.16666666666666666 0.1141552511415525
10 0.7014840182648402 0.3767123287671233 0.17465753424657535 0.1293759512937595
10 0.839041095890411 0.3554033485540335 0.1095890410958904 0.0958904109589041
11 0.1004566210045662 0.3569254185692542 0.0547945205479452 0.0593607305936073
10 0.916095890410959 0.3401826484018265 0.07648401826484018 0.0898021308980213
10 0.9657534246575342 0.3439878234398782 0.0319634703196347 0.0547945205479452
3 0.5 0.6971080669710806 0.997716894977169 0.6057838660578386
11 0.4018264840182648 0.3706240487062405 0.06164383561643835 0.0624048706240487
6 0.4035388127853881 0.3538812785388128 0.023972602739726026 0.0776255707762557
6 0.09988584474885845 0.3401826484018265 0.030821917808219176 0.0745814307458143
16 0.05878995433789954 0.2237442922374429 0.012557077625570776 0.1278538812785388
16 0.5605022831050228 0.2952815829528158 0.00684931506849315 0.0426179604261796
