3 0.5005707762557078 0.7465753424657534 0.9988584474885844 0.5068493150684932
10 0.18835616438356165 0.4292237442922374 0.0730593607305936 0.0547945205479452
6 0.521689497716895 0.4436834094368341 0.02511415525114155 0.0928462709284627
16 0.6957762557077626 0.3249619482496195 0.021689497716894976 0.3455098934550989
0 0.9611872146118722 0.4200913242009132 0.02968036529680365 0.1765601217656012
7 0.8213470319634704 0.4908675799086758 0.08789954337899543 0.0654490106544901
1 0.7037671232876712 0.106544901065449 0.04223744292237443 0.1126331811263318
0 0.598744292237443 0.4132420091324201 0.026255707762557076 0.1598173515981735
1 0.6815068493150684 0.3432267884322679 0.0182648401826484 0.0471841704718417
6 0.8264840182648402 0.4627092846270928 0.0365296803652968 0.1035007610350076
3 0.1815068493150685 0.4764079147640791 0.3607305936073059 0.0334855403348554
16 0.3978310502283105 0.2777777777777778 0.021689497716894976 0.4033485540334855
10 0.3270547945205479 0.4162861491628615 0.026255707762557076 0.0258751902587519
5 0.3470319634703196 0.3789954337899543 0.0182648401826484 0.030441400304414
16 0.3624429223744292 0.3858447488584475 0.012557077625570776 0.1628614916286149
16 0.3476027397260274 0.4292237442922374 0.007990867579908675 0.0730593607305936
5 0.7037671232876712 0.3135464231354642 0.017123287671232876 0.0395738203957382
