3 0.5 0.7077625570776256 0.997716894977169 0.5814307458143074
10 0.6615296803652968 0.3881278538812785 0.2226027397260274 0.1126331811263318
10 0.1815068493150685 0.3668188736681887 0.08904109589041095 0.076103500761035
10 0.2465753424657534 0.3713850837138508 0.04794520547945205 0.045662100456621
16 0.9531963470319634 0.2595129375951294 0.0319634703196347 0.3211567732115677
7 0.046232876712328765 0.4124809741248097 0.09018264840182648 0.0639269406392694
6 0.04908675799086758 0.3858447488584475 0.04337899543378995 0.1019786910197869
1 0.4366438356164384 0.2503805175038052 0.021689497716894976 0.0654490106544901
16 0.4012557077625571 0.3439878234398782 0.010273972602739725 0.1095890410958904
1 0.4394977168949772 0.3066971080669711 0.0136986301369863 0.0350076103500761
6 0.5045662100456622 0.363013698630137 0.02054794520547945 0.0684931506849315
16 0.6261415525114156 0.2054794520547945 0.021689497716894976 0.3013698630136986
9 0.2602739726027397 0.3470319634703196 0.05707762557077625 0.0639269406392694
0 0.3812785388127854 0.3432267884322679 0.01141552511415525 0.0776255707762557
3 0.228310502283105 0.4124809741248097 0.3675799086757991 0.0273972602739726
16 0.4383561643835616 0.363013698630137 0.0091324200913242 0.0837138508371385
16 0.4583333333333333 0.2777777777777778 0.014840182648401826 0.2541856925418569
0 0.11187214611872145 0.3363774733637747 0.01598173515981735 0.1156773211567732
16 0.8738584474885844 0.3462709284627093 0.014840182648401826 0.1963470319634703
10 0.9480593607305936 0.3858447488584475 0.10388127853881278 0.0532724505327245
16 0.4503424657534247 0.2831050228310502 0.012557077625570776 0.2526636225266362
14 0.5085616438356164 0.3949771689497717 0.007990867579908675 0.0410958904109589
0 0.04052511415525114 0.2815829528158295 0.014840182648401826 0.1004566210045662
