3 0.3567351598173516 0.6948249619482496 0.7111872146118722 0.6073059360730594
10 0.09646118721461187 0.380517503805175 0.1906392694063927 0.1156773211567732
16 0.545662100456621 0.2610350076103501 0.0136986301369863 0.2572298325722983
11 0.2642694063926941 0.5989345509893456 0.21118721461187215 0.2450532724505327
10 0.16666666666666666 0.3462709284627093 0.136986301369863 0.0776255707762557
6 0.7106164383561644 0.3394216133942161 0.017123287671232876 0.0578386605783866
7 0.4286529680365297 0.363013698630137 0.019406392694063926 0.0471841704718417
6 0.2705479452054795 0.5342465753424658 0.1050228310502283 0.3318112633181126
10 0.9332191780821918 0.3386605783866058 0.04223744292237443 0.0380517503805175
6 0.7568493150684932 0.3515981735159817 0.02511415525114155 0.0669710806697108
0 0.3590182648401826 0.3219178082191781 0.017123287671232876 0.1232876712328767
10 0.833904109589041 0.3462709284627093 0.03767123287671233 0.0380517503805175
10 0.9834474885844748 0.3447488584474886 0.033105022831050226 0.0441400304414003
10 0.958904109589041 0.3409436834094368 0.0502283105022831 0.0395738203957382
11 0.4018264840182648 0.3614916286149163 0.0182648401826484 0.0502283105022831
16 0.21575342465753425 0.2937595129375951 0.01141552511415525 0.0487062404870624
16 0.791095890410959 0.2838660578386606 0.01598173515981735 0.1780821917808219
11 0.3219178082191781 0.3561643835616438 0.02968036529680365 0.0517503805175038
14 0.625 0.3698630136986301 0.007990867579908675 0.0365296803652968
14 0.5878995433789954 0.3736681887366819 0.00684931506849315 0.0350076103500761
2 0.5342465753424658 0.2663622526636225 0.0136986301369863 0.0365296803652968
16 0.523972602739726 0.3112633181126332 0.01141552511415525 0.1476407914764079
14 0.7328767123287672 0.3675799086757991 0.00684931506849315 0.0289193302891933
6 0.2089041095890411 0.5312024353120244 0.1004566210045662 0.3257229832572298
10 0.8801369863013698 0.334855403348554 0.02968036529680365 0.0273972602739726
5 0.21575342465753425 0.2480974124809741 0.01598173515981735 0.030441400304414
16 0.12271689497716895 0.2937595129375951 0.007990867579908675 0.0426179604261796
3 0.8789954337899544 0.3873668188736682 0.23515981735159816 0.0258751902587519
16 0.3864155251141553 0.3356164383561644 0.007990867579908675 0.0898021308980213
10 0.8595890410958904 0.334855403348554 0.02054794520547945 0.0213089802130898
0 0.8042237442922374 0.3295281582952816 0.012557077625570776 0.0776255707762557
11 0.2928082191780822 0.3561643835616438 0.026255707762557076 0.0487062404870624
