3 0.5856164383561644 0.6834094368340944 0.8264840182648402 0.6331811263318112
10 0.9166666666666666 0.3097412480974125 0.16666666666666666 0.1171993911719939
6 0.22203196347031964 0.3264840182648402 0.033105022831050226 0.0989345509893455
9 0.045662100456621 0.319634703196347 0.0410958904109589 0.0395738203957382
16 0.15296803652968036 0.213089802130898 0.0273972602739726 0.213089802130898
14 0.261986301369863 0.3432267884322679 0.010273972602739725 0.0593607305936073
7 0.2197488584474886 0.350076103500761 0.033105022831050226 0.0578386605783866
0 0.4235159817351598 0.2785388127853881 0.0136986301369863 0.0730593607305936
0 0.2939497716894977 0.2998477929984779 0.017123287671232876 0.0791476407914764
6 0.3955479452054795 0.3211567732115677 0.033105022831050226 0.0852359208523592
0 0.7323059360730594 0.2465753424657534 0.012557077625570776 0.0700152207001522
14 0.3453196347031963 0.332572298325723 0.010273972602739725 0.0654490106544901
0 0.6358447488584474 0.2633181126331811 0.0136986301369863 0.0547945205479452
1 0.3607305936073059 0.2503805175038052 0.01141552511415525 0.0289193302891933
3 0.3926940639269406 0.34779299847793 0.20776255707762556 0.0319634703196347
16 0.3641552511415525 0.17579908675799086 0.0182648401826484 0.2724505327245053
16 0.5428082191780822 0.15449010654490106 0.017123287671232876 0.2998477929984779
11 0.3932648401826484 0.3394216133942161 0.033105022831050226 0.060882800608828
14 0.3595890410958904 0.3264840182648402 0.00684931506849315 0.0350076103500761
0 0.916095890410959 0.1339421613394216 0.014840182648401826 0.2374429223744292
0 0.5199771689497716 0.2633181126331811 0.010273972602739725 0.076103500761035
0 0.8264840182648402 0.24733637747336376 0.0136986301369863 0.0593607305936073
0 0.9240867579908676 0.23059360730593606 0.010273972602739725 0.0471841704718417
14 0.430365296803653 0.3280060882800609 0.0091324200913242 0.0593607305936073
