11 0.11568627450980393 0.1988970588235294 0.22549019607843138 0.30514705882352944
11 0.9014705882352941 0.09117647058823529 0.1892156862745098 0.18088235294117647
6 0.5073529411764706 0.02022058823529412 0.04411764705882353 0.03897058823529412
15 0.9068627450980392 0.6198529411764706 0.18627450980392157 0.17205882352941176
15 0.6990196078431372 0.3058823529411765 0.08235294117647059 0.09117647058823529
15 0.625 0.19852941176470587 0.06372549019607843 0.06470588235294118
15 0.5857843137254902 0.1386029411764706 0.04607843137254902 0.04779411764705882
15 0.5642156862745098 0.10441176470588236 0.03627450980392157 0.039705882352941174
15 0.5514705882352942 0.08235294117647059 0.03627450980392157 0.03529411764705882
15 0.5367647058823529 0.06397058823529411 0.026470588235294117 0.03235294117647059
15 0.528921568627451 0.04742647058823529 0.024509803921568627 0.025735294117647058
4 0.4764705882352941 0.5330882352941176 0.4980392156862745 0.9338235294117647
