3 0.3829908675799087 0.7511415525114156 0.7636986301369864 0.4946727549467275
10 0.05194063926940639 0.4474885844748858 0.10159817351598173 0.2252663622526636
16 0.6038812785388128 0.3302891933028919 0.0273972602739726 0.350076103500761
1 0.5873287671232876 0.22754946727549466 0.033105022831050226 0.0806697108066971
1 0.3995433789954338 0.13926940639269406 0.0182648401826484 0.0624048706240487
16 0.08447488584474885 0.2724505327245053 0.0228310502283105 0.2557077625570776
16 0.4537671232876712 0.21232876712328766 0.019406392694063926 0.3181126331811263
0 0.9531963470319634 0.3082191780821918 0.0319634703196347 0.1385083713850837
16 0.8744292237442922 0.2990867579908676 0.0319634703196347 0.4490106544901065
1 0.2882420091324201 0.3006088280060883 0.017123287671232876 0.0380517503805175
16 0.009703196347031963 0.2222222222222222 0.017123287671232876 0.2313546423135464
5 0.514269406392694 0.2853881278538813 0.017123287671232876 0.0350076103500761
0 0.4765981735159817 0.3127853881278539 0.023972602739726026 0.1141552511415525
16 0.2968036529680365 0.3447488584474886 0.0091324200913242 0.1415525114155251
0 0.5028538812785388 0.3097412480974125 0.017123287671232876 0.1385083713850837
3 0.2791095890410959 0.4337899543378995 0.17009132420091325 0.0334855403348554
6 0.2054794520547945 0.365296803652968 0.01598173515981735 0.0395738203957382
5 0.5136986301369864 0.3226788432267884 0.0182648401826484 0.0365296803652968
