3 0.5005707762557078 0.6735159817351598 0.9988584474885844 0.649923896499239
10 0.8304794520547946 0.34779299847793 0.3230593607305936 0.1445966514459665
8 0.877283105022831 0.2686453576864536 0.2454337899543379 0.1537290715372907
10 0.08789954337899543 0.319634703196347 0.1735159817351598 0.0943683409436834
1 0.591324200913242 0.2191780821917808 0.01598173515981735 0.0487062404870624
6 0.24486301369863014 0.2998477929984779 0.021689497716894976 0.0821917808219178
10 0.039383561643835614 0.3622526636225266 0.07648401826484018 0.136986301369863
13 0.2910958904109589 0.3165905631659056 0.03881278538812785 0.0487062404870624
10 0.6626712328767124 0.302130898021309 0.03538812785388128 0.0380517503805175
6 0.4982876712328767 0.2968036529680365 0.014840182648401826 0.0517503805175038
1 0.3544520547945205 0.20319634703196346 0.017123287671232876 0.0380517503805175
6 0.1541095890410959 0.2777777777777778 0.02054794520547945 0.0350076103500761
16 0.9434931506849316 0.1598173515981735 0.012557077625570776 0.0700152207001522
16 0.571917808219178 0.24429223744292236 0.0091324200913242 0.1111111111111111
6 0.6329908675799086 0.3013698630136986 0.014840182648401826 0.0395738203957382
14 0.3727168949771689 0.3318112633181126 0.007990867579908675 0.030441400304414
16 0.4457762557077626 0.2617960426179604 0.007990867579908675 0.1156773211567732
6 0.4360730593607306 0.2968036529680365 0.0136986301369863 0.060882800608828
11 0.6101598173515982 0.3150684931506849 0.017123287671232876 0.0273972602739726
6 0.6101598173515982 0.3036529680365297 0.014840182648401826 0.0350076103500761
16 0.3447488584474886 0.21080669710806696 0.0136986301369863 0.2541856925418569
7 0.4765981735159817 0.3097412480974125 0.019406392694063926 0.0350076103500761
3 0.6381278538812786 0.3287671232876712 0.07077625570776255 0.0182648401826484
11 0.3247716894977169 0.3006088280060883 0.028538812785388126 0.0350076103500761
6 0.5342465753424658 0.2914764079147641 0.01141552511415525 0.0350076103500761
16 0.9297945205479452 0.1400304414003044 0.010273972602739725 0.106544901065449
6 0.6757990867579908 0.3028919330289193 0.0136986301369863 0.0395738203957382
11 0.3590182648401826 0.3028919330289193 0.033105022831050226 0.0365296803652968
6 0.5148401826484018 0.2952815829528158 0.01141552511415525 0.0395738203957382
11 0.3921232876712329 0.3006088280060883 0.026255707762557076 0.0410958904109589
6 0.3561643835616438 0.2914764079147641 0.0136986301369863 0.0532724505327245
6 0.3727168949771689 0.2831050228310502 0.012557077625570776 0.0334855403348554
11 0.4126712328767123 0.3013698630136986 0.021689497716894976 0.0395738203957382
14 0.4160958904109589 0.3310502283105023 0.007990867579908675 0.0289193302891933
6 0.5810502283105022 0.2876712328767123 0.0136986301369863 0.0334855403348554
11 0.6335616438356164 0.3120243531202435 0.01598173515981735 0.030441400304414
