3 0.6335616438356164 0.8165905631659056 0.7328767123287672 0.3668188736681887
9 0.1752283105022831 0.5273972602739726 0.1952054794520548 0.1628614916286149
13 0.7203196347031964 0.6126331811263318 0.0502283105022831 0.0471841704718417
1 0.06449771689497717 0.3713850837138508 0.017123287671232876 0.045662100456621
12 0.2654109589041096 0.6057838660578386 0.017123287671232876 0.0395738203957382
1 0.11815068493150685 0.3721461187214612 0.014840182648401826 0.0441400304414003
0 0.5154109589041096 0.525875190258752 0.021689497716894976 0.1385083713850837
0 0.3179223744292237 0.4809741248097412 0.021689497716894976 0.1035007610350076
1 0.22773972602739725 0.4581430745814307 0.014840182648401826 0.0334855403348554
12 0.2437214611872146 0.606544901065449 0.017123287671232876 0.0380517503805175
0 0.4235159817351598 0.4863013698630137 0.02054794520547945 0.1019786910197869
14 0.5633561643835616 0.601978691019787 0.010273972602739725 0.0654490106544901
0 0.6603881278538812 0.5068493150684932 0.026255707762557076 0.1156773211567732
14 0.3219178082191781 0.5852359208523592 0.0091324200913242 0.0563165905631659
14 0.6267123287671232 0.6057838660578386 0.01141552511415525 0.0639269406392694
16 0.1815068493150685 0.3455098934550989 0.01598173515981735 0.2831050228310502
16 0.6050228310502284 0.5547945205479452 0.0091324200913242 0.1506849315068493
12 0.3030821917808219 0.6027397260273972 0.010273972602739725 0.0517503805175038
0 0.875 0.530441400304414 0.014840182648401826 0.1445966514459665
14 0.285958904109589 0.5799086757990868 0.007990867579908675 0.0517503805175038
1 0.18664383561643835 0.423896499238965 0.014840182648401826 0.0380517503805175
16 0.783675799086758 0.5190258751902588 0.014840182648401826 0.1613394216133942
5 0.08447488584474885 0.3751902587519026 0.02054794520547945 0.0319634703196347
5 0.10331050228310502 0.3767123287671233 0.019406392694063926 0.0289193302891933
12 0.3110730593607306 0.5966514459665144 0.012557077625570776 0.045662100456621
16 0.2197488584474886 0.4756468797564688 0.010273972602739725 0.0898021308980213
16 0.2928082191780822 0.5205479452054794 0.010273972602739725 0.15220700152207
6 0.7728310502283106 0.5677321156773212 0.0228310502283105 0.0547945205479452
