3 0.579337899543379 0.7754946727549468 0.841324200913242 0.4490106544901065
10 0.7077625570776256 0.4908675799086758 0.0593607305936073 0.0441400304414003
0 0.3647260273972603 0.4687975646879756 0.026255707762557076 0.1461187214611872
11 0.2009132420091324 0.5372907153729072 0.06164383561643835 0.0517503805175038
0 0.18036529680365296 0.4672754946727549 0.02511415525114155 0.1339421613394216
6 0.204337899543379 0.517503805175038 0.02511415525114155 0.0669710806697108
0 0.613013698630137 0.4726027397260274 0.0182648401826484 0.1080669710806697
11 0.6643835616438356 0.5144596651445966 0.0228310502283105 0.0334855403348554
1 0.5325342465753424 0.4200913242009132 0.014840182648401826 0.0365296803652968
14 0.5468036529680366 0.5235920852359208 0.00684931506849315 0.0334855403348554
6 0.8721461187214612 0.4977168949771689 0.0136986301369863 0.0487062404870624
16 0.5753424657534246 0.3112633181126332 0.0182648401826484 0.4429223744292237
14 0.4503424657534247 0.530441400304414 0.007990867579908675 0.0350076103500761
14 0.4937214611872146 0.5266362252663622 0.007990867579908675 0.0334855403348554
16 0.523972602739726 0.4649923896499239 0.01141552511415525 0.1445966514459665
16 0.6352739726027398 0.4741248097412481 0.007990867579908675 0.0928462709284627
6 0.7950913242009132 0.4977168949771689 0.017123287671232876 0.0395738203957382
16 0.091324200913242 0.4223744292237443 0.0136986301369863 0.2420091324200913
6 0.6638127853881278 0.4961948249619482 0.014840182648401826 0.0334855403348554
16 0.8949771689497716 0.4140030441400304 0.0091324200913242 0.1704718417047184
14 0.5764840182648402 0.5243531202435312 0.00684931506849315 0.0319634703196347
11 0.7950913242009132 0.5076103500761036 0.021689497716894976 0.0289193302891933
11 0.8396118721461188 0.4984779299847793 0.017123287671232876 0.0197869101978691
3 0.8264840182648402 0.5228310502283106 0.3447488584474886 0.0228310502283105
14 0.6409817351598174 0.5091324200913242 0.005707762557077625 0.0289193302891933
10 0.8664383561643836 0.4893455098934551 0.04794520547945205 0.0289193302891933
