3 0.4988584474885845 0.6894977168949772 0.9931506849315068 0.6210045662100456
10 0.7785388127853882 0.3378995433789954 0.13926940639269406 0.0852359208523592
6 0.9429223744292238 0.3242009132420091 0.03424657534246575 0.0943683409436834
0 0.2511415525114155 0.3188736681887367 0.02054794520547945 0.1415525114155251
16 0.3841324200913242 0.2298325722983257 0.021689497716894976 0.3013698630136986
16 0.9726027397260274 0.24733637747336376 0.01598173515981735 0.1445966514459665
2 0.9355022831050228 0.1537290715372907 0.014840182648401826 0.0395738203957382
2 0.9195205479452054 0.15449010654490106 0.014840182648401826 0.0410958904109589
16 0.6689497716894978 0.21232876712328766 0.01598173515981735 0.3059360730593607
16 0.3356164383561644 0.3013698630136986 0.01598173515981735 0.1643835616438356
0 0.010844748858447488 0.3318112633181126 0.019406392694063926 0.121765601217656
16 0.985730593607306 0.2686453576864536 0.012557077625570776 0.1050228310502283
2 0.6603881278538812 0.21080669710806696 0.017123287671232876 0.0380517503805175
16 0.6877853881278538 0.1902587519025875 0.017123287671232876 0.3561643835616438
3 0.9195205479452054 0.3363774733637747 0.16095890410958905 0.0213089802130898
0 0.7317351598173516 0.3036529680365297 0.0136986301369863 0.0471841704718417
5 0.9897260273972602 0.18645357686453576 0.02054794520547945 0.0258751902587519
5 0.9891552511415526 0.20624048706240486 0.021689497716894976 0.0228310502283105
