3 0.5005707762557078 0.745814307458143 0.9988584474885844 0.5083713850837138
1 0.3801369863013699 0.2960426179604262 0.0228310502283105 0.0593607305936073
14 0.2482876712328767 0.4923896499238965 0.017123287671232876 0.0989345509893455
16 0.3595890410958904 0.24429223744292236 0.0228310502283105 0.4855403348554033
16 0.4195205479452055 0.2480974124809741 0.021689497716894976 0.4535768645357686
14 0.5222602739726028 0.4573820395738204 0.010273972602739725 0.0684931506849315
16 0.6643835616438356 0.3896499238964992 0.0136986301369863 0.1643835616438356
14 0.5821917808219178 0.4550989345509893 0.01141552511415525 0.0639269406392694
0 0.6992009132420092 0.3888888888888889 0.014840182648401826 0.1537290715372907
0 0.22203196347031964 0.3744292237442922 0.019406392694063926 0.1491628614916286
0 0.6084474885844748 0.3378995433789954 0.02054794520547945 0.091324200913242
0 0.059931506849315065 0.2633181126331811 0.04680365296803653 0.2861491628614916
0 0.15924657534246575 0.3417047184170472 0.04680365296803653 0.1415525114155251
0 0.259703196347032 0.3340943683409437 0.030821917808219176 0.1385083713850837
0 0.889269406392694 0.3911719939117199 0.02054794520547945 0.1187214611872146
