3 0.3401826484018265 0.6438356164383562 0.678082191780822 0.669710806697108
16 0.973744292237443 0.12100456621004566 0.045662100456621 0.2389649923896499
0 0.11301369863013698 0.17732115677321156 0.07990867579908675 0.2267884322678843
16 0.8236301369863014 0.13926940639269406 0.028538812785388126 0.2237442922374429
6 0.5005707762557078 0.23820395738203956 0.023972602739726026 0.0989345509893455
10 0.1204337899543379 0.2656012176560122 0.16095890410958905 0.0471841704718417
0 0.6546803652968036 0.16666666666666666 0.033105022831050226 0.1902587519025875
10 0.6118721461187214 0.1917808219178082 0.16666666666666666 0.060882800608828
0 0.3795662100456621 0.1872146118721461 0.03995433789954338 0.1887366818873668
16 0.02682648401826484 0.18340943683409436 0.04223744292237443 0.2176560121765601
1 0.5799086757990868 0.07990867579908675 0.0228310502283105 0.0563165905631659
16 0.5736301369863014 0.1643835616438356 0.019406392694063926 0.2648401826484018
16 0.4280821917808219 0.16210045662100456 0.02968036529680365 0.3120243531202435
16 0.8858447488584474 0.1780821917808219 0.01598173515981735 0.1948249619482496
10 0.3761415525114155 0.21385083713850836 0.12899543378995434 0.0532724505327245
6 0.9897260273972602 0.2526636225266362 0.0182648401826484 0.1856925418569254
