3 0.5 0.7062404870624048 0.997716894977169 0.5875190258751902
10 0.1358447488584475 0.3462709284627093 0.06621004566210045 0.0502283105022831
10 0.18493150684931506 0.3424657534246575 0.04337899543378995 0.0395738203957382
1 0.23573059360730594 0.1278538812785388 0.021689497716894976 0.0639269406392694
10 0.2134703196347032 0.3409436834094368 0.0319634703196347 0.0365296803652968
0 0.805365296803653 0.3378995433789954 0.019406392694063926 0.136986301369863
1 0.21404109589041095 0.1293759512937595 0.021689497716894976 0.060882800608828
16 0.6221461187214612 0.3051750380517504 0.0136986301369863 0.2024353120243531
0 0.3715753424657534 0.3234398782343988 0.017123287671232876 0.1354642313546423
16 0.91837899543379 0.3013698630136986 0.021689497716894976 0.2161339421613394
3 0.1312785388127854 0.3828006088280061 0.2602739726027397 0.0319634703196347
1 0.6113013698630136 0.2526636225266362 0.019406392694063926 0.0517503805175038
16 0.06050228310502283 0.2633181126331811 0.0182648401826484 0.1917808219178082
16 0.5570776255707762 0.3165905631659056 0.01141552511415525 0.1308980213089802
16 0.305365296803653 0.3051750380517504 0.014840182648401826 0.1598173515981735
16 0.6461187214611872 0.2054794520547945 0.02054794520547945 0.4048706240487062
0 0.9594748858447488 0.2907153729071537 0.014840182648401826 0.0882800608828006
0 0.0365296803652968 0.2815829528158295 0.0182648401826484 0.1126331811263318
5 0.2848173515981735 0.2701674277016743 0.021689497716894976 0.0258751902587519
13 0.0867579908675799 0.3439878234398782 0.0228310502283105 0.0273972602739726
0 0.9023972602739726 0.3059360730593607 0.017123287671232876 0.0852359208523592
0 0.9937214611872146 0.2960426179604262 0.010273972602739725 0.0715372907153729
16 0.15468036529680365 0.2762557077625571 0.010273972602739725 0.0989345509893455
5 0.2865296803652968 0.2968036529680365 0.02054794520547945 0.0243531202435312
0 0.4891552511415525 0.2846270928462709 0.014840182648401826 0.076103500761035
