6 0.12385844748858447 0.7404870624048706 0.12442922374429223 0.5038051750380518
6 0.5622146118721462 0.5525114155251142 0.06050228310502283 0.1613394216133942
11 0.672945205479452 0.669710806697108 0.08333333333333333 0.167427701674277
10 0.9440639269406392 0.4946727549467275 0.0684931506849315 0.0487062404870624
6 0.6723744292237442 0.578386605783866 0.08447488584474885 0.1735159817351598
3 0.3835616438356164 0.7648401826484018 0.7648401826484018 0.4703196347031963
6 0.769406392694064 0.5312024353120244 0.04337899543378995 0.1095890410958904
11 0.839041095890411 0.5616438356164384 0.0958904109589041 0.1004566210045662
7 0.5593607305936074 0.6103500761035008 0.0684931506849315 0.1156773211567732
6 0.83162100456621 0.5403348554033486 0.04223744292237443 0.121765601217656
6 0.045662100456621 0.4916286149162861 0.0273972602739726 0.0639269406392694
6 0.3515981735159817 0.4916286149162861 0.01598173515981735 0.0517503805175038
6 0.4651826484018265 0.5068493150684932 0.021689497716894976 0.0791476407914764
6 0.5188356164383562 0.4939117199391172 0.014840182648401826 0.0563165905631659
7 0.769406392694064 0.573820395738204 0.10273972602739725 0.0821917808219178
6 0.7100456621004566 0.4992389649923896 0.01598173515981735 0.0547945205479452
16 0.204337899543379 0.4041095890410959 0.0136986301369863 0.2480974124809741
10 0.7368721461187214 0.4977168949771689 0.04452054794520548 0.0395738203957382
16 0.1278538812785388 0.3972602739726027 0.01598173515981735 0.2100456621004566
6 0.4349315068493151 0.4992389649923896 0.01598173515981735 0.0547945205479452
0 0.05194063926940639 0.4231354642313546 0.017123287671232876 0.0821917808219178
6 0.4509132420091324 0.4946727549467275 0.0136986301369863 0.0517503805175038
19 0.238013698630137 0.5121765601217656 0.012557077625570776 0.0319634703196347
10 0.9845890410958904 0.4939117199391172 0.030821917808219176 0.0350076103500761
6 0.488013698630137 0.4908675799086758 0.010273972602739725 0.0441400304414003
11 0.010844748858447488 0.502283105022831 0.019406392694063926 0.045662100456621
6 0.3949771689497717 0.487062404870624 0.01598173515981735 0.045662100456621
6 0.4240867579908676 0.4939117199391172 0.012557077625570776 0.0471841704718417
0 0.3904109589041096 0.4657534246575342 0.0182648401826484 0.0821917808219178
16 0.5393835616438356 0.4550989345509893 0.007990867579908675 0.0852359208523592
16 0.4994292237442922 0.3051750380517504 0.017123287671232876 0.4246575342465753
10 0.75 0.4824961948249619 0.02968036529680365 0.0213089802130898
16 0.6101598173515982 0.4467275494672755 0.010273972602739725 0.1354642313546423
6 0.507420091324201 0.487062404870624 0.010273972602739725 0.045662100456621
6 0.632420091324201 0.4946727549467275 0.01141552511415525 0.045662100456621
6 0.6238584474885844 0.4939117199391172 0.012557077625570776 0.0441400304414003
6 0.5342465753424658 0.4961948249619482 0.0136986301369863 0.045662100456621
6 0.5690639269406392 0.4863013698630137 0.014840182648401826 0.0380517503805175
6 0.593607305936073 0.4946727549467275 0.01141552511415525 0.045662100456621
6 0.6038812785388128 0.4923896499238965 0.0091324200913242 0.0471841704718417
