3 0.6198630136986302 0.7442922374429224 0.545662100456621 0.5083713850837138
6 0.553082191780822 0.4764079147640791 0.05365296803652968 0.2100456621004566
10 0.06107305936073059 0.4467275494672755 0.11986301369863013 0.0867579908675799
6 0.6084474885844748 0.4307458143074581 0.02511415525114155 0.1035007610350076
6 0.3984018264840183 0.4528158295281583 0.0365296803652968 0.1324200913242009
6 0.726027397260274 0.4520547945205479 0.04337899543378995 0.167427701674277
6 0.4406392694063927 0.4535768645357686 0.0365296803652968 0.1308980213089802
6 0.6655251141552512 0.4307458143074581 0.0273972602739726 0.0791476407914764
16 0.785958904109589 0.2914764079147641 0.019406392694063926 0.3668188736681887
2 0.3727168949771689 0.2161339421613394 0.021689497716894976 0.060882800608828
10 0.2910958904109589 0.4254185692541857 0.0730593607305936 0.0532724505327245
2 0.11301369863013698 0.2496194824961948 0.02511415525114155 0.0639269406392694
5 0.444634703196347 0.3318112633181126 0.026255707762557076 0.0395738203957382
16 0.0884703196347032 0.20319634703196346 0.026255707762557076 0.4003044140030441
16 0.6341324200913242 0.2450532724505327 0.021689497716894976 0.4748858447488584
6 0.7026255707762558 0.4277016742770167 0.019406392694063926 0.0639269406392694
2 0.4920091324200913 0.3127853881278539 0.0182648401826484 0.0441400304414003
11 0.773972602739726 0.4383561643835616 0.0639269406392694 0.0547945205479452
16 0.0410958904109589 0.3287671232876712 0.0136986301369863 0.1552511415525114
16 0.4828767123287671 0.3835616438356164 0.0136986301369863 0.2009132420091324
16 0.05365296803652968 0.2838660578386606 0.01598173515981735 0.2359208523592085
3 0.21746575342465754 0.4824961948249619 0.3641552511415525 0.0365296803652968
16 0.8761415525114156 0.3850837138508371 0.012557077625570776 0.1796042617960426
16 0.3664383561643836 0.3828006088280061 0.0091324200913242 0.0989345509893455
18 0.2802511415525114 0.4573820395738204 0.03995433789954338 0.0684931506849315
6 0.3590182648401826 0.4140030441400304 0.010273972602739725 0.0334855403348554
16 0.7311643835616438 0.2815829528158295 0.026255707762557076 0.2070015220700152
16 0.010844748858447488 0.3942161339421613 0.007990867579908675 0.0487062404870624
16 0.3436073059360731 0.3592085235920852 0.0091324200913242 0.1430745814307458
16 0.4235159817351598 0.3942161339421613 0.0091324200913242 0.0547945205479452
1 0.8070776255707762 0.03729071537290715 0.0365296803652968 0.0715372907153729
16 0.01598173515981735 0.3919330289193303 0.0091324200913242 0.0471841704718417
6 0.4657534246575342 0.4200913242009132 0.01141552511415525 0.045662100456621
16 0.4452054794520548 0.3203957382039574 0.0091324200913242 0.1719939117199391
6 0.6889269406392694 0.4208523592085236 0.019406392694063926 0.0624048706240487
7 0.6963470319634704 0.4375951293759513 0.01598173515981735 0.0410958904109589
