3 0.5017123287671232 0.784627092846271 0.9942922374429224 0.4307458143074581
6 0.3687214611872146 0.5525114155251142 0.0639269406392694 0.213089802130898
6 0.204337899543379 0.5624048706240488 0.07990867579908675 0.2480974124809741
6 0.4805936073059361 0.5380517503805176 0.05707762557077625 0.2176560121765601
1 0.4474885844748858 0.4018264840182648 0.0182648401826484 0.045662100456621
16 0.4332191780821918 0.3843226788432268 0.017123287671232876 0.3394216133942161
7 0.285958904109589 0.5266362252663622 0.03767123287671233 0.076103500761035
6 0.6147260273972602 0.5015220700152208 0.019406392694063926 0.0898021308980213
3 0.9315068493150684 0.5372907153729072 0.136986301369863 0.030441400304414
10 0.9286529680365296 0.4779299847792998 0.04680365296803653 0.0273972602739726
16 0.5348173515981736 0.3767123287671233 0.010273972602739725 0.0715372907153729
0 0.7791095890410958 0.4794520547945205 0.010273972602739725 0.0578386605783866
16 0.601027397260274 0.3812785388127854 0.014840182648401826 0.3394216133942161
16 0.8259132420091324 0.4558599695585997 0.010273972602739725 0.1354642313546423
0 0.795662100456621 0.4878234398782344 0.0136986301369863 0.1141552511415525
16 0.6809360730593608 0.4010654490106545 0.014840182648401826 0.2876712328767123
10 0.7648401826484018 0.4779299847792998 0.0182648401826484 0.015220700152207
16 0.841324200913242 0.471841704718417 0.0091324200913242 0.1095890410958904
10 0.8493150684931506 0.4809741248097412 0.0273972602739726 0.0213089802130898
11 0.9332191780821918 0.4863013698630137 0.019406392694063926 0.0228310502283105
