3 0.5005707762557078 0.7511415525114156 0.9988584474885844 0.4977168949771689
10 0.9126712328767124 0.4672754946727549 0.17465753424657535 0.1461187214611872
13 0.2009132420091324 0.4649923896499239 0.0502283105022831 0.0593607305936073
16 0.8190639269406392 0.2526636225266362 0.033105022831050226 0.502283105022831
7 0.714041095890411 0.4779299847792998 0.06506849315068493 0.0578386605783866
10 0.10331050228310502 0.4337899543378995 0.12214611872146118 0.0669710806697108
7 0.1141552511415525 0.4627092846270928 0.02968036529680365 0.060882800608828
16 0.05194063926940639 0.4140030441400304 0.014840182648401826 0.1643835616438356
1 0.3361872146118721 0.3531202435312024 0.019406392694063926 0.0426179604261796
7 0.565068493150685 0.4794520547945205 0.0684931506849315 0.060882800608828
6 0.7208904109589042 0.4474885844748858 0.030821917808219176 0.0791476407914764
6 0.5662100456621004 0.4589041095890411 0.0365296803652968 0.0898021308980213
7 0.4697488584474886 0.4573820395738204 0.023972602739726026 0.0654490106544901
16 0.3259132420091324 0.3972602739726027 0.012557077625570776 0.1856925418569254
16 0.6158675799086758 0.4208523592085236 0.012557077625570776 0.1293759512937595
14 0.9908675799086758 0.5722983257229832 0.0182648401826484 0.1035007610350076
6 0.01997716894977169 0.4360730593607306 0.019406392694063926 0.0593607305936073
16 0.547945205479452 0.2686453576864536 0.01598173515981735 0.3668188736681887
7 0.5365296803652968 0.4649923896499239 0.0228310502283105 0.0441400304414003
7 0.5958904109589042 0.4558599695585997 0.02968036529680365 0.0471841704718417
7 0.622716894977169 0.4604261796042618 0.023972602739726026 0.0593607305936073
