3 0.4988584474885845 0.7945205479452054 0.9954337899543378 0.410958904109589
10 0.9172374429223744 0.5220700152207002 0.08789954337899543 0.0791476407914764
6 0.5690639269406392 0.532724505327245 0.030821917808219176 0.1035007610350076
11 0.680365296803653 0.5700152207001522 0.0502283105022831 0.0745814307458143
0 0.15810502283105024 0.4284627092846271 0.03995433789954338 0.2389649923896499
15 0.4252283105022831 0.5601217656012176 0.026255707762557076 0.0395738203957382
15 0.5256849315068494 0.560882800608828 0.026255707762557076 0.0380517503805175
1 0.5724885844748858 0.408675799086758 0.019406392694063926 0.0471841704718417
16 0.6113013698630136 0.3987823439878234 0.021689497716894976 0.3531202435312024
11 0.771689497716895 0.5487062404870624 0.0410958904109589 0.0532724505327245
3 0.8430365296803652 0.5799086757990868 0.2773972602739726 0.0395738203957382
6 0.7711187214611872 0.5350076103500762 0.026255707762557076 0.0715372907153729
6 0.4920091324200913 0.5015220700152208 0.01598173515981735 0.0563165905631659
8 0.6638127853881278 0.4840182648401826 0.04908675799086758 0.0487062404870624
16 0.3190639269406393 0.2899543378995434 0.023972602739726026 0.4977168949771689
6 0.6809360730593608 0.5418569254185692 0.04680365296803653 0.0943683409436834
6 0.5245433789954338 0.4969558599695586 0.014840182648401826 0.0502283105022831
6 0.7031963470319634 0.5403348554033486 0.0273972602739726 0.0821917808219178
10 0.6386986301369864 0.4954337899543379 0.026255707762557076 0.0289193302891933
6 0.5125570776255708 0.4946727549467275 0.01141552511415525 0.0426179604261796
16 0.5856164383561644 0.4726027397260274 0.0136986301369863 0.2024353120243531
8 0.9788812785388128 0.5068493150684932 0.04223744292237443 0.2009132420091324
0 0.785958904109589 0.484779299847793 0.012557077625570776 0.0502283105022831
12 0.6438356164383562 0.5334855403348554 0.01598173515981735 0.0350076103500761
6 0.8710045662100456 0.502283105022831 0.01598173515981735 0.0365296803652968
