3 0.6432648401826484 0.715372907153729 0.7111872146118722 0.5662100456621004
6 0.466324200913242 0.4124809741248097 0.10844748858447488 0.3257229832572298
11 0.8179223744292238 0.4353120243531202 0.1358447488584475 0.1156773211567732
2 0.1780821917808219 0.060882800608828 0.03424657534246575 0.091324200913242
1 0.13527397260273974 0.0578386605783866 0.033105022831050226 0.091324200913242
10 0.1969178082191781 0.317351598173516 0.04452054794520548 0.0441400304414003
6 0.8361872146118722 0.3987823439878234 0.07648401826484018 0.2039573820395738
6 0.7134703196347032 0.3881278538812785 0.0502283105022831 0.1643835616438356
11 0.5667808219178082 0.4041095890410959 0.08561643835616438 0.0958904109589041
6 0.2528538812785388 0.3584474885844749 0.05821917808219178 0.1506849315068493
6 0.3384703196347032 0.365296803652968 0.05593607305936073 0.1400304414003044
16 0.4297945205479452 0.1841704718417047 0.03767123287671233 0.3592085235920852
11 0.6992009132420092 0.408675799086758 0.1312785388127854 0.1171993911719939
6 0.5582191780821918 0.3759512937595129 0.05251141552511415 0.15220700152207
5 0.2545662100456621 0.14840182648401826 0.02968036529680365 0.0471841704718417
0 0.7214611872146118 0.1856925418569254 0.0319634703196347 0.2526636225266362
11 0.3447488584474886 0.3972602739726027 0.09817351598173515 0.0974124809741248
2 0.2876712328767123 0.2085235920852359 0.01598173515981735 0.045662100456621
11 0.2551369863013699 0.3942161339421613 0.06050228310502283 0.0882800608828006
16 0.8578767123287672 0.16971080669710806 0.028538812785388126 0.2511415525114155
6 0.3281963470319635 0.3150684931506849 0.021689497716894976 0.0487062404870624
6 0.3013698630136986 0.3318112633181126 0.02511415525114155 0.0882800608828006
6 0.5365296803652968 0.3181126331811263 0.0319634703196347 0.060882800608828
5 0.2557077625570776 0.21537290715372906 0.02968036529680365 0.0410958904109589
16 0.7773972602739726 0.2990867579908676 0.0182648401826484 0.1567732115677321
7 0.4680365296803653 0.5395738203957382 0.0593607305936073 0.2115677321156773
3 0.13641552511415525 0.3919330289193303 0.2705479452054795 0.0502283105022831
6 0.3795662100456621 0.3280060882800609 0.03767123287671233 0.0837138508371385
16 0.2751141552511416 0.18340943683409436 0.02054794520547945 0.3637747336377473
6 0.228310502283105 0.3318112633181126 0.02054794520547945 0.0852359208523592
16 0.2751141552511416 0.24885844748858446 0.01598173515981735 0.1628614916286149
16 0.6044520547945206 0.19101978691019786 0.019406392694063926 0.2176560121765601
7 0.396689497716895 0.3987823439878234 0.04680365296803653 0.076103500761035
6 0.4012557077625571 0.3287671232876712 0.021689497716894976 0.0882800608828006
7 0.9103881278538812 0.3881278538812785 0.07648401826484018 0.0852359208523592
7 0.964041095890411 0.393455098934551 0.06735159817351598 0.0715372907153729
