3 0.5319634703196348 0.7640791476407914 0.9337899543378996 0.471841704718417
6 0.11986301369863013 0.45662100456621 0.091324200913242 0.2557077625570776
6 0.5085616438356164 0.4299847792998478 0.05136986301369863 0.2146118721461187
10 0.5844748858447488 0.3736681887366819 0.0821917808219178 0.0684931506849315
6 0.4292237442922374 0.378234398782344 0.03881278538812785 0.1263318112633181
6 0.1843607305936073 0.408675799086758 0.05593607305936073 0.1506849315068493
6 0.4840182648401826 0.3850837138508371 0.02511415525114155 0.1095890410958904
2 0.7442922374429224 0.23211567732115676 0.0182648401826484 0.0532724505327245
16 0.8784246575342466 0.3493150684931507 0.012557077625570776 0.0958904109589041
0 0.4366438356164384 0.3310502283105023 0.023972602739726026 0.1993911719939117
3 0.773972602739726 0.4322678843226788 0.4383561643835616 0.060882800608828
6 0.535958904109589 0.395738203957382 0.019406392694063926 0.121765601217656
0 0.6735159817351598 0.3272450532724505 0.01598173515981735 0.1095890410958904
16 0.5547945205479452 0.3614916286149163 0.0182648401826484 0.2298325722983257
16 0.7323059360730594 0.3538812785388128 0.007990867579908675 0.0654490106544901
5 0.7363013698630136 0.2747336377473364 0.01598173515981735 0.0228310502283105
10 0.988013698630137 0.3812785388127854 0.023972602739726026 0.1019786910197869
2 0.5679223744292238 0.2534246575342466 0.026255707762557076 0.0624048706240487
16 0.4651826484018265 0.350076103500761 0.010273972602739725 0.1278538812785388
2 0.5667808219178082 0.1400304414003044 0.04223744292237443 0.136986301369863
16 0.5273972602739726 0.1796042617960426 0.0228310502283105 0.3439878234398782
10 0.4726027397260274 0.3614916286149163 0.05251141552511415 0.0593607305936073
5 0.7345890410958904 0.3143074581430746 0.017123287671232876 0.0228310502283105
4 0.4754566210045662 0.4961948249619482 0.14269406392694065 0.0578386605783866
10 0.408675799086758 0.3706240487062405 0.0273972602739726 0.0502283105022831
