3 0.5005707762557078 0.7792998477929984 0.9988584474885844 0.441400304414003
10 0.05194063926940639 0.4025875190258752 0.05821917808219178 0.0350076103500761
9 0.466324200913242 0.4657534246575342 0.6541095890410958 0.4687975646879756
1 0.6438356164383562 0.3158295281582953 0.0273972602739726 0.0654490106544901
10 0.6980593607305936 0.4246575342465753 0.06735159817351598 0.0365296803652968
1 0.14269406392694065 0.3280060882800609 0.0182648401826484 0.0380517503805175
3 0.03995433789954338 0.4360730593607306 0.0776255707762557 0.0197869101978691
7 0.12271689497716895 0.4254185692541857 0.033105022831050226 0.0380517503805175
16 0.09246575342465753 0.2838660578386606 0.02054794520547945 0.3242009132420091
16 0.6546803652968036 0.2929984779299848 0.019406392694063926 0.2541856925418569
16 0.18378995433789955 0.12404870624048706 0.0136986301369863 0.2359208523592085
5 0.06621004566210045 0.2610350076103501 0.02511415525114155 0.0319634703196347
0 0.12385844748858447 0.3736681887366819 0.017123287671232876 0.0928462709284627
