3 0.6101598173515982 0.7115677321156774 0.7796803652968036 0.5768645357686454
10 0.15468036529680365 0.4665144596651446 0.3070776255707763 0.1750380517503805
10 0.6626712328767124 0.3980213089802131 0.08333333333333333 0.0410958904109589
11 0.4651826484018265 0.4041095890410959 0.021689497716894976 0.0197869101978691
10 0.4075342465753425 0.3972602739726027 0.02968036529680365 0.0243531202435312
2 0.7728310502283106 0.2929984779299848 0.01598173515981735 0.0471841704718417
1 0.5702054794520548 0.3333333333333333 0.012557077625570776 0.0334855403348554
6 0.5513698630136986 0.4033485540334855 0.01598173515981735 0.060882800608828
10 0.476027397260274 0.3896499238964992 0.0182648401826484 0.015220700152207
6 0.4360730593607306 0.3980213089802131 0.0091324200913242 0.0289193302891933
6 0.526255707762557 0.3987823439878234 0.01141552511415525 0.0334855403348554
16 0.1404109589041096 0.3219178082191781 0.01141552511415525 0.1232876712328767
6 0.4646118721461187 0.3964992389649924 0.01141552511415525 0.0228310502283105
16 0.5171232876712328 0.3607305936073059 0.00684931506849315 0.0821917808219178
16 0.7785388127853882 0.3706240487062405 0.00684931506849315 0.1050228310502283
6 0.5376712328767124 0.3980213089802131 0.00684931506849315 0.0258751902587519
0 0.057648401826484015 0.3508371385083714 0.014840182648401826 0.0563165905631659
16 0.216324200913242 0.3843226788432268 0.007990867579908675 0.0532724505327245
1 0.21575342465753425 0.3417047184170472 0.01141552511415525 0.0289193302891933
10 0.4223744292237443 0.3949771689497717 0.02054794520547945 0.0228310502283105
5 0.6718036529680366 0.2480974124809741 0.014840182648401826 0.030441400304414
16 0.5764840182648402 0.3515981735159817 0.00684931506849315 0.0821917808219178
