3 0.5005707762557078 0.6735159817351598 0.9988584474885844 0.649923896499239
6 0.4429223744292237 0.319634703196347 0.02968036529680365 0.1035007610350076
6 0.4069634703196347 0.3226788432267884 0.026255707762557076 0.0974124809741248
16 0.021118721461187213 0.2191780821917808 0.03538812785388128 0.2709284627092846
10 0.5256849315068494 0.2960426179604262 0.03538812785388128 0.0289193302891933
16 0.2831050228310502 0.20471841704718416 0.0273972602739726 0.2846270928462709
16 0.3670091324200913 0.17732115677321156 0.019406392694063926 0.3485540334855403
10 0.2026255707762557 0.2990867579908676 0.09703196347031963 0.0471841704718417
10 0.3065068493150685 0.2952815829528158 0.09474885844748858 0.0426179604261796
13 0.19748858447488585 0.3310502283105023 0.0365296803652968 0.0471841704718417
16 0.07591324200913242 0.20776255707762556 0.030821917808219176 0.2815829528158295
6 0.7928082191780822 0.3074581430745814 0.03538812785388128 0.1248097412480974
10 0.4874429223744292 0.2945205479452055 0.03881278538812785 0.0319634703196347
9 0.9058219178082192 0.2823439878234399 0.07191780821917808 0.0624048706240487
10 0.1141552511415525 0.30441400304414 0.0502283105022831 0.0487062404870624
1 0.4069634703196347 0.2328767123287671 0.017123287671232876 0.0334855403348554
6 0.6809360730593608 0.302130898021309 0.017123287671232876 0.0563165905631659
16 0.5924657534246576 0.21993911719939116 0.0136986301369863 0.2420091324200913
10 0.8664383561643836 0.2975646879756469 0.05251141552511415 0.0410958904109589
6 0.5616438356164384 0.302130898021309 0.0182648401826484 0.0654490106544901
6 0.09646118721461187 0.3158295281582953 0.021689497716894976 0.0715372907153729
16 0.3327625570776256 0.286910197869102 0.012557077625570776 0.1232876712328767
8 0.0639269406392694 0.2694063926940639 0.12557077625570776 0.0547945205479452
9 0.9845890410958904 0.2876712328767123 0.030821917808219176 0.0669710806697108
7 0.2996575342465753 0.3295281582952816 0.014840182648401826 0.0380517503805175
7 0.24143835616438356 0.3295281582952816 0.014840182648401826 0.0441400304414003
6 0.7494292237442922 0.302130898021309 0.017123287671232876 0.0502283105022831
7 0.2254566210045662 0.3295281582952816 0.017123287671232876 0.0441400304414003
7 0.2796803652968037 0.3310502283105023 0.01598173515981735 0.0410958904109589
7 0.2579908675799087 0.3287671232876712 0.0136986301369863 0.045662100456621
6 0.6529680365296804 0.3006088280060883 0.0136986301369863 0.0471841704718417
16 0.4178082191780822 0.2640791476407915 0.01141552511415525 0.1415525114155251
11 0.752283105022831 0.3143074581430746 0.0273972602739726 0.0319634703196347
10 0.3436073059360731 0.2990867579908676 0.03881278538812785 0.0319634703196347
3 0.8470319634703196 0.3264840182648402 0.2420091324200913 0.0228310502283105
16 0.6215753424657534 0.1643835616438356 0.014840182648401826 0.3257229832572298
10 0.07134703196347032 0.3028919330289193 0.03767123287671233 0.0517503805175038
9 0.8224885844748858 0.286910197869102 0.03538812785388128 0.0532724505327245
