3 0.6409817351598174 0.6948249619482496 0.7157534246575342 0.6103500761035008
10 0.9315068493150684 0.3675799086757991 0.136986301369863 0.2694063926940639
16 0.66837899543379 0.18036529680365296 0.030821917808219176 0.3546423135464231
6 0.8481735159817352 0.317351598173516 0.0228310502283105 0.0776255707762557
6 0.5450913242009132 0.3181126331811263 0.023972602739726026 0.0852359208523592
6 0.6769406392694064 0.3272450532724505 0.02054794520547945 0.0730593607305936
6 0.7345890410958904 0.3249619482496195 0.019406392694063926 0.0684931506849315
6 0.3755707762557078 0.3340943683409437 0.03424657534246575 0.1263318112633181
0 0.4623287671232877 0.2663622526636225 0.02968036529680365 0.2161339421613394
10 0.9583333333333334 0.5319634703196348 0.08333333333333333 0.4033485540334855
10 0.14098173515981735 0.4208523592085236 0.2796803652968037 0.3972602739726027
16 0.583904109589041 0.2146118721461187 0.019406392694063926 0.2983257229832572
6 0.2328767123287671 0.2914764079147641 0.0273972602739726 0.0471841704718417
16 0.7054794520547946 0.1841704718417047 0.02054794520547945 0.2404870624048706
6 0.8304794520547946 0.317351598173516 0.019406392694063926 0.0715372907153729
6 0.5993150684931506 0.3028919330289193 0.01598173515981735 0.0517503805175038
6 0.8144977168949772 0.3143074581430746 0.017123287671232876 0.0593607305936073
6 0.5131278538812786 0.3181126331811263 0.028538812785388126 0.0974124809741248
1 0.5131278538812786 0.21537290715372906 0.021689497716894976 0.0471841704718417
6 0.13470319634703196 0.289193302891933 0.02511415525114155 0.0700152207001522
6 0.718607305936073 0.319634703196347 0.021689497716894976 0.0639269406392694
0 0.867579908675799 0.2800608828006088 0.02054794520547945 0.1004566210045662
3 0.7722602739726028 0.3592085235920852 0.23401826484018265 0.0365296803652968
6 0.8852739726027398 0.30441400304414 0.014840182648401826 0.0395738203957382
6 0.7728310502283106 0.3219178082191781 0.02054794520547945 0.0684931506849315
11 0.694634703196347 0.3242009132420091 0.019406392694063926 0.0334855403348554
6 0.759703196347032 0.3150684931506849 0.014840182648401826 0.0395738203957382
16 0.7962328767123288 0.2480974124809741 0.014840182648401826 0.136986301369863
16 0.9788812785388128 0.17427701674277016 0.019406392694063926 0.1385083713850837
11 0.759703196347032 0.3257229832572298 0.019406392694063926 0.0426179604261796
