3 0.6718036529680366 0.7328767123287672 0.656392694063927 0.5342465753424658
16 0.02910958904109589 0.3751902587519026 0.028538812785388126 0.1993911719939117
10 0.09531963470319635 0.3774733637747336 0.16552511415525115 0.0669710806697108
0 0.519406392694064 0.332572298325723 0.02054794520547945 0.1598173515981735
0 0.12100456621004566 0.3188736681887367 0.0273972602739726 0.1993911719939117
0 0.4977168949771689 0.3226788432267884 0.01598173515981735 0.1552511415525114
15 0.4063926940639269 0.4299847792998478 0.02054794520547945 0.0289193302891933
14 0.3635844748858447 0.4292237442922374 0.010273972602739725 0.0578386605783866
16 0.2208904109589041 0.3028919330289193 0.019406392694063926 0.3165905631659056
9 0.783675799086758 0.4124809741248097 0.432648401826484 0.7031963470319634
14 0.4977168949771689 0.4269406392694064 0.01141552511415525 0.0532724505327245
0 0.4731735159817352 0.319634703196347 0.012557077625570776 0.1582952815829528
10 0.5393835616438356 0.3599695585996956 0.026255707762557076 0.0197869101978691
4 0.4240867579908676 0.4512937595129376 0.04680365296803653 0.0289193302891933
