18 0.7372549019607844 0.26875 0.5235294117647059 0.5330882352941176
11 0.3122549019607843 0.21764705882352942 0.10686274509803921 0.05588235294117647
11 0.4264705882352941 0.20220588235294118 0.07254901960784314 0.04264705882352941
0 0.9455882352941176 0.09889705882352941 0.10882352941176471 0.1963235294117647
11 0.14313725490196078 0.2088235294117647 0.08235294117647059 0.041176470588235294
0 0.3656862745098039 0.1536764705882353 0.03725490196078431 0.1514705882352941
10 0.3872549019607843 0.18455882352941178 0.12549019607843137 0.03529411764705882
0 0.22156862745098038 0.13419117647058823 0.0803921568627451 0.24779411764705883
6 0.13676470588235295 0.19705882352941176 0.03235294117647059 0.039705882352941174
0 0.3377450980392157 0.15588235294117647 0.03431372549019608 0.1338235294117647
4 0.5480392156862746 0.6257352941176471 0.615686274509804 0.7455882352941177
16 0.17990196078431372 0.13125 0.0892156862745098 0.2595588235294118
18 0.03823529411764706 0.19522058823529412 0.050980392156862744 0.03897058823529412
0 0.013725490196078431 0.1889705882352941 0.025490196078431372 0.05588235294117647
11 0.08235294117647059 0.19926470588235295 0.021568627450980392 0.030882352941176472
6 0.3088235294117647 0.1889705882352941 0.013725490196078431 0.022058823529411766
16 0.4176470588235294 0.15919117647058822 0.01568627450980392 0.08602941176470588
11 0.3088235294117647 0.19044117647058822 0.013725490196078431 0.023529411764705882
0 0.26519607843137255 0.16727941176470587 0.020588235294117647 0.07573529411764705
