3 0.5 0.7214611872146118 0.997716894977169 0.5570776255707762
16 0.12100456621004566 0.3417047184170472 0.0273972602739726 0.1902587519025875
16 0.6449771689497716 0.2100456621004566 0.02511415525114155 0.4140030441400304
5 0.10559360730593607 0.1187214611872146 0.04223744292237443 0.0852359208523592
1 0.6307077625570776 0.1019786910197869 0.030821917808219176 0.0821917808219178
10 0.9674657534246576 0.2823439878234399 0.05821917808219178 0.0380517503805175
16 0.8938356164383562 0.24581430745814306 0.01598173515981735 0.1811263318112633
7 0.8681506849315068 0.3120243531202435 0.03767123287671233 0.0395738203957382
11 0.8281963470319634 0.3074581430745814 0.04452054794520548 0.0426179604261796
0 0.855593607305936 0.2557077625570776 0.010273972602739725 0.0669710806697108
10 0.9195205479452054 0.2792998477929985 0.03995433789954338 0.0319634703196347
10 0.9874429223744292 0.2770167427701674 0.0228310502283105 0.0395738203957382
10 0.8938356164383562 0.2686453576864536 0.0319634703196347 0.0197869101978691
0 0.8116438356164384 0.2526636225266362 0.01141552511415525 0.0517503805175038
16 0.9115296803652968 0.2480974124809741 0.012557077625570776 0.1613394216133942
16 0.988013698630137 0.2176560121765601 0.012557077625570776 0.0882800608828006
5 0.11073059360730593 0.2054794520547945 0.045662100456621 0.0821917808219178
4 0.2722602739726027 0.4330289193302892 0.06506849315068493 0.0471841704718417
3 0.9691780821917808 0.3417047184170472 0.06164383561643835 0.0319634703196347
0 0.7756849315068494 0.273972602739726 0.010273972602739725 0.0639269406392694
0 0.7511415525114156 0.2732115677321157 0.0091324200913242 0.0502283105022831
