9 0.21746575342465754 0.3698630136986301 0.1312785388127854 0.1095890410958904
3 0.3498858447488584 0.7123287671232876 0.6974885844748858 0.5662100456621004
10 0.9046803652968036 0.4079147640791476 0.1906392694063927 0.213089802130898
10 0.295662100456621 0.3622526636225266 0.0410958904109589 0.0395738203957382
10 0.3772831050228311 0.3637747336377473 0.06963470319634703 0.0487062404870624
0 0.8921232876712328 0.2785388127853881 0.026255707762557076 0.1704718417047184
11 0.3453196347031963 0.5745814307458144 0.17465753424657535 0.2633181126331811
11 0.559931506849315 0.4140030441400304 0.09246575342465753 0.0791476407914764
10 0.4081050228310502 0.3523592085235921 0.04680365296803653 0.0410958904109589
6 0.3361872146118721 0.5266362252663622 0.12214611872146118 0.3318112633181126
16 0.4851598173515982 0.20471841704718416 0.0273972602739726 0.4063926940639269
6 0.5627853881278538 0.3964992389649924 0.03881278538812785 0.1080669710806697
10 0.33162100456621 0.3554033485540335 0.04223744292237443 0.0410958904109589
0 0.6523972602739726 0.2968036529680365 0.017123287671232876 0.1126331811263318
16 0.5428082191780822 0.2983257229832572 0.012557077625570776 0.1430745814307458
16 0.4668949771689498 0.273972602739726 0.0182648401826484 0.2526636225266362
0 0.7083333333333334 0.3120243531202435 0.012557077625570776 0.1126331811263318
1 0.3972602739726027 0.19558599695585996 0.01598173515981735 0.0532724505327245
2 0.0867579908675799 0.2511415525114155 0.01598173515981735 0.0395738203957382
7 0.6255707762557078 0.4071537290715373 0.04337899543378995 0.0593607305936073
10 0.4526255707762557 0.3554033485540335 0.028538812785388126 0.0350076103500761
16 0.04794520547945205 0.3158295281582953 0.0136986301369863 0.1202435312024353
1 0.5536529680365296 0.2754946727549467 0.01598173515981735 0.0487062404870624
0 0.6352739726027398 0.3105022831050228 0.012557077625570776 0.091324200913242
10 0.4343607305936073 0.3485540334855403 0.019406392694063926 0.0243531202435312
6 0.6044520547945206 0.378234398782344 0.03538812785388128 0.0898021308980213
16 0.08105022831050228 0.3432267884322679 0.0136986301369863 0.0806697108066971
0 0.09703196347031963 0.3447488584474886 0.0136986301369863 0.0684931506849315
2 0.4103881278538813 0.197869101978691 0.019406392694063926 0.0547945205479452
