3 0.5 0.73896499238965 0.997716894977169 0.5220700152207002
16 0.666095890410959 0.23059360730593606 0.026255707762557076 0.4581430745814307
1 0.6495433789954338 0.256468797564688 0.02511415525114155 0.0624048706240487
1 0.5976027397260274 0.2960426179604262 0.012557077625570776 0.0350076103500761
0 0.855593607305936 0.3333333333333333 0.019406392694063926 0.0791476407914764
6 0.5633561643835616 0.3858447488584475 0.019406392694063926 0.0502283105022831
14 0.5171232876712328 0.4436834094368341 0.01141552511415525 0.0654490106544901
11 0.559931506849315 0.3987823439878234 0.05136986301369863 0.045662100456621
16 0.7345890410958904 0.2237442922374429 0.021689497716894976 0.4444444444444444
14 0.5747716894977168 0.4421613394216134 0.010273972602739725 0.0654490106544901
14 0.6318493150684932 0.4383561643835616 0.010273972602739725 0.0669710806697108
11 0.3744292237442922 0.3942161339421613 0.04337899543378995 0.0487062404870624
16 0.13641552511415525 0.3401826484018265 0.014840182648401826 0.1537290715372907
16 0.4069634703196347 0.2929984779299848 0.012557077625570776 0.2328767123287671
14 0.5051369863013698 0.395738203957382 0.007990867579908675 0.0365296803652968
1 0.9954337899543378 0.2785388127853881 0.0091324200913242 0.030441400304414
10 0.9583333333333334 0.3645357686453577 0.021689497716894976 0.0197869101978691
14 0.4623287671232877 0.3987823439878234 0.00684931506849315 0.045662100456621
14 0.4520547945205479 0.393455098934551 0.00684931506849315 0.0380517503805175
16 0.5907534246575342 0.3333333333333333 0.007990867579908675 0.121765601217656
3 0.519406392694064 0.4406392694063927 0.2625570776255708 0.0532724505327245
6 0.3692922374429224 0.3820395738203957 0.021689497716894976 0.0578386605783866
2 0.988013698630137 0.2800608828006088 0.012557077625570776 0.0334855403348554
0 0.8961187214611872 0.3439878234398782 0.01598173515981735 0.1035007610350076
16 0.615296803652968 0.3614916286149163 0.0091324200913242 0.0898021308980213
5 0.09531963470319635 0.0852359208523592 0.021689497716894976 0.060882800608828
0 0.013127853881278538 0.3462709284627093 0.017123287671232876 0.1111111111111111
