3 0.4994292237442922 0.697869101978691 0.9965753424657534 0.604261796042618
14 0.010844748858447488 0.3789954337899543 0.019406392694063926 0.1004566210045662
16 0.6546803652968036 0.332572298325723 0.010273972602739725 0.1171993911719939
2 0.6535388127853882 0.256468797564688 0.014840182648401826 0.0350076103500761
14 0.7368721461187214 0.3751902587519026 0.007990867579908675 0.0471841704718417
0 0.2014840182648402 0.2990867579908676 0.017123287671232876 0.1567732115677321
14 0.5222602739726028 0.3668188736681887 0.007990867579908675 0.0426179604261796
2 0.9355022831050228 0.11187214611872145 0.026255707762557076 0.0715372907153729
14 0.05136986301369863 0.3515981735159817 0.0273972602739726 0.1308980213089802
14 0.589041095890411 0.3683409436834094 0.0091324200913242 0.0426179604261796
0 0.8538812785388128 0.3181126331811263 0.0273972602739726 0.1613394216133942
6 0.08561643835616438 0.3462709284627093 0.0228310502283105 0.0806697108066971
14 0.0776255707762557 0.3812785388127854 0.0091324200913242 0.0654490106544901
16 0.3481735159817352 0.34779299847793 0.0045662100456621 0.0745814307458143
16 0.9103881278538812 0.2876712328767123 0.026255707762557076 0.2009132420091324
14 0.0867579908675799 0.3797564687975647 0.01141552511415525 0.0684931506849315
14 0.3453196347031963 0.3645357686453577 0.007990867579908675 0.0410958904109589
14 0.3515981735159817 0.363013698630137 0.00684931506849315 0.0410958904109589
14 0.7414383561643836 0.3751902587519026 0.007990867579908675 0.0441400304414003
