3 0.6712328767123288 0.5441400304414004 0.6529680365296804 0.2907153729071537
10 0.843607305936073 0.3744292237442922 0.2579908675799087 0.1613394216133942
10 0.4412100456621005 0.3386605783866058 0.05136986301369863 0.0441400304414003
10 0.6141552511415526 0.3287671232876712 0.06164383561643835 0.0517503805175038
11 0.1095890410958904 0.3873668188736682 0.08447488584474885 0.0654490106544901
10 0.3030821917808219 0.3394216133942161 0.05365296803652968 0.0517503805175038
11 0.6004566210045662 0.3660578386605784 0.0182648401826484 0.0471841704718417
10 0.5559360730593608 0.3295281582952816 0.06164383561643835 0.0502283105022831
10 0.4937214611872146 0.3295281582952816 0.05136986301369863 0.0471841704718417
11 0.565068493150685 0.3645357686453577 0.03424657534246575 0.0502283105022831
2 0.5468036529680366 0.2633181126331811 0.01598173515981735 0.0395738203957382
15 0.4589041095890411 0.3797564687975647 0.01598173515981735 0.0228310502283105
16 0.329337899543379 0.2541856925418569 0.023972602739726026 0.2617960426179604
7 0.01997716894977169 0.3789954337899543 0.019406392694063926 0.0426179604261796
10 0.034817351598173514 0.3447488584474886 0.030821917808219176 0.0228310502283105
15 0.2089041095890411 0.378234398782344 0.0136986301369863 0.0228310502283105
10 0.3772831050228311 0.3401826484018265 0.04908675799086758 0.0441400304414003
14 0.3978310502283105 0.3721461187214612 0.007990867579908675 0.0410958904109589
10 0.0747716894977169 0.3417047184170472 0.026255707762557076 0.0197869101978691
7 0.6569634703196348 0.3675799086757991 0.023972602739726026 0.0410958904109589
6 0.4942922374429224 0.3409436834094368 0.0182648401826484 0.0639269406392694
16 0.3464611872146119 0.1948249619482496 0.028538812785388126 0.380517503805175
6 0.11073059360730593 0.3744292237442922 0.02968036529680365 0.0882800608828006
6 0.0182648401826484 0.3538812785388128 0.02054794520547945 0.0471841704718417
15 0.2420091324200913 0.3812785388127854 0.01598173515981735 0.0228310502283105
16 0.91324200913242 0.2952815829528158 0.0091324200913242 0.0517503805175038
15 0.2853881278538813 0.3812785388127854 0.01598173515981735 0.0228310502283105
14 0.509703196347032 0.3797564687975647 0.007990867579908675 0.0289193302891933
11 0.6843607305936074 0.3637747336377473 0.023972602739726026 0.0487062404870624
11 0.6301369863013698 0.3584474885844749 0.0228310502283105 0.0563165905631659
16 0.5547945205479452 0.2777777777777778 0.01598173515981735 0.2207001522070015
15 0.1860730593607306 0.3774733637747336 0.01141552511415525 0.0213089802130898
10 0.013127853881278538 0.3447488584474886 0.023972602739726026 0.0319634703196347
7 0.7106164383561644 0.3607305936073059 0.021689497716894976 0.0487062404870624
10 0.9531963470319634 0.3234398782343988 0.09360730593607305 0.0958904109589041
5 0.009703196347031963 0.2009132420091324 0.017123287671232876 0.0365296803652968
0 0.15810502283105024 0.3181126331811263 0.012557077625570776 0.0578386605783866
