10 0.7941176470588235 0.07720588235294118 0.19019607843137254 0.07058823529411765
6 0.42598039215686273 0.1 0.04215686274509804 0.075
0 0.49166666666666664 0.06911764705882353 0.05784313725490196 0.1
11 0.42892156862745096 0.11176470588235295 0.09117647058823529 0.054411764705882354
10 0.9705882352941176 0.07904411764705882 0.056862745098039215 0.1036764705882353
14 0.4568627450980392 0.1610294117647059 0.0196078431372549 0.026470588235294117
14 0.5970588235294118 0.1536764705882353 0.0196078431372549 0.026470588235294117
14 0.8406862745098039 0.14044117647058824 0.020588235294117647 0.026470588235294117
0 0.25392156862745097 0.05919117647058823 0.03137254901960784 0.10955882352941176
0 0.4411764705882353 0.04632352941176471 0.03137254901960784 0.09117647058823529
10 0.7485294117647059 0.07022058823529412 0.1264705882352941 0.0625
0 0.08186274509803922 0.06066176470588235 0.028431372549019607 0.05514705882352941
0 0.035784313725490194 0.05477941176470588 0.04019607843137255 0.07426470588235294
0 0.1053921568627451 0.05110294117647059 0.03627450980392157 0.06397058823529411
11 0.22205882352941175 0.09338235294117647 0.024509803921568627 0.03235294117647059
0 0.29754901960784313 0.05661764705882353 0.024509803921568627 0.057352941176470586
6 0.221078431372549 0.07720588235294118 0.020588235294117647 0.023529411764705882
8 0.043627450980392155 0.05772058823529412 0.08529411764705883 0.04779411764705882
11 0.17254901960784313 0.2786764705882353 0.3431372549019608 0.23088235294117648
11 0.20490196078431372 0.19926470588235295 0.24509803921568626 0.11911764705882352
11 0.14558823529411766 0.1900735294117647 0.25 0.1448529411764706
6 0.07156862745098039 0.08933823529411765 0.03725490196078431 0.03897058823529412
11 0.07205882352941176 0.1125 0.04019607843137255 0.03676470588235294
11 0.1230392156862745 0.10992647058823529 0.04019607843137255 0.025735294117647058
6 0.11568627450980393 0.09669117647058824 0.03333333333333333 0.03455882352941177
6 0.1661764705882353 0.07610294117647058 0.018627450980392157 0.021323529411764706
11 0.17205882352941176 0.09669117647058824 0.022549019607843137 0.025735294117647058
11 0.29705882352941176 0.09154411764705882 0.06470588235294118 0.04191176470588235
8 0.640686274509804 0.02610294117647059 0.20294117647058824 0.03602941176470588
10 0.6637254901960784 0.051470588235294115 0.11568627450980393 0.033823529411764704
10 0.5725490196078431 0.05551470588235294 0.08235294117647059 0.025735294117647058
15 0.7151960784313726 0.15036764705882352 0.026470588235294117 0.025735294117647058
4 0.5681372549019608 0.5922794117647059 0.5029411764705882 0.8154411764705882
0 0.3779411764705882 0.05367647058823529 0.020588235294117647 0.061764705882352944
