3 0.5 0.7161339421613394 0.997716894977169 0.5677321156773212
10 0.9594748858447488 0.395738203957382 0.08105022831050228 0.1156773211567732
6 0.797945205479452 0.3713850837138508 0.0273972602739726 0.0852359208523592
6 0.1643835616438356 0.3904109589041096 0.0273972602739726 0.0715372907153729
2 0.2237442922374429 0.182648401826484 0.02511415525114155 0.0669710806697108
0 0.8641552511415526 0.3409436834094368 0.0182648401826484 0.1643835616438356
16 0.05650684931506849 0.2640791476407915 0.023972602739726026 0.2815829528158295
16 0.2853881278538813 0.3074581430745814 0.0182648401826484 0.2009132420091324
16 0.651255707762557 0.2937595129375951 0.019406392694063926 0.2617960426179604
1 0.4349315068493151 0.2808219178082192 0.01598173515981735 0.0410958904109589
16 0.319634703196347 0.3234398782343988 0.0182648401826484 0.1811263318112633
16 0.6038812785388128 0.256468797564688 0.0182648401826484 0.3333333333333333
16 0.9389269406392694 0.3302891933028919 0.014840182648401826 0.1004566210045662
0 0.7049086757990868 0.3538812785388128 0.023972602739726026 0.1324200913242009
3 0.1695205479452055 0.426179604261796 0.3299086757990868 0.0334855403348554
10 0.2945205479452055 0.3759512937595129 0.0319634703196347 0.0365296803652968
0 0.3573059360730594 0.3576864535768645 0.01598173515981735 0.1126331811263318
6 0.10787671232876712 0.3744292237442922 0.012557077625570776 0.0365296803652968
14 0.3875570776255708 0.4041095890410959 0.007990867579908675 0.0380517503805175
16 0.4349315068493151 0.3607305936073059 0.01141552511415525 0.121765601217656
14 0.4235159817351598 0.4048706240487062 0.00684931506849315 0.0365296803652968
10 0.6769406392694064 0.3493150684931507 0.1004566210045662 0.0410958904109589
10 0.3561643835616438 0.363013698630137 0.0410958904109589 0.0258751902587519
