3 0.4982876712328767 0.7853881278538812 0.9942922374429224 0.4292237442922374
16 0.4092465753424658 0.3759512937595129 0.019406392694063926 0.3713850837138508
1 0.9765981735159818 0.2838660578386606 0.023972602739726026 0.0654490106544901
10 0.978310502283105 0.4901065449010654 0.04337899543378995 0.045662100456621
1 0.4246575342465753 0.393455098934551 0.0182648401826484 0.0532724505327245
0 0.3122146118721461 0.4657534246575342 0.023972602739726026 0.197869101978691
0 0.13356164383561644 0.4505327245053272 0.0319634703196347 0.1856925418569254
0 0.7791095890410958 0.4741248097412481 0.019406392694063926 0.1385083713850837
3 0.954337899543379 0.530441400304414 0.091324200913242 0.0410958904109589
10 0.9172374429223744 0.4687975646879756 0.03995433789954338 0.0273972602739726
10 0.9463470319634704 0.4726027397260274 0.045662100456621 0.0289193302891933
0 0.4509132420091324 0.4520547945205479 0.02968036529680365 0.1643835616438356
16 0.8818493150684932 0.256468797564688 0.021689497716894976 0.4916286149162861
10 0.797945205479452 0.4687975646879756 0.02054794520547945 0.0243531202435312
0 0.7945205479452054 0.4596651445966514 0.01141552511415525 0.0882800608828006
9 0.833904109589041 0.4581430745814307 0.05136986301369863 0.060882800608828
16 0.8481735159817352 0.4299847792998478 0.0091324200913242 0.1141552511415525
