10 0.039383561643835614 0.2420091324200913 0.07648401826484018 0.076103500761035
10 0.14897260273972604 0.2389649923896499 0.028538812785388126 0.0334855403348554
6 0.5011415525114156 0.2785388127853881 0.02968036529680365 0.1035007610350076
6 0.4520547945205479 0.2617960426179604 0.02511415525114155 0.1095890410958904
7 0.2950913242009132 0.3013698630136986 0.08105022831050228 0.0700152207001522
6 0.3824200913242009 0.2701674277016743 0.0273972602739726 0.1111111111111111
1 0.2796803652968037 0.0669710806697108 0.0365296803652968 0.106544901065449
0 0.6404109589041096 0.21993911719939116 0.02968036529680365 0.1993911719939117
6 0.4138127853881279 0.2694063926940639 0.028538812785388126 0.106544901065449
16 0.353310502283105 0.16057838660578386 0.019406392694063926 0.3181126331811263
10 0.09817351598173515 0.24581430745814306 0.04794520547945205 0.0471841704718417
6 0.17579908675799086 0.2633181126331811 0.0273972602739726 0.091324200913242
16 0.8236301369863014 0.16362252663622526 0.03995433789954338 0.3028919330289193
16 0.22659817351598174 0.2374429223744292 0.017123287671232876 0.1582952815829528
3 0.6621004566210046 0.6621004566210046 0.6757990867579908 0.6727549467275494
3 0.0702054794520548 0.3097412480974125 0.13812785388127855 0.0410958904109589
6 0.7756849315068494 0.24124809741248096 0.019406392694063926 0.0410958904109589
16 0.4343607305936073 0.16057838660578386 0.019406392694063926 0.3181126331811263
0 0.898972602739726 0.2161339421613394 0.028538812785388126 0.1765601217656012
6 0.5684931506849316 0.2701674277016743 0.02511415525114155 0.1080669710806697
6 0.6044520547945206 0.2709284627092846 0.021689497716894976 0.0943683409436834
10 0.1141552511415525 0.23059360730593606 0.0365296803652968 0.0350076103500761
6 0.5513698630136986 0.2663622526636225 0.02054794520547945 0.0943683409436834
6 0.285958904109589 0.2663622526636225 0.033105022831050226 0.0882800608828006
16 0.6957762557077626 0.2207001522070015 0.017123287671232876 0.1735159817351598
6 0.6815068493150684 0.2701674277016743 0.02054794520547945 0.0898021308980213
10 0.9765981735159818 0.3066971080669711 0.04680365296803653 0.1293759512937595
6 0.7054794520547946 0.2450532724505327 0.02054794520547945 0.0487062404870624
16 0.5850456621004566 0.2420091324200913 0.012557077625570776 0.1430745814307458
1 0.2985159817351598 0.15449010654490106 0.017123287671232876 0.0502283105022831
6 0.6569634703196348 0.2678843226788432 0.021689497716894976 0.0882800608828006
6 0.9714611872146118 0.2480974124809741 0.02054794520547945 0.0426179604261796
6 0.8789954337899544 0.2640791476407915 0.02054794520547945 0.0715372907153729
16 0.2888127853881279 0.2176560121765601 0.0182648401826484 0.1796042617960426
16 0.9885844748858448 0.18340943683409436 0.0228310502283105 0.1659056316590563
6 0.66837899543379 0.2694063926940639 0.019406392694063926 0.0821917808219178
6 0.5856164383561644 0.2617960426179604 0.02511415525114155 0.091324200913242
