3 0.3059360730593607 0.7024353120243532 0.6095890410958904 0.5920852359208524
10 0.07363013698630137 0.3873668188736682 0.1449771689497717 0.1080669710806697
10 0.20376712328767124 0.3744292237442922 0.08561643835616438 0.060882800608828
10 0.8921232876712328 0.3599695585996956 0.2134703196347032 0.1111111111111111
8 0.319634703196347 0.3508371385083714 0.0821917808219178 0.0684931506849315
10 0.2916666666666667 0.3767123287671233 0.06735159817351598 0.0502283105022831
11 0.7334474885844748 0.3797564687975647 0.05821917808219178 0.0441400304414003
10 0.3835616438356164 0.363013698630137 0.0273972602739726 0.0319634703196347
6 0.6170091324200914 0.3675799086757991 0.021689497716894976 0.0684931506849315
2 0.3670091324200913 0.2267884322678843 0.017123287671232876 0.045662100456621
7 0.6170091324200914 0.3850837138508371 0.05593607305936073 0.0365296803652968
16 0.4754566210045662 0.1872146118721461 0.019406392694063926 0.3713850837138508
7 0.442351598173516 0.3919330289193303 0.04452054794520548 0.0319634703196347
0 0.752283105022831 0.3036529680365297 0.0136986301369863 0.0928462709284627
6 0.7340182648401826 0.3645357686453577 0.02511415525114155 0.0684931506849315
6 0.5222602739726028 0.3668188736681887 0.014840182648401826 0.0578386605783866
0 0.6318493150684932 0.3234398782343988 0.014840182648401826 0.0837138508371385
6 0.7848173515981736 0.3371385083713851 0.017123287671232876 0.0350076103500761
6 0.4914383561643836 0.3713850837138508 0.017123287671232876 0.0639269406392694
7 0.4885844748858447 0.3911719939117199 0.04337899543378995 0.030441400304414
2 0.20205479452054795 0.2465753424657534 0.01598173515981735 0.0426179604261796
10 0.4143835616438356 0.3637747336377473 0.02511415525114155 0.030441400304414
16 0.22031963470319635 0.2831050228310502 0.0136986301369863 0.1156773211567732
0 0.680365296803653 0.3074581430745814 0.0136986301369863 0.0882800608828006
11 0.5684931506849316 0.3881278538812785 0.0410958904109589 0.0334855403348554
16 0.577054794520548 0.17427701674277016 0.017123287671232876 0.3455098934550989
1 0.5005707762557078 0.2968036529680365 0.014840182648401826 0.0273972602739726
11 0.7848173515981736 0.3759512937595129 0.03995433789954338 0.0487062404870624
16 0.9001141552511416 0.2191780821917808 0.014840182648401826 0.167427701674277
6 0.569634703196347 0.3691019786910198 0.02054794520547945 0.0593607305936073
16 0.15810502283105024 0.3158295281582953 0.010273972602739725 0.1293759512937595
6 0.4457762557077626 0.3698630136986301 0.021689497716894976 0.0578386605783866
16 0.4275114155251142 0.289193302891933 0.012557077625570776 0.1704718417047184
6 0.4720319634703196 0.3721461187214612 0.014840182648401826 0.0502283105022831
11 0.4018264840182648 0.3789954337899543 0.0136986301369863 0.0243531202435312
3 0.2831050228310502 0.4048706240487062 0.271689497716895 0.0243531202435312
0 0.6649543378995434 0.2990867579908676 0.012557077625570776 0.1019786910197869
6 0.827054794520548 0.334855403348554 0.017123287671232876 0.0243531202435312
16 0.9823059360730594 0.16514459665144596 0.023972602739726026 0.2724505327245053
6 0.4018264840182648 0.3675799086757991 0.01141552511415525 0.0319634703196347
16 0.509703196347032 0.3089802130898021 0.007990867579908675 0.0730593607305936
16 0.4914383561643836 0.2968036529680365 0.005707762557077625 0.0943683409436834
0 0.8036529680365296 0.3112633181126332 0.0136986301369863 0.0745814307458143
10 0.9931506849315068 0.3660578386605784 0.0136986301369863 0.0837138508371385
16 0.9800228310502284 0.23972602739726026 0.012557077625570776 0.1232876712328767
