3 0.3578767123287671 0.745814307458143 0.7134703196347032 0.502283105022831
16 0.7385844748858448 0.3120243531202435 0.0228310502283105 0.3592085235920852
2 0.4149543378995434 0.2648401826484018 0.021689497716894976 0.060882800608828
6 0.4863013698630137 0.454337899543379 0.02054794520547945 0.0654490106544901
16 0.11986301369863013 0.3949771689497717 0.01598173515981735 0.1902587519025875
2 0.16210045662100456 0.2846270928462709 0.0228310502283105 0.060882800608828
10 0.8761415525114156 0.4003044140030441 0.1495433789954338 0.0547945205479452
0 0.5268264840182648 0.4246575342465753 0.012557077625570776 0.1035007610350076
1 0.5799086757990868 0.3417047184170472 0.01598173515981735 0.0380517503805175
16 0.5017123287671232 0.3843226788432268 0.012557077625570776 0.1750380517503805
16 0.7973744292237442 0.3318112633181126 0.019406392694063926 0.3135464231354642
0 0.8624429223744292 0.4063926940639269 0.028538812785388126 0.1582952815829528
6 0.182648401826484 0.4627092846270928 0.0182648401826484 0.0547945205479452
16 0.3167808219178082 0.3538812785388128 0.014840182648401826 0.2115677321156773
3 0.2848173515981735 0.4908675799086758 0.4006849315068493 0.0319634703196347
14 0.5468036529680366 0.4649923896499239 0.00684931506849315 0.0319634703196347
14 0.5747716894977168 0.469558599695586 0.007990867579908675 0.0319634703196347
16 0.5821917808219178 0.423896499238965 0.01141552511415525 0.1293759512937595
0 0.545662100456621 0.4178082191780822 0.0091324200913242 0.0837138508371385
16 0.24315068493150685 0.4193302891933029 0.0136986301369863 0.1050228310502283
10 0.5616438356164384 0.4292237442922374 0.02511415525114155 0.0273972602739726
16 0.4857305936073059 0.4041095890410959 0.007990867579908675 0.0563165905631659
10 0.5376712328767124 0.4337899543378995 0.0365296803652968 0.0334855403348554
