3 0.660958904109589 0.743531202435312 0.678082191780822 0.512937595129376
11 0.5941780821917808 0.4429223744292237 0.019406392694063926 0.0243531202435312
0 0.2539954337899543 0.3964992389649924 0.026255707762557076 0.1780821917808219
6 0.4908675799086758 0.4398782343987823 0.0273972602739726 0.0791476407914764
11 0.83675799086758 0.4550989345509893 0.0502283105022831 0.0395738203957382
1 0.5422374429223744 0.3508371385083714 0.0136986301369863 0.0441400304414003
16 0.9383561643835616 0.3691019786910198 0.0182648401826484 0.1902587519025875
13 0.8915525114155252 0.4497716894977169 0.0273972602739726 0.0319634703196347
16 0.04052511415525114 0.3158295281582953 0.019406392694063926 0.3424657534246575
6 0.833904109589041 0.441400304414003 0.017123287671232876 0.0426179604261796
1 0.5165525114155252 0.3812785388127854 0.014840182648401826 0.0319634703196347
0 0.7968036529680366 0.4170471841704718 0.01141552511415525 0.076103500761035
1 0.8498858447488584 0.3576864535768645 0.014840182648401826 0.0426179604261796
0 0.6598173515981736 0.4132420091324201 0.0091324200913242 0.0563165905631659
16 0.5234018264840182 0.4345509893455099 0.005707762557077625 0.0715372907153729
5 0.848744292237443 0.3120243531202435 0.017123287671232876 0.0213089802130898
6 0.5953196347031964 0.4337899543378995 0.012557077625570776 0.0273972602739726
3 0.7608447488584474 0.4748858447488584 0.478310502283105 0.0273972602739726
0 0.7442922374429224 0.4124809741248097 0.01141552511415525 0.0730593607305936
0 0.632420091324201 0.4117199391171994 0.0091324200913242 0.0532724505327245
16 0.5353881278538812 0.4155251141552511 0.00684931506849315 0.0791476407914764
16 0.7608447488584474 0.4010654490106545 0.010273972602739725 0.0989345509893455
