3 0.4178082191780822 0.7054794520547946 0.8310502283105022 0.5859969558599696
10 0.430365296803653 0.4056316590563166 0.3538812785388128 0.2146118721461187
6 0.20833333333333334 0.5015220700152208 0.11301369863013698 0.3363774733637747
6 0.10445205479452055 0.5007610350076104 0.10616438356164383 0.3409436834094368
10 0.8470319634703196 0.3401826484018265 0.0684931506849315 0.0532724505327245
1 0.557648401826484 0.2656012176560122 0.019406392694063926 0.0441400304414003
10 0.9503424657534246 0.3340943683409437 0.06735159817351598 0.0471841704718417
0 0.6837899543378996 0.3028919330289193 0.0228310502283105 0.1735159817351598
10 0.8835616438356164 0.3295281582952816 0.04794520547945205 0.0350076103500761
0 0.7602739726027398 0.3219178082191781 0.0182648401826484 0.1080669710806697
3 0.8304794520547946 0.4041095890410959 0.3367579908675799 0.0471841704718417
0 0.3972602739726027 0.2922374429223744 0.0228310502283105 0.0821917808219178
16 0.5171232876712328 0.2450532724505327 0.0136986301369863 0.136986301369863
10 0.9874429223744292 0.3280060882800609 0.02511415525114155 0.0350076103500761
6 0.704337899543379 0.3378995433789954 0.01598173515981735 0.0547945205479452
0 0.4417808219178082 0.2579908675799087 0.01598173515981735 0.0776255707762557
16 0.5667808219178082 0.2252663622526636 0.012557077625570776 0.2039573820395738
14 0.7271689497716894 0.3645357686453577 0.00684931506849315 0.0380517503805175
5 0.5690639269406392 0.1917808219178082 0.012557077625570776 0.0365296803652968
6 0.7134703196347032 0.3485540334855403 0.0182648401826484 0.076103500761035
13 0.2813926940639269 0.3858447488584475 0.04908675799086758 0.0502283105022831
14 0.6358447488584474 0.3721461187214612 0.0091324200913242 0.0410958904109589
