10 0.3236301369863014 0.3226788432267884 0.09246575342465753 0.060882800608828
3 0.4012557077625571 0.6963470319634704 0.797945205479452 0.6073059360730594
10 0.4937214611872146 0.3165905631659056 0.05136986301369863 0.0365296803652968
2 0.7802511415525114 0.2115677321156773 0.021689497716894976 0.0547945205479452
16 0.7928082191780822 0.2686453576864536 0.012557077625570776 0.2237442922374429
0 0.1021689497716895 0.2785388127853881 0.017123287671232876 0.091324200913242
2 0.4075342465753425 0.14079147640791476 0.0182648401826484 0.0532724505327245
2 0.3818493150684932 0.14383561643835616 0.019406392694063926 0.0532724505327245
0 0.2517123287671233 0.2952815829528158 0.014840182648401826 0.0669710806697108
0 0.66324200913242 0.2572298325722983 0.0228310502283105 0.182648401826484
0 0.5279680365296804 0.2884322678843227 0.017123287671232876 0.0837138508371385
10 0.4594748858447489 0.3135464231354642 0.03538812785388128 0.0334855403348554
16 0.4800228310502283 0.271689497716895 0.012557077625570776 0.1598173515981735
0 0.848744292237443 0.2480974124809741 0.026255707762557076 0.2313546423135464
16 0.1341324200913242 0.2557077625570776 0.012557077625570776 0.1339421613394216
0 0.06449771689497717 0.2853881278538813 0.012557077625570776 0.0806697108066971
0 0.07363013698630137 0.2823439878234399 0.014840182648401826 0.0898021308980213
0 0.5856164383561644 0.2846270928462709 0.0136986301369863 0.0700152207001522
16 0.488013698630137 0.2754946727549467 0.012557077625570776 0.1430745814307458
3 0.3127853881278539 0.350076103500761 0.2922374429223744 0.0243531202435312
16 0.1478310502283105 0.317351598173516 0.007990867579908675 0.0502283105022831
7 0.6061643835616438 0.3340943683409437 0.0319634703196347 0.0532724505327245
12 0.5850456621004566 0.3386605783866058 0.014840182648401826 0.0289193302891933
10 0.577054794520548 0.3028919330289193 0.030821917808219176 0.0243531202435312
