10 0.2893835616438356 0.4558599695585997 0.5742009132420092 0.4520547945205479
3 0.5005707762557078 0.6757990867579908 0.9988584474885844 0.6484018264840182
8 0.8955479452054794 0.2519025875190259 0.15182648401826485 0.0867579908675799
16 0.259703196347032 0.1263318112633181 0.021689497716894976 0.2404870624048706
16 0.05821917808219178 0.16666666666666666 0.0228310502283105 0.1385083713850837
16 0.6912100456621004 0.16210045662100456 0.026255707762557076 0.3028919330289193
8 0.8002283105022832 0.24124809741248096 0.091324200913242 0.0654490106544901
1 0.5662100456621004 0.1491628614916286 0.02054794520547945 0.0487062404870624
16 0.2928082191780822 0.12404870624048706 0.014840182648401826 0.2450532724505327
14 0.4788812785388128 0.3120243531202435 0.010273972602739725 0.0487062404870624
16 0.5616438356164384 0.256468797564688 0.01141552511415525 0.1567732115677321
3 0.821917808219178 0.3363774733637747 0.3493150684931507 0.0426179604261796
10 0.7876712328767124 0.2663622526636225 0.04794520547945205 0.0395738203957382
10 0.978310502283105 0.2823439878234399 0.04337899543378995 0.0563165905631659
10 0.723744292237443 0.2625570776255708 0.0228310502283105 0.0258751902587519
12 0.5947488584474886 0.3059360730593607 0.0136986301369863 0.030441400304414
16 0.601027397260274 0.2389649923896499 0.007990867579908675 0.1035007610350076
10 0.7060502283105022 0.2595129375951294 0.019406392694063926 0.0197869101978691
10 0.7471461187214612 0.2633181126331811 0.023972602739726026 0.0273972602739726
0 0.3938356164383562 0.18036529680365296 0.02511415525114155 0.2968036529680365
12 0.6147260273972602 0.3272450532724505 0.012557077625570776 0.0273972602739726
14 0.5371004566210046 0.3127853881278539 0.010273972602739725 0.0502283105022831
0 0.6569634703196348 0.2374429223744292 0.012557077625570776 0.0700152207001522
16 0.6364155251141552 0.2222222222222222 0.007990867579908675 0.0730593607305936
16 0.6740867579908676 0.19101978691019786 0.014840182648401826 0.2207001522070015
10 0.6386986301369864 0.2549467275494673 0.026255707762557076 0.0228310502283105
12 0.6592465753424658 0.3203957382039574 0.014840182648401826 0.0319634703196347
12 0.5468036529680366 0.3074581430745814 0.0136986301369863 0.0334855403348554
