3 0.6484018264840182 0.7800608828006088 0.7009132420091324 0.4398782343987823
1 0.2642694063926941 0.3736681887366819 0.026255707762557076 0.0837138508371385
1 0.4349315068493151 0.4353120243531202 0.01598173515981735 0.0426179604261796
0 0.8984018264840182 0.4604261796042618 0.0273972602739726 0.1933028919330289
16 0.3162100456621005 0.2800608828006088 0.02511415525114155 0.5570776255707762
6 0.7568493150684932 0.5060882800608828 0.0228310502283105 0.0806697108066971
16 0.228310502283105 0.4908675799086758 0.0091324200913242 0.1263318112633181
6 0.10273972602739725 0.4954337899543379 0.0228310502283105 0.0593607305936073
7 0.09817351598173515 0.5136986301369864 0.0410958904109589 0.0380517503805175
16 0.8213470319634704 0.2770167427701674 0.023972602739726026 0.5449010654490106
6 0.7705479452054794 0.5068493150684932 0.0182648401826484 0.0821917808219178
16 0.7808219178082192 0.4429223744292237 0.01141552511415525 0.2161339421613394
16 0.4474885844748858 0.4398782343987823 0.0136986301369863 0.2252663622526636
16 0.2711187214611872 0.487062404870624 0.014840182648401826 0.1491628614916286
10 0.13641552511415525 0.4939117199391172 0.04223744292237443 0.0380517503805175
5 0.2996575342465753 0.4193302891933029 0.017123287671232876 0.0258751902587519
5 0.2996575342465753 0.4398782343987823 0.017123287671232876 0.0182648401826484
