3 0.5 0.7328767123287672 0.997716894977169 0.5342465753424658
7 0.839041095890411 0.4155251141552511 0.12100456621004566 0.0882800608828006
16 0.1004566210045662 0.2070015220700152 0.04337899543378995 0.4079147640791476
2 0.6894977168949772 0.167427701674277 0.0319634703196347 0.0669710806697108
16 0.6855022831050228 0.3234398782343988 0.021689497716894976 0.2420091324200913
3 0.932648401826484 0.4444444444444444 0.13470319634703196 0.0791476407914764
16 0.24143835616438356 0.20776255707762556 0.033105022831050226 0.4124809741248097
14 0.7226027397260274 0.4018264840182648 0.0136986301369863 0.091324200913242
11 0.9252283105022832 0.378234398782344 0.033105022831050226 0.0624048706240487
14 0.7773972602739726 0.3972602739726027 0.0136986301369863 0.076103500761035
2 0.980593607305936 0.20319634703196346 0.02511415525114155 0.0684931506849315
6 0.9223744292237442 0.3485540334855403 0.0410958904109589 0.0852359208523592
16 0.3915525114155251 0.21537290715372906 0.04794520547945205 0.4277016742770167
16 0.9731735159817352 0.2998477929984779 0.019406392694063926 0.1339421613394216
10 0.7773972602739726 0.3257229832572298 0.0273972602739726 0.0243531202435312
0 0.9434931506849316 0.2800608828006088 0.017123287671232876 0.1156773211567732
16 0.013127853881278538 0.2054794520547945 0.023972602739726026 0.395738203957382
0 0.985730593607306 0.3036529680365297 0.019406392694063926 0.1415525114155251
16 0.9126712328767124 0.2450532724505327 0.026255707762557076 0.197869101978691
8 0.882420091324201 0.3066971080669711 0.04337899543378995 0.0532724505327245
