3 0.6038812785388128 0.7275494672754946 0.7899543378995434 0.5418569254185692
13 0.5342465753424658 0.4170471841704718 0.04337899543378995 0.0517503805175038
10 0.9320776255707762 0.3751902587519026 0.11073059360730593 0.0502283105022831
1 0.3921232876712329 0.2815829528158295 0.019406392694063926 0.045662100456621
1 0.6797945205479452 0.0563165905631659 0.030821917808219176 0.1035007610350076
16 0.6084474885844748 0.2633181126331811 0.02054794520547945 0.3226788432267884
0 0.716324200913242 0.3554033485540335 0.021689497716894976 0.1506849315068493
0 0.3561643835616438 0.3470319634703196 0.0136986301369863 0.0730593607305936
10 0.6501141552511416 0.3736681887366819 0.09931506849315068 0.0532724505327245
10 0.3613013698630137 0.3614916286149163 0.09018264840182648 0.0380517503805175
14 0.3396118721461187 0.4277016742770167 0.007990867579908675 0.0547945205479452
10 0.797945205479452 0.3729071537290715 0.0776255707762557 0.0487062404870624
14 0.2768264840182648 0.426179604261796 0.007990867579908675 0.0517503805175038
16 0.2117579908675799 0.3439878234398782 0.014840182648401826 0.1948249619482496
0 0.9823059360730594 0.3592085235920852 0.023972602739726026 0.1400304414003044
7 0.03881278538812785 0.395738203957382 0.045662100456621 0.0365296803652968
0 0.03538812785388128 0.350076103500761 0.01598173515981735 0.1004566210045662
16 0.4029680365296804 0.3409436834094368 0.0136986301369863 0.2070015220700152
16 0.7853881278538812 0.2207001522070015 0.02968036529680365 0.4383561643835616
0 0.13013698630136986 0.3417047184170472 0.0136986301369863 0.0745814307458143
10 0.21689497716894976 0.3569254185692542 0.1461187214611872 0.0502283105022831
16 0.08961187214611872 0.3569254185692542 0.014840182648401826 0.1598173515981735
6 0.4149543378995434 0.3592085235920852 0.014840182648401826 0.0547945205479452
10 0.015410958904109588 0.380517503805175 0.028538812785388126 0.0426179604261796
16 0.2676940639269406 0.3302891933028919 0.010273972602739725 0.0547945205479452
0 0.1843607305936073 0.3554033485540335 0.010273972602739725 0.0532724505327245
16 0.7037671232876712 0.3242009132420091 0.014840182648401826 0.1461187214611872
12 0.5878995433789954 0.4299847792998478 0.0136986301369863 0.0563165905631659
0 0.06335616438356165 0.3569254185692542 0.014840182648401826 0.0806697108066971
10 0.0502283105022831 0.3721461187214612 0.0410958904109589 0.0410958904109589
