3 0.6221461187214612 0.6750380517503806 0.7557077625570776 0.649923896499239
10 0.9474885844748858 0.2983257229832572 0.1050228310502283 0.0943683409436834
16 0.3892694063926941 0.1598173515981735 0.02968036529680365 0.3165905631659056
6 0.1660958904109589 0.3028919330289193 0.033105022831050226 0.0882800608828006
1 0.8025114155251142 0.14383561643835616 0.01598173515981735 0.0502283105022831
16 0.4280821917808219 0.2846270928462709 0.01141552511415525 0.1095890410958904
1 0.4269406392694064 0.2054794520547945 0.01598173515981735 0.0426179604261796
1 0.5525114155251142 0.1035007610350076 0.0182648401826484 0.0487062404870624
16 0.09988584474885845 0.18797564687975646 0.05136986301369863 0.3729071537290715
16 0.6535388127853882 0.20015220700152206 0.012557077625570776 0.1811263318112633
16 0.8430365296803652 0.21385083713850836 0.010273972602739725 0.1476407914764079
16 0.4988584474885845 0.16057838660578386 0.01598173515981735 0.3181126331811263
3 0.71175799086758 0.3105022831050228 0.384703196347032 0.0365296803652968
10 0.5525114155251142 0.2686453576864536 0.02511415525114155 0.0228310502283105
16 0.9897260273972602 0.2207001522070015 0.01141552511415525 0.060882800608828
