3 0.502283105022831 0.758751902587519 0.9954337899543378 0.4824961948249619
10 0.632420091324201 0.5 0.2191780821917808 0.1141552511415525
10 0.3550228310502283 0.5289193302891934 0.2831050228310502 0.1202435312024353
9 0.83162100456621 0.4733637747336377 0.17465753424657535 0.1035007610350076
10 0.4549086757990868 0.4855403348554033 0.09474885844748858 0.045662100456621
10 0.14440639269406394 0.4954337899543379 0.028538812785388126 0.0228310502283105
9 0.10102739726027397 0.487062404870624 0.04452054794520548 0.0426179604261796
1 0.1872146118721461 0.4094368340943683 0.0091324200913242 0.0273972602739726
1 0.6364155251141552 0.3949771689497717 0.012557077625570776 0.0319634703196347
14 0.4914383561643836 0.5045662100456622 0.005707762557077625 0.0319634703196347
10 0.9503424657534246 0.4771689497716895 0.06050228310502283 0.0350076103500761
16 0.6461187214611872 0.3645357686453577 0.0091324200913242 0.1750380517503805
16 0.2134703196347032 0.4512937595129376 0.00684931506849315 0.1202435312024353
16 0.6244292237442922 0.3797564687975647 0.01141552511415525 0.1324200913242009
16 0.09817351598173515 0.3698630136986301 0.0091324200913242 0.121765601217656
16 0.5256849315068494 0.4421613394216134 0.007990867579908675 0.1050228310502283
16 0.6866438356164384 0.3249619482496195 0.012557077625570776 0.2815829528158295
0 0.011986301369863013 0.4901065449010654 0.007990867579908675 0.0395738203957382
14 0.4554794520547945 0.4984779299847793 0.00684931506849315 0.0228310502283105
16 0.6558219178082192 0.3493150684931507 0.010273972602739725 0.1933028919330289
10 0.2243150684931507 0.4916286149162861 0.019406392694063926 0.015220700152207
14 0.5051369863013698 0.4992389649923896 0.005707762557077625 0.0243531202435312
16 0.12614155251141554 0.3858447488584475 0.005707762557077625 0.0989345509893455
16 0.5388127853881278 0.3835616438356164 0.00684931506849315 0.121765601217656
14 0.4486301369863014 0.4984779299847793 0.00684931506849315 0.0228310502283105
14 0.19863013698630136 0.5030441400304414 0.00684931506849315 0.0258751902587519
14 0.2054794520547945 0.502283105022831 0.0045662100456621 0.0243531202435312
1 0.2071917808219178 0.4101978691019787 0.010273972602739725 0.0289193302891933
