10 0.20833333333333334 0.2113970588235294 0.11470588235294117 0.05367647058823529
4 0.3122549019607843 0.6356617647058823 0.5617647058823529 0.46691176470588236
11 0.6544117647058824 0.20919117647058824 0.10686274509803921 0.05367647058823529
16 0.29754901960784313 0.22242647058823528 0.16568627450980392 0.44338235294117645
4 0.4245098039215686 0.8297794117647059 0.5274509803921569 0.34044117647058825
17 0.5088235294117647 0.26948529411764705 0.10784313725490197 0.05514705882352941
4 0.6661764705882353 0.33897058823529413 0.16372549019607843 0.21323529411764705
6 0.7254901960784313 0.1922794117647059 0.03137254901960784 0.07279411764705883
0 0.6245098039215686 0.18419117647058825 0.025490196078431372 0.12573529411764706
3 0.2740196078431373 0.33345588235294116 0.26372549019607844 0.1036764705882353
10 0.5490196078431373 0.1786764705882353 0.03529411764705882 0.020588235294117647
14 0.2088235294117647 0.25073529411764706 0.029411764705882353 0.07205882352941176
0 0.5058823529411764 0.2349264705882353 0.047058823529411764 0.17279411764705882
0 0.9348039215686275 0.37463235294117647 0.1264705882352941 0.17573529411764705
10 0.42549019607843136 0.1875 0.06274509803921569 0.033823529411764704
6 0.3509803921568627 0.22573529411764706 0.041176470588235294 0.08235294117647059
6 0.5852941176470589 0.18051470588235294 0.01568627450980392 0.021323529411764706
16 0.2068627450980392 0.13970588235294118 0.021568627450980392 0.08235294117647059
0 0.6524509803921569 0.17904411764705883 0.016666666666666666 0.04632352941176471
16 0.7813725490196078 0.15514705882352942 0.013725490196078431 0.061764705882352944
11 0.3514705882352941 0.25441176470588234 0.03235294117647059 0.0661764705882353
6 0.6039215686274509 0.18125 0.01568627450980392 0.019852941176470587
6 0.48823529411764705 0.22977941176470587 0.03333333333333333 0.15220588235294116
11 0.5852941176470589 0.18933823529411764 0.01568627450980392 0.016911764705882352
6 0.7441176470588236 0.1724264705882353 0.013725490196078431 0.02426470588235294
4 0.5524509803921569 0.3709558823529412 0.3715686274509804 0.027205882352941177
16 0.9137254901960784 0.20551470588235293 0.12156862745098039 0.40955882352941175
