3 0.4600456621004566 0.680365296803653 0.9178082191780822 0.6362252663622526
10 0.45662100456621 0.3333333333333333 0.2694063926940639 0.1126331811263318
16 0.7876712328767124 0.1735159817351598 0.0319634703196347 0.3439878234398782
10 0.980593607305936 0.2884322678843227 0.03881278538812785 0.0350076103500761
16 0.968607305936073 0.15449010654490106 0.033105022831050226 0.2968036529680365
16 0.16210045662100456 0.1689497716894977 0.0228310502283105 0.334855403348554
14 0.6672374429223744 0.3371385083713851 0.007990867579908675 0.0441400304414003
0 0.5422374429223744 0.2252663622526636 0.0136986301369863 0.1278538812785388
14 0.6124429223744292 0.3386605783866058 0.010273972602739725 0.0471841704718417
0 0.8281963470319634 0.2770167427701674 0.017123287671232876 0.1004566210045662
0 0.24600456621004566 0.2617960426179604 0.014840182648401826 0.1308980213089802
14 0.7340182648401826 0.3219178082191781 0.0091324200913242 0.0502283105022831
0 0.8441780821917808 0.2519025875190259 0.012557077625570776 0.0867579908675799
16 0.3230593607305936 0.30441400304414 0.0091324200913242 0.0700152207001522
10 0.848744292237443 0.2785388127853881 0.021689497716894976 0.0213089802130898
0 0.877283105022831 0.2557077625570776 0.012557077625570776 0.0730593607305936
14 0.339041095890411 0.3120243531202435 0.0091324200913242 0.0213089802130898
0 0.9115296803652968 0.256468797564688 0.017123287671232876 0.0776255707762557
6 0.7328767123287672 0.302130898021309 0.02511415525114155 0.0654490106544901
