3 0.5005707762557078 0.6735159817351598 0.9988584474885844 0.6529680365296804
10 0.1660958904109589 0.2960426179604262 0.06506849315068493 0.0532724505327245
10 0.2271689497716895 0.2968036529680365 0.04794520547945205 0.0365296803652968
10 0.08504566210045662 0.2998477929984779 0.07420091324200913 0.045662100456621
0 0.8670091324200914 0.2792998477929985 0.023972602739726026 0.1385083713850837
7 0.7414383561643836 0.3409436834094368 0.06506849315068493 0.0487062404870624
16 0.809931506849315 0.2070015220700152 0.021689497716894976 0.3013698630136986
2 0.03538812785388128 0.1400304414003044 0.02054794520547945 0.0487062404870624
2 0.3310502283105023 0.1324200913242009 0.02054794520547945 0.0547945205479452
16 0.6375570776255708 0.2610350076103501 0.017123287671232876 0.1719939117199391
16 0.3944063926940639 0.228310502283105 0.012557077625570776 0.1948249619482496
0 0.7168949771689498 0.2633181126331811 0.01598173515981735 0.0730593607305936
0 0.04509132420091324 0.273972602739726 0.014840182648401826 0.0669710806697108
6 0.7471461187214612 0.3143074581430746 0.030821917808219176 0.0684931506849315
0 0.5804794520547946 0.2732115677321157 0.014840182648401826 0.1232876712328767
6 0.5308219178082192 0.3219178082191781 0.0182648401826484 0.0593607305936073
1 0.4851598173515982 0.2207001522070015 0.0136986301369863 0.0334855403348554
16 0.5302511415525114 0.23211567732115676 0.010273972602739725 0.1324200913242009
0 0.3732876712328767 0.2777777777777778 0.01141552511415525 0.0776255707762557
16 0.4840182648401826 0.2754946727549467 0.00684931506849315 0.076103500761035
3 0.21860730593607305 0.3371385083713851 0.4349315068493151 0.0380517503805175
0 0.8430365296803652 0.258751902587519 0.019406392694063926 0.0821917808219178
16 0.11700913242009132 0.2267884322678843 0.012557077625570776 0.1278538812785388
