6 0.6649543378995434 0.6293759512937596 0.1997716894977169 0.7351598173515982
10 0.039383561643835614 0.3508371385083714 0.07648401826484018 0.0593607305936073
3 0.6535388127853882 0.7229832572298326 0.6929223744292238 0.5418569254185692
11 0.8527397260273972 0.4490106544901065 0.1278538812785388 0.1339421613394216
16 0.464041095890411 0.2207001522070015 0.03995433789954338 0.4353120243531202
10 0.1267123287671233 0.3470319634703196 0.05251141552511415 0.0395738203957382
2 0.19121004566210045 0.0852359208523592 0.03538812785388128 0.1004566210045662
6 0.7614155251141552 0.4003044140030441 0.0410958904109589 0.1430745814307458
10 0.18949771689497716 0.3424657534246575 0.0365296803652968 0.030441400304414
10 0.2328767123287671 0.3447488584474886 0.03881278538812785 0.0441400304414003
6 0.4069634703196347 0.3972602739726027 0.05821917808219178 0.167427701674277
1 0.146689497716895 0.0821917808219178 0.03538812785388128 0.0974124809741248
0 0.7945205479452054 0.2503805175038052 0.0365296803652968 0.4094368340943683
2 0.3110730593607306 0.23515981735159816 0.021689497716894976 0.0532724505327245
5 0.2722602739726027 0.1735159817351598 0.030821917808219176 0.0487062404870624
3 0.1541095890410959 0.4375951293759513 0.3059360730593607 0.0532724505327245
6 0.946917808219178 0.3911719939117199 0.03767123287671233 0.1491628614916286
16 0.9372146118721462 0.2070015220700152 0.02968036529680365 0.3226788432267884
7 0.3984018264840183 0.4322678843226788 0.1278538812785388 0.1035007610350076
5 0.2756849315068493 0.2450532724505327 0.033105022831050226 0.045662100456621
16 0.8613013698630136 0.3097412480974125 0.017123287671232876 0.1415525114155251
6 0.7094748858447488 0.3432267884322679 0.03538812785388128 0.0745814307458143
16 0.295662100456621 0.21080669710806696 0.03424657534246575 0.4185692541856925
6 0.8704337899543378 0.4292237442922374 0.05821917808219178 0.1735159817351598
16 0.2831050228310502 0.3455098934550989 0.0136986301369863 0.1552511415525114
11 0.9748858447488584 0.4512937595129376 0.0502283105022831 0.1141552511415525
10 0.2694063926940639 0.3554033485540335 0.0365296803652968 0.0410958904109589
6 0.9001141552511416 0.3576864535768645 0.026255707762557076 0.0700152207001522
6 0.3721461187214612 0.3455098934550989 0.01598173515981735 0.0517503805175038
7 0.3224885844748858 0.3881278538812785 0.06963470319634703 0.0547945205479452
16 0.2990867579908676 0.3051750380517504 0.0182648401826484 0.2389649923896499
16 0.2682648401826484 0.3417047184170472 0.01141552511415525 0.1111111111111111
6 0.3841324200913242 0.3493150684931507 0.017123287671232876 0.0532724505327245
4 0.531392694063927 0.4482496194824962 0.08105022831050228 0.0350076103500761
16 0.6518264840182648 0.18036529680365296 0.02054794520547945 0.1933028919330289
16 0.8915525114155252 0.15753424657534246 0.0273972602739726 0.2815829528158295
