3 0.5051369863013698 0.682648401826484 0.9897260273972602 0.634703196347032
6 0.9041095890410958 0.5928462709284628 0.1917808219178082 0.8082191780821918
0 0.7340182648401826 0.2876712328767123 0.02511415525114155 0.1339421613394216
6 0.08276255707762557 0.6461187214611872 0.1632420091324201 0.7077625570776256
2 0.502283105022831 0.1963470319634703 0.02054794520547945 0.0639269406392694
1 0.4965753424657534 0.24581430745814306 0.01141552511415525 0.0319634703196347
0 0.08447488584474885 0.2922374429223744 0.0136986301369863 0.1095890410958904
0 0.8344748858447488 0.2503805175038052 0.02968036529680365 0.1902587519025875
16 0.5085616438356164 0.2876712328767123 0.010273972602739725 0.121765601217656
16 0.6421232876712328 0.17427701674277016 0.017123287671232876 0.3424657534246575
0 0.6289954337899544 0.2831050228310502 0.01598173515981735 0.1278538812785388
5 0.4315068493150685 0.2572298325722983 0.0136986301369863 0.015220700152207
11 0.4218036529680365 0.3143074581430746 0.019406392694063926 0.0380517503805175
6 0.3938356164383562 0.2990867579908676 0.01598173515981735 0.0350076103500761
6 0.4355022831050228 0.3059360730593607 0.017123287671232876 0.0487062404870624
6 0.4554794520547945 0.3051750380517504 0.01141552511415525 0.0502283105022831
11 0.3932648401826484 0.3158295281582953 0.019406392694063926 0.0319634703196347
