3 0.6118721461187214 0.7100456621004566 0.776255707762557 0.5768645357686454
1 0.8841324200913242 0.1202435312024353 0.04680365296803653 0.1308980213089802
10 0.030251141552511414 0.3249619482496195 0.05821917808219178 0.0867579908675799
2 0.509703196347032 0.22754946727549466 0.023972602739726026 0.0593607305936073
6 0.3761415525114155 0.3614916286149163 0.04452054794520548 0.1506849315068493
6 0.4098173515981735 0.3394216133942161 0.0319634703196347 0.1004566210045662
6 0.8493150684931506 0.4071537290715373 0.07534246575342465 0.1963470319634703
19 0.6718036529680366 0.3866057838660578 0.021689497716894976 0.076103500761035
2 0.1660958904109589 0.14840182648401826 0.026255707762557076 0.0715372907153729
5 0.16666666666666666 0.2541856925418569 0.0273972602739726 0.0365296803652968
16 0.922945205479452 0.1963470319634703 0.04452054794520548 0.3592085235920852
11 0.922945205479452 0.4216133942161339 0.08561643835616438 0.0791476407914764
16 0.4452054794520548 0.2024353120243531 0.02511415525114155 0.4018264840182648
11 0.3213470319634703 0.365296803652968 0.05365296803652968 0.0730593607305936
6 0.9223744292237442 0.3980213089802131 0.04337899543378995 0.1324200913242009
16 0.1695205479452055 0.3089802130898021 0.010273972602739725 0.0791476407914764
6 0.10559360730593607 0.30441400304414 0.014840182648401826 0.0517503805175038
1 0.8698630136986302 0.23059360730593606 0.02511415525114155 0.0593607305936073
5 0.1678082191780822 0.2009132420091324 0.0273972602739726 0.0334855403348554
0 0.09189497716894977 0.2770167427701674 0.017123287671232876 0.1004566210045662
6 0.3453196347031963 0.3295281582952816 0.021689497716894976 0.0745814307458143
3 0.16381278538812785 0.3964992389649924 0.3253424657534247 0.0532724505327245
6 0.3247716894977169 0.3394216133942161 0.028538812785388126 0.1004566210045662
16 0.4960045662100457 0.2914764079147641 0.014840182648401826 0.2359208523592085
6 0.2922374429223744 0.3059360730593607 0.0273972602739726 0.0487062404870624
16 0.8881278538812786 0.2853881278538813 0.02511415525114155 0.1963470319634703
6 0.14897260273972604 0.3105022831050228 0.014840182648401826 0.060882800608828
16 0.22602739726027396 0.2990867579908676 0.01141552511415525 0.1324200913242009
7 0.2893835616438356 0.3515981735159817 0.03538812785388128 0.0547945205479452
7 0.988013698630137 0.4406392694063927 0.023972602739726026 0.0989345509893455
16 0.1158675799086758 0.2732115677321157 0.010273972602739725 0.1171993911719939
16 0.9115296803652968 0.2907153729071537 0.026255707762557076 0.1613394216133942
6 0.4275114155251142 0.3287671232876712 0.019406392694063926 0.0974124809741248
9 0.02968036529680365 0.2770167427701674 0.05707762557077625 0.091324200913242
4 0.5393835616438356 0.4101978691019787 0.07191780821917808 0.0350076103500761
0 0.1324200913242009 0.2640791476407915 0.0228310502283105 0.1171993911719939
6 0.2328767123287671 0.2952815829528158 0.0182648401826484 0.0426179604261796
6 0.2528538812785388 0.2975646879756469 0.021689497716894976 0.0380517503805175
