3 0.4980392156862745 0.6661764705882353 0.9901960784313726 0.6617647058823529
6 0.4892156862745098 0.2952205882352941 0.03725490196078431 0.08602941176470588
6 0.792156862745098 0.2977941176470588 0.047058823529411764 0.06470588235294118
1 0.1784313725490196 0.12683823529411764 0.029411764705882353 0.04779411764705882
10 0.19215686274509805 0.2691176470588235 0.045098039215686274 0.022058823529411766
5 0.0696078431372549 0.13198529411764706 0.029411764705882353 0.02426470588235294
11 0.14901960784313725 0.2959558823529412 0.03529411764705882 0.03308823529411765
1 0.02107843137254902 0.1297794117647059 0.03235294117647059 0.04779411764705882
5 0.09950980392156862 0.13198529411764706 0.028431372549019607 0.02426470588235294
11 0.23186274509803922 0.29044117647058826 0.022549019607843137 0.023529411764705882
6 0.611764705882353 0.275 0.029411764705882353 0.060294117647058824
0 0.7441176470588236 0.24669117647058825 0.029411764705882353 0.12720588235294117
2 0.5397058823529411 0.19852941176470587 0.024509803921568627 0.03676470588235294
6 0.7083333333333334 0.29154411764705884 0.05196078431372549 0.05220588235294118
2 0.12745098039215685 0.12941176470588237 0.03137254901960784 0.047058823529411764
16 0.5995098039215686 0.1698529411764706 0.03235294117647059 0.32941176470588235
6 0.14705882352941177 0.2783088235294118 0.03333333333333333 0.04485294117647059
9 0.10196078431372549 0.2625 0.06862745098039216 0.04264705882352941
7 0.3627450980392157 0.2952205882352941 0.07058823529411765 0.03897058823529412
16 0.3352941176470588 0.22389705882352942 0.01764705882352941 0.09485294117647058
6 0.23137254901960785 0.27536764705882355 0.025490196078431372 0.03161764705882353
16 0.8245098039215686 0.2661764705882353 0.027450980392156862 0.11470588235294117
6 0.6514705882352941 0.2746323529411765 0.030392156862745098 0.0625
6 0.40294117647058825 0.2650735294117647 0.011764705882352941 0.02426470588235294
3 0.14166666666666666 0.29191176470588237 0.28137254901960784 0.016176470588235296
6 0.2838235294117647 0.27095588235294116 0.016666666666666666 0.022794117647058822
0 0.42549019607843136 0.26176470588235295 0.01568627450980392 0.05588235294117647
11 0.28480392156862744 0.28125 0.014705882352941176 0.019852941176470587
11 0.2529411764705882 0.27794117647058825 0.01764705882352941 0.01764705882352941
17 0.7362745098039216 0.3161764705882353 0.041176470588235294 0.027941176470588237
6 0.3897058823529412 0.2636029411764706 0.008823529411764706 0.019852941176470587
10 0.09950980392156862 0.2783088235294118 0.05196078431372549 0.021323529411764706
6 0.6357843137254902 0.2727941176470588 0.020588235294117647 0.05588235294117647
10 0.16323529411764706 0.2639705882352941 0.022549019607843137 0.011764705882352941
10 0.25882352941176473 0.2610294117647059 0.0196078431372549 0.014705882352941176
