3 0.6421232876712328 0.6910197869101978 0.7157534246575342 0.6179604261796042
10 0.735730593607306 0.2922374429223744 0.06278538812785388 0.0426179604261796
10 0.8070776255707762 0.3006088280060883 0.0684931506849315 0.0380517503805175
0 0.01997716894977169 0.2541856925418569 0.03767123287671233 0.2648401826484018
1 0.3344748858447489 0.1856925418569254 0.02054794520547945 0.0578386605783866
16 0.9457762557077626 0.2359208523592085 0.021689497716894976 0.1613394216133942
16 0.589041095890411 0.17732115677321156 0.01598173515981735 0.3455098934550989
16 0.3224885844748858 0.24429223744292236 0.023972602739726026 0.2633181126331811
2 0.8692922374429224 0.1324200913242009 0.019406392694063926 0.0487062404870624
0 0.410958904109589 0.2579908675799087 0.0228310502283105 0.1750380517503805
2 0.8961187214611872 0.13470319634703196 0.0182648401826484 0.0471841704718417
0 0.553082191780822 0.2648401826484018 0.017123287671232876 0.1095890410958904
0 0.5176940639269406 0.2656012176560122 0.019406392694063926 0.1354642313546423
16 0.4469178082191781 0.2549467275494673 0.019406392694063926 0.1719939117199391
12 0.4885844748858447 0.3295281582952816 0.0136986301369863 0.0350076103500761
1 0.9497716894977168 0.2420091324200913 0.01141552511415525 0.0243531202435312
3 0.829337899543379 0.332572298325723 0.341324200913242 0.0319634703196347
16 0.644406392694064 0.2785388127853881 0.010273972602739725 0.1004566210045662
12 0.4754566210045662 0.3295281582952816 0.012557077625570776 0.0289193302891933
7 0.531392694063927 0.3188736681887367 0.028538812785388126 0.0441400304414003
16 0.6061643835616438 0.2754946727549467 0.0091324200913242 0.1035007610350076
10 0.6147260273972602 0.286910197869102 0.04908675799086758 0.0350076103500761
