3 0.5005707762557078 0.6872146118721462 0.9988584474885844 0.6255707762557078
16 0.4691780821917808 0.18340943683409436 0.0639269406392694 0.3637747336377473
13 0.7785388127853882 0.2907153729071537 0.07077625570776255 0.0974124809741248
6 0.625 0.2503805175038052 0.04223744292237443 0.1506849315068493
16 0.8059360730593608 0.1263318112633181 0.02511415525114155 0.2496194824961948
2 0.9514840182648402 0.0547945205479452 0.03538812785388128 0.0974124809741248
2 0.5850456621004566 0.0974124809741248 0.030821917808219176 0.0791476407914764
6 0.6877853881278538 0.2534246575342466 0.03995433789954338 0.1202435312024353
16 0.6027397260273972 0.19101978691019786 0.02054794520547945 0.3181126331811263
6 0.9366438356164384 0.2602739726027397 0.03767123287671233 0.1095890410958904
16 0.8938356164383562 0.1933028919330289 0.02511415525114155 0.1917808219178082
16 0.8498858447488584 0.18493150684931506 0.019406392694063926 0.1628614916286149
6 0.958904109589041 0.22907153729071536 0.02511415525114155 0.0958904109589041
16 0.932648401826484 0.17123287671232876 0.0228310502283105 0.1202435312024353
6 0.7848173515981736 0.2085235920852359 0.033105022831050226 0.0730593607305936
3 0.9765981735159818 0.3105022831050228 0.04452054794520548 0.0578386605783866
10 0.9920091324200914 0.21993911719939116 0.01598173515981735 0.0593607305936073
0 0.8321917808219178 0.1948249619482496 0.0182648401826484 0.1339421613394216
10 0.886986301369863 0.2146118721461187 0.05707762557077625 0.0395738203957382
0 0.9914383561643836 0.1689497716894977 0.014840182648401826 0.076103500761035
