10 0.7191780821917808 0.4170471841704718 0.3264840182648402 0.1856925418569254
3 0.5513698630136986 0.845509893455099 0.8949771689497716 0.3089802130898021
3 0.5234018264840182 0.6080669710806698 0.9531963470319634 0.3333333333333333
10 0.964041095890411 0.3576864535768645 0.03995433789954338 0.0334855403348554
10 0.8938356164383562 0.3561643835616438 0.0228310502283105 0.0243531202435312
1 0.9075342465753424 0.17884322678843226 0.02511415525114155 0.0654490106544901
6 0.03824200913242009 0.3888888888888889 0.019406392694063926 0.0532724505327245
16 0.33162100456621 0.3713850837138508 0.010273972602739725 0.1095890410958904
0 0.541095890410959 0.3546423135464231 0.0182648401826484 0.1278538812785388
0 0.1050228310502283 0.3561643835616438 0.0182648401826484 0.1308980213089802
5 0.3904109589041096 0.2785388127853881 0.02054794520547945 0.0365296803652968
0 0.2522831050228311 0.3447488584474886 0.0182648401826484 0.1537290715372907
1 0.6797945205479452 0.2876712328767123 0.014840182648401826 0.0334855403348554
16 0.8144977168949772 0.3105022831050228 0.012557077625570776 0.1613394216133942
2 0.3481735159817352 0.14992389649923896 0.0228310502283105 0.0776255707762557
3 0.9337899543378996 0.4094368340943683 0.1324200913242009 0.0273972602739726
16 0.8687214611872146 0.332572298325723 0.01141552511415525 0.1050228310502283
10 0.9920091324200914 0.3622526636225266 0.01598173515981735 0.0395738203957382
16 0.3875570776255708 0.2968036529680365 0.014840182648401826 0.2557077625570776
0 0.7077625570776256 0.2960426179604262 0.0182648401826484 0.0624048706240487
16 0.4788812785388128 0.3158295281582953 0.014840182648401826 0.2115677321156773
0 0.8453196347031964 0.3356164383561644 0.014840182648401826 0.1171993911719939
6 0.7968036529680366 0.3607305936073059 0.01598173515981735 0.0334855403348554
16 0.682648401826484 0.3234398782343988 0.0091324200913242 0.0410958904109589
