3 0.3721461187214612 0.7663622526636226 0.7420091324200914 0.4672754946727549
6 0.7756849315068494 0.5114155251141552 0.03538812785388128 0.1126331811263318
16 0.6843607305936074 0.319634703196347 0.019406392694063926 0.395738203957382
0 0.06735159817351598 0.4573820395738204 0.0228310502283105 0.1293759512937595
0 0.4457762557077626 0.4657534246575342 0.021689497716894976 0.121765601217656
2 0.569634703196347 0.4003044140030441 0.0136986301369863 0.0334855403348554
14 0.5901826484018264 0.5060882800608828 0.00684931506849315 0.0350076103500761
14 0.2557077625570776 0.5053272450532724 0.0091324200913242 0.045662100456621
0 0.2562785388127854 0.441400304414003 0.014840182648401826 0.0974124809741248
14 0.4149543378995434 0.5068493150684932 0.007990867579908675 0.0365296803652968
14 0.523972602739726 0.512937595129376 0.00684931506849315 0.0365296803652968
16 0.5627853881278538 0.410958904109589 0.0136986301369863 0.2313546423135464
6 0.7077625570776256 0.4786910197869102 0.01598173515981735 0.0624048706240487
14 0.4868721461187215 0.5098934550989346 0.007990867579908675 0.0426179604261796
16 0.1797945205479452 0.3660578386605784 0.014840182648401826 0.2815829528158295
16 0.9697488584474886 0.4033485540334855 0.007990867579908675 0.091324200913242
16 0.7768264840182648 0.3721461187214612 0.010273972602739725 0.1567732115677321
16 0.9269406392694064 0.3706240487062405 0.0091324200913242 0.1567732115677321
16 0.5776255707762558 0.4459665144596651 0.00684931506849315 0.15220700152207
16 0.3698630136986301 0.4756468797564688 0.00684931506849315 0.0806697108066971
16 0.9897260273972602 0.4292237442922374 0.01141552511415525 0.182648401826484
16 0.9834474885844748 0.1324200913242009 0.010273972602739725 0.1582952815829528
