18 0.28284313725490196 0.27058823529411763 0.21862745098039216 0.22058823529411764
11 0.7259803921568627 0.27647058823529413 0.20490196078431372 0.11470588235294117
10 0.9230392156862746 0.1922794117647059 0.13823529411764707 0.05808823529411765
10 0.16127450980392158 0.20404411764705882 0.04019607843137255 0.03161764705882353
10 0.5691176470588235 0.17941176470588235 0.061764705882352944 0.029411764705882353
0 0.6200980392156863 0.13161764705882353 0.05784313725490196 0.25588235294117645
10 0.5029411764705882 0.1849264705882353 0.058823529411764705 0.028676470588235293
4 0.6088235294117647 0.6441176470588236 0.43137254901960786 0.7073529411764706
11 0.8455882352941176 0.2426470588235294 0.09509803921568627 0.08676470588235294
0 0.9436274509803921 0.2088235294117647 0.10686274509803921 0.41323529411764703
6 0.8504901960784313 0.21801470588235294 0.06372549019607843 0.09485294117647058
11 0.5171568627450981 0.24926470588235294 0.10490196078431373 0.07794117647058824
0 0.403921568627451 0.19154411764705884 0.027450980392156862 0.10514705882352941
0 0.8691176470588236 0.15073529411764705 0.016666666666666666 0.05588235294117647
10 0.4514705882352941 0.1900735294117647 0.05784313725490196 0.030147058823529412
0 0.7941176470588235 0.15441176470588236 0.013725490196078431 0.045588235294117645
0 0.3627450980392157 0.1860294117647059 0.043137254901960784 0.10882352941176471
0 0.029411764705882353 0.14669117647058824 0.056862745098039215 0.24485294117647058
0 0.46078431372549017 0.19117647058823528 0.029411764705882353 0.10882352941176471
0 0.8852941176470588 0.14705882352941177 0.01764705882352941 0.05588235294117647
10 0.6318627450980392 0.1801470588235294 0.03235294117647059 0.023529411764705882
6 0.7392156862745098 0.17169117647058824 0.01568627450980392 0.028676470588235293
6 0.7686274509803922 0.16727941176470587 0.013725490196078431 0.027205882352941177
16 0.44166666666666665 0.18860294117647058 0.022549019607843137 0.13308823529411765
6 0.7598039215686274 0.16544117647058823 0.013725490196078431 0.020588235294117647
6 0.6568627450980392 0.1724264705882353 0.011764705882352941 0.019852941176470587
0 0.8058823529411765 0.15404411764705883 0.011764705882352941 0.03897058823529412
0 0.7813725490196078 0.15183823529411763 0.011764705882352941 0.04191176470588235
16 0.425 0.19963235294117648 0.014705882352941176 0.09338235294117647
13 0.5308823529411765 0.22426470588235295 0.05196078431372549 0.03235294117647059
11 0.546078431372549 0.2540441176470588 0.11372549019607843 0.0875
11 0.6470588235294118 0.2672794117647059 0.16862745098039217 0.10514705882352941
6 0.8970588235294118 0.15735294117647058 0.013725490196078431 0.023529411764705882
