10 0.6484018264840182 0.624048706240487 0.5159817351598174 0.273972602739726
3 0.5011415525114156 0.7663622526636226 0.9908675799086758 0.3759512937595129
10 0.9041095890410958 0.5730593607305936 0.1643835616438356 0.1050228310502283
11 0.10273972602739725 0.789193302891933 0.20319634703196346 0.3546423135464231
11 0.053082191780821915 0.545662100456621 0.04680365296803653 0.0471841704718417
6 0.032534246575342464 0.7222222222222222 0.06278538812785388 0.3333333333333333
6 0.0502283105022831 0.5228310502283106 0.0228310502283105 0.0654490106544901
1 0.11244292237442922 0.4170471841704718 0.014840182648401826 0.0426179604261796
1 0.5285388127853882 0.4292237442922374 0.01598173515981735 0.0334855403348554
10 0.03139269406392694 0.5007610350076104 0.06050228310502283 0.0395738203957382
16 0.3202054794520548 0.4353120243531202 0.014840182648401826 0.228310502283105
16 0.5211187214611872 0.4033485540334855 0.012557077625570776 0.182648401826484
0 0.182648401826484 0.4619482496194825 0.01141552511415525 0.0867579908675799
16 0.2876712328767123 0.4817351598173516 0.0091324200913242 0.1263318112633181
1 0.1004566210045662 0.4178082191780822 0.01141552511415525 0.0441400304414003
3 0.16210045662100456 0.5532724505327246 0.2146118721461187 0.0258751902587519
16 0.2437214611872146 0.3546423135464231 0.014840182648401826 0.3165905631659056
10 0.9457762557077626 0.5837138508371386 0.10844748858447488 0.1537290715372907
10 0.1324200913242009 0.4939117199391172 0.05251141552511415 0.0258751902587519
