3 0.5017123287671232 0.7815829528158296 0.9965753424657534 0.4337899543378995
10 0.4960045662100457 0.5243531202435312 0.3184931506849315 0.1841704718417047
10 0.7905251141552512 0.4832572298325723 0.08561643835616438 0.0410958904109589
2 0.4292237442922374 0.3797564687975647 0.0182648401826484 0.0471841704718417
10 0.9800228310502284 0.487062404870624 0.03995433789954338 0.0334855403348554
0 0.2802511415525114 0.4178082191780822 0.04223744292237443 0.2663622526636225
10 0.877283105022831 0.4893455098934551 0.08105022831050228 0.0563165905631659
16 0.4143835616438356 0.3455098934550989 0.01598173515981735 0.3013698630136986
0 0.7248858447488584 0.4733637747336377 0.0182648401826484 0.15220700152207
10 0.13812785388127855 0.4764079147640791 0.1552511415525114 0.0669710806697108
7 0.21575342465753425 0.5182648401826484 0.07534246575342465 0.0654490106544901
13 0.894406392694064 0.5205479452054794 0.03538812785388128 0.045662100456621
10 0.3339041095890411 0.4840182648401826 0.1632420091324201 0.0578386605783866
0 0.9560502283105022 0.4581430745814307 0.017123287671232876 0.1643835616438356
6 0.079337899543379 0.4923896499238965 0.030821917808219176 0.0958904109589041
16 0.9257990867579908 0.3942161339421613 0.0136986301369863 0.2009132420091324
7 0.06906392694063927 0.515220700152207 0.04452054794520548 0.0624048706240487
7 0.9246575342465754 0.5182648401826484 0.02511415525114155 0.0410958904109589
16 0.1997716894977169 0.4642313546423135 0.0136986301369863 0.1461187214611872
10 0.6786529680365296 0.4649923896499239 0.05365296803652968 0.0410958904109589
10 0.8287671232876712 0.4908675799086758 0.05707762557077625 0.0441400304414003
6 0.66837899543379 0.4878234398782344 0.019406392694063926 0.0532724505327245
10 0.9571917808219178 0.4779299847792998 0.03767123287671233 0.030441400304414
11 0.043949771689497714 0.4817351598173516 0.026255707762557076 0.0410958904109589
6 0.6815068493150684 0.484779299847793 0.01598173515981735 0.0563165905631659
