3 0.5005707762557078 0.6719939117199392 0.9988584474885844 0.6560121765601218
10 0.9115296803652968 0.2549467275494673 0.17465753424657535 0.0745814307458143
0 0.04223744292237443 0.2146118721461187 0.02511415525114155 0.1856925418569254
0 0.136986301369863 0.2420091324200913 0.0182648401826484 0.106544901065449
0 0.4035388127853881 0.2359208523592085 0.014840182648401826 0.106544901065449
16 0.5393835616438356 0.1506849315068493 0.019406392694063926 0.2952815829528158
6 0.8093607305936074 0.2549467275494673 0.0182648401826484 0.0593607305936073
0 0.2831050228310502 0.23820395738203956 0.0136986301369863 0.1050228310502283
1 0.53824200913242 0.136986301369863 0.019406392694063926 0.045662100456621
14 0.6735159817351598 0.2762557077625571 0.0091324200913242 0.0471841704718417
0 0.8567351598173516 0.20776255707762556 0.012557077625570776 0.0715372907153729
0 0.521689497716895 0.2267884322678843 0.0136986301369863 0.1248097412480974
14 0.6158675799086758 0.2617960426179604 0.012557077625570776 0.0700152207001522
0 0.9195205479452054 0.1902587519025875 0.012557077625570776 0.0578386605783866
0 0.5981735159817352 0.2237442922374429 0.0136986301369863 0.1004566210045662
14 0.5627853881278538 0.2907153729071537 0.0091324200913242 0.0517503805175038
16 0.6501141552511416 0.15144596651445966 0.017123287671232876 0.2998477929984779
14 0.5199771689497716 0.2823439878234399 0.007990867579908675 0.0380517503805175
6 0.8242009132420092 0.24277016742770166 0.0136986301369863 0.0502283105022831
12 0.5393835616438356 0.3318112633181126 0.014840182648401826 0.0334855403348554
14 0.3036529680365297 0.2785388127853881 0.00684931506849315 0.0243531202435312
1 0.4200913242009132 0.20471841704718416 0.01141552511415525 0.0228310502283105
3 0.4315068493150685 0.3051750380517504 0.1141552511415525 0.0258751902587519
16 0.8042237442922374 0.18645357686453576 0.010273972602739725 0.1019786910197869
14 0.3784246575342466 0.2800608828006088 0.005707762557077625 0.0243531202435312
