3 0.5005707762557078 0.6735159817351598 0.9988584474885844 0.6529680365296804
10 0.07248858447488585 0.332572298325723 0.14269406392694065 0.1324200913242009
7 0.7231735159817352 0.317351598173516 0.04223744292237443 0.0410958904109589
16 0.2271689497716895 0.1780821917808219 0.02054794520547945 0.2709284627092846
10 0.048515981735159815 0.4041095890410959 0.09474885844748858 0.1780821917808219
0 0.2865296803652968 0.273972602739726 0.02054794520547945 0.121765601217656
16 0.8070776255707762 0.2678843226788432 0.0182648401826484 0.136986301369863
13 0.363013698630137 0.3143074581430746 0.0319634703196347 0.0380517503805175
0 0.03367579908675799 0.2450532724505327 0.028538812785388126 0.1004566210045662
14 0.18664383561643835 0.3455098934550989 0.010273972602739725 0.0700152207001522
0 0.7551369863013698 0.2792998477929985 0.014840182648401826 0.1111111111111111
2 0.4240867579908676 0.2100456621004566 0.014840182648401826 0.0365296803652968
16 0.9075342465753424 0.1750380517503805 0.01598173515981735 0.136986301369863
16 0.4160958904109589 0.258751902587519 0.007990867579908675 0.15220700152207
7 0.7734018264840182 0.3188736681887367 0.03538812785388128 0.0380517503805175
0 0.589041095890411 0.2678843226788432 0.01598173515981735 0.1248097412480974
16 0.9920091324200914 0.271689497716895 0.0136986301369863 0.1171993911719939
14 0.17009132420091325 0.3432267884322679 0.01141552511415525 0.0563165905631659
10 0.5 0.6719939117199392 0.997716894977169 0.6560121765601218
10 0.9845890410958904 0.289193302891933 0.030821917808219176 0.0243531202435312
7 0.851027397260274 0.3219178082191781 0.028538812785388126 0.0319634703196347
