3 0.5 0.741248097412481 0.997716894977169 0.517503805175038
16 0.6757990867579908 0.23363774733637746 0.02511415525114155 0.4642313546423135
2 0.6603881278538812 0.2617960426179604 0.023972602739726026 0.060882800608828
16 0.7460045662100456 0.22298325722983256 0.023972602739726026 0.4429223744292237
11 0.4691780821917808 0.4003044140030441 0.05707762557077625 0.045662100456621
1 0.6078767123287672 0.302130898021309 0.012557077625570776 0.0319634703196347
0 0.8670091324200914 0.3394216133942161 0.019406392694063926 0.0791476407914764
14 0.6421232876712328 0.4429223744292237 0.010273972602739725 0.0669710806697108
16 0.4178082191780822 0.2990867579908676 0.0136986301369863 0.2328767123287671
11 0.2328767123287671 0.3942161339421613 0.0593607305936073 0.0517503805175038
10 0.9754566210045662 0.3736681887366819 0.023972602739726026 0.0197869101978691
14 0.5844748858447488 0.4474885844748858 0.01141552511415525 0.0639269406392694
14 0.553082191780822 0.4003044140030441 0.007990867579908675 0.0365296803652968
6 0.4720319634703196 0.3919330289193303 0.014840182648401826 0.0563165905631659
14 0.5256849315068494 0.4459665144596651 0.010273972602739725 0.0639269406392694
16 0.1478310502283105 0.34779299847793 0.012557077625570776 0.1719939117199391
16 0.5998858447488584 0.3447488584474886 0.010273972602739725 0.1385083713850837
14 0.5148401826484018 0.4025875190258752 0.00684931506849315 0.0410958904109589
14 0.4720319634703196 0.4018264840182648 0.007990867579908675 0.0426179604261796
3 0.5188356164383562 0.4398782343987823 0.2773972602739726 0.0517503805175038
5 0.10787671232876712 0.0882800608828006 0.019406392694063926 0.0578386605783866
6 0.23116438356164384 0.3797564687975647 0.028538812785388126 0.0654490106544901
16 0.625 0.3660578386605784 0.007990867579908675 0.0867579908675799
0 0.9069634703196348 0.3523592085235921 0.014840182648401826 0.0989345509893455
0 0.025684931506849314 0.3515981735159817 0.014840182648401826 0.1248097412480974
