3 0.5005707762557078 0.5768645357686454 0.9988584474885844 0.8432267884322678
10 0.4223744292237443 0.0441400304414003 0.14840182648401826 0.0547945205479452
13 0.70662100456621 0.11339421613394216 0.04794520547945205 0.0563165905631659
10 0.1906392694063927 0.0669710806697108 0.04794520547945205 0.0395738203957382
16 0.3818493150684932 0.0700152207001522 0.017123287671232876 0.136986301369863
6 0.3150684931506849 0.0700152207001522 0.0182648401826484 0.0639269406392694
10 0.5924657534246576 0.04794520547945205 0.091324200913242 0.0532724505327245
16 0.228310502283105 0.05555555555555555 0.01598173515981735 0.1080669710806697
14 0.21689497716894976 0.09817351598173515 0.0091324200913242 0.0410958904109589
10 0.8955479452054794 0.0563165905631659 0.12442922374429223 0.060882800608828
14 0.4971461187214612 0.12404870624048706 0.007990867579908675 0.0563165905631659
3 0.10159817351598173 0.1187214611872146 0.2009132420091324 0.0334855403348554
16 0.5633561643835616 0.0730593607305936 0.014840182648401826 0.1430745814307458
14 0.4377853881278539 0.1232876712328767 0.010273972602739725 0.0547945205479452
16 0.7773972602739726 0.060882800608828 0.0273972602739726 0.1187214611872146
10 0.2899543378995434 0.0654490106544901 0.02968036529680365 0.045662100456621
0 0.9126712328767124 0.06468797564687975 0.033105022831050226 0.1263318112633181
0 0.5439497716894978 0.0365296803652968 0.019406392694063926 0.0700152207001522
7 0.2682648401826484 0.08904109589041095 0.0410958904109589 0.0380517503805175
16 0.6198630136986302 0.0487062404870624 0.01598173515981735 0.0943683409436834
16 0.2871004566210046 0.0639269406392694 0.014840182648401826 0.1248097412480974
0 0.2705479452054795 0.045662100456621 0.01598173515981735 0.0852359208523592
16 0.8065068493150684 0.045662100456621 0.021689497716894976 0.0882800608828006
16 0.5958904109589042 0.04033485540334855 0.01598173515981735 0.0776255707762557
7 0.06050228310502283 0.07534246575342465 0.03424657534246575 0.0319634703196347
0 0.3396118721461187 0.04033485540334855 0.014840182648401826 0.0776255707762557
0 0.05650684931506849 0.0487062404870624 0.014840182648401826 0.0821917808219178
12 0.7465753424657534 0.11035007610350075 0.01141552511415525 0.0319634703196347
6 0.7853881278538812 0.045662100456621 0.01598173515981735 0.0517503805175038
6 0.8470319634703196 0.03881278538812785 0.02054794520547945 0.0350076103500761
10 0.9697488584474886 0.0502283105022831 0.05136986301369863 0.0730593607305936
