4 0.24411764705882352 0.7636029411764705 0.38235294117647056 0.4698529411764706
11 0.27941176470588236 0.2213235294117647 0.09803921568627451 0.051470588235294115
11 0.6436274509803922 0.23272058823529412 0.11666666666666667 0.05514705882352941
15 0.059803921568627454 0.5602941176470588 0.10784313725490197 0.07941176470588235
10 0.9632352941176471 0.2036764705882353 0.0696078431372549 0.061764705882352944
15 0.6044117647058823 0.5128676470588235 0.08529411764705883 0.07867647058823529
15 0.9691176470588235 0.49522058823529413 0.059803921568627454 0.0713235294117647
6 0.3730392156862745 0.2099264705882353 0.026470588235294117 0.05073529411764706
0 0.6696078431372549 0.1849264705882353 0.03725490196078431 0.15514705882352942
0 0.5764705882352941 0.1661764705882353 0.027450980392156862 0.08529411764705883
0 0.4534313725490196 0.18125 0.024509803921568627 0.08014705882352942
0 0.5191176470588236 0.16580882352941176 0.022549019607843137 0.08897058823529412
6 0.14754901960784314 0.20073529411764707 0.018627450980392157 0.033823529411764704
7 0.5230392156862745 0.22536764705882353 0.04803921568627451 0.03455882352941177
0 0.3029411764705882 0.17536764705882352 0.0196078431372549 0.04926470588235294
11 0.5009803921568627 0.21213235294117647 0.047058823529411764 0.03161764705882353
0 0.1730392156862745 0.17536764705882352 0.016666666666666666 0.03602941176470588
11 0.32401960784313727 0.2161764705882353 0.04411764705882353 0.041176470588235294
10 0.6892156862745098 0.17941176470588235 0.029411764705882353 0.01764705882352941
16 0.5549019607843138 0.1349264705882353 0.01764705882352941 0.14191176470588235
11 0.5700980392156862 0.22830882352941176 0.03431372549019608 0.04044117647058824
10 0.6627450980392157 0.1988970588235294 0.06862745098039216 0.03308823529411765
11 0.5519607843137255 0.2261029411764706 0.027450980392156862 0.0375
11 0.22205882352941175 0.20477941176470588 0.020588235294117647 0.02426470588235294
0 0.8887254901960784 0.15661764705882353 0.014705882352941176 0.027941176470588237
6 0.9740196078431372 0.17720588235294119 0.016666666666666666 0.013235294117647059
6 0.9372549019607843 0.17794117647058824 0.01764705882352941 0.01764705882352941
6 0.8921568627450981 0.17830882352941177 0.01764705882352941 0.015441176470588236
6 0.8607843137254902 0.17794117647058824 0.01764705882352941 0.014705882352941176
6 0.8362745098039216 0.18161764705882352 0.01568627450980392 0.014705882352941176
11 0.9348039215686275 0.1875 0.03431372549019608 0.01764705882352941
8 0.532843137254902 0.18235294117647058 0.08137254901960785 0.041176470588235294
