18 0.1303921568627451 0.5110294117647058 0.25882352941176473 0.4573529411764706
10 0.9068627450980392 0.1036764705882353 0.1843137254901961 0.20588235294117646
4 0.42598039215686273 0.5897058823529412 0.4852941176470588 0.8088235294117647
11 0.2661764705882353 0.24595588235294116 0.19901960784313724 0.23455882352941176
10 0.22156862745098038 0.09044117647058823 0.049019607843137254 0.03235294117647059
10 0.7416666666666667 0.1036764705882353 0.22058823529411764 0.09264705882352942
0 0.10147058823529412 0.16838235294117648 0.12450980392156863 0.2926470588235294
11 0.3622549019607843 0.1889705882352941 0.1284313725490196 0.10588235294117647
16 0.6833333333333333 0.08235294117647059 0.045098039215686274 0.16176470588235295
6 0.5480392156862746 0.10514705882352941 0.027450980392156862 0.057352941176470586
11 0.48676470588235293 0.11911764705882352 0.05588235294117647 0.03823529411764706
0 0.3892156862745098 0.09779411764705882 0.0392156862745098 0.15294117647058825
11 0.4455882352941177 0.11102941176470588 0.020588235294117647 0.027941176470588237
6 0.5818627450980393 0.09522058823529411 0.020588235294117647 0.04632352941176471
16 0.7936274509803921 0.08933823529411765 0.09705882352941177 0.17720588235294119
6 0.44509803921568625 0.09705882352941177 0.0196078431372549 0.023529411764705882
6 0.4612745098039216 0.08897058823529412 0.016666666666666666 0.020588235294117647
10 0.5725490196078431 0.0849264705882353 0.03529411764705882 0.02426470588235294
16 0.3397058823529412 0.11654411764705883 0.012745098039215686 0.05073529411764706
0 0.4950980392156863 0.08235294117647059 0.01764705882352941 0.047058823529411764
16 0.31519607843137254 0.1213235294117647 0.014705882352941176 0.061764705882352944
11 0.4612745098039216 0.1036764705882353 0.018627450980392157 0.01911764705882353
11 0.5171568627450981 0.11470588235294117 0.03235294117647059 0.03823529411764706
