3 0.5 0.7024353120243532 0.997716894977169 0.5951293759512938
6 0.3224885844748858 0.3485540334855403 0.05365296803652968 0.136986301369863
11 0.317351598173516 0.3850837138508371 0.14383561643835616 0.1156773211567732
1 0.4697488584474886 0.13318112633181126 0.026255707762557076 0.0745814307458143
16 0.2585616438356164 0.1476407914764079 0.03538812785388128 0.289193302891933
16 0.4937214611872146 0.2298325722983257 0.021689497716894976 0.3257229832572298
16 0.7174657534246576 0.19406392694063926 0.021689497716894976 0.3637747336377473
1 0.11073059360730593 0.04490106544901065 0.02511415525114155 0.0745814307458143
10 0.1478310502283105 0.3051750380517504 0.05593607305936073 0.0258751902587519
16 0.1797945205479452 0.182648401826484 0.026255707762557076 0.228310502283105
3 0.08904109589041095 0.3850837138508371 0.17579908675799086 0.0426179604261796
5 0.25 0.20928462709284626 0.02511415525114155 0.0441400304414003
5 0.2557077625570776 0.24733637747336376 0.02511415525114155 0.0380517503805175
0 0.2539954337899543 0.23059360730593606 0.019406392694063926 0.1232876712328767
