3 0.5005707762557078 0.745814307458143 0.9988584474885844 0.5083713850837138
10 0.3299086757990868 0.4467275494672755 0.22146118721461186 0.1506849315068493
10 0.06107305936073059 0.4497716894977169 0.11986301369863013 0.1171993911719939
6 0.6757990867579908 0.4908675799086758 0.0410958904109589 0.1628614916286149
6 0.8829908675799086 0.4649923896499239 0.028538812785388126 0.0867579908675799
2 0.3281963470319635 0.24581430745814306 0.021689497716894976 0.0624048706240487
2 0.041666666666666664 0.22450532724505326 0.023972602739726026 0.0684931506849315
16 0.6735159817351598 0.3051750380517504 0.02054794520547945 0.2511415525114155
0 0.9463470319634704 0.4375951293759513 0.0228310502283105 0.1750380517503805
16 0.7203196347031964 0.380517503805175 0.02511415525114155 0.2496194824961948
0 0.7734018264840182 0.439117199391172 0.026255707762557076 0.1415525114155251
2 0.5108447488584474 0.3470319634703196 0.017123287671232876 0.0426179604261796
6 0.1660958904109589 0.4170471841704718 0.017123287671232876 0.0517503805175038
16 0.18550228310502284 0.3135464231354642 0.014840182648401826 0.2678843226788432
10 0.9891552511415526 0.5114155251141552 0.021689497716894976 0.0974124809741248
16 0.4098173515981735 0.3569254185692542 0.0136986301369863 0.1202435312024353
10 0.7528538812785388 0.4322678843226788 0.11529680365296803 0.0487062404870624
14 0.4948630136986301 0.4672754946727549 0.007990867579908675 0.0334855403348554
16 0.5068493150684932 0.426179604261796 0.01141552511415525 0.1156773211567732
10 0.9697488584474886 0.4459665144596651 0.06050228310502283 0.0334855403348554
16 0.3841324200913242 0.3340943683409437 0.014840182648401826 0.1171993911719939
3 0.1689497716894977 0.4649923896499239 0.1050228310502283 0.0350076103500761
