10 0.7831050228310502 0.3409436834094368 0.20319634703196346 0.1004566210045662
3 0.4971461187214612 0.6757990867579908 0.9920091324200914 0.639269406392694
16 0.591324200913242 0.1796042617960426 0.0228310502283105 0.3470319634703196
0 0.5565068493150684 0.2876712328767123 0.019406392694063926 0.1278538812785388
0 0.283675799086758 0.2557077625570776 0.017123287671232876 0.1704718417047184
0 0.901255707762557 0.2876712328767123 0.021689497716894976 0.1339421613394216
16 0.4223744292237443 0.3006088280060883 0.0091324200913242 0.0898021308980213
0 0.4960045662100457 0.2907153729071537 0.014840182648401826 0.106544901065449
1 0.41837899543379 0.2389649923896499 0.014840182648401826 0.0365296803652968
0 0.4531963470319635 0.2762557077625571 0.01598173515981735 0.1324200913242009
0 0.09474885844748858 0.2815829528158295 0.0136986301369863 0.1126331811263318
0 0.07990867579908675 0.2792998477929985 0.01141552511415525 0.1050228310502283
