3 0.5005707762557078 0.7602739726027398 0.9988584474885844 0.4794520547945205
10 0.4246575342465753 0.487062404870624 0.19406392694063926 0.1095890410958904
10 0.8310502283105022 0.541095890410959 0.3356164383561644 0.1476407914764079
9 0.10388127853881278 0.4589041095890411 0.07077625570776255 0.0563165905631659
0 0.6843607305936074 0.4216133942161339 0.030821917808219176 0.1187214611872146
10 0.7534246575342466 0.4939117199391172 0.228310502283105 0.1019786910197869
2 0.9149543378995434 0.2070015220700152 0.023972602739726026 0.0852359208523592
1 0.03995433789954338 0.3850837138508371 0.0182648401826484 0.045662100456621
0 0.21289954337899544 0.441400304414003 0.010273972602739725 0.0547945205479452
16 0.8179223744292238 0.3470319634703196 0.017123287671232876 0.197869101978691
0 0.985730593607306 0.4307458143074581 0.026255707762557076 0.1796042617960426
1 0.3892694063926941 0.4140030441400304 0.01141552511415525 0.030441400304414
0 0.4634703196347032 0.4094368340943683 0.01598173515981735 0.0669710806697108
16 0.04509132420091324 0.4459665144596651 0.007990867579908675 0.076103500761035
3 0.16723744292237444 0.5053272450532724 0.3321917808219178 0.0334855403348554
0 0.5593607305936074 0.4368340943683409 0.02054794520547945 0.091324200913242
0 0.2665525114155251 0.4452054794520548 0.007990867579908675 0.0380517503805175
0 0.2345890410958904 0.441400304414003 0.007990867579908675 0.0487062404870624
16 0.541095890410959 0.4490106544901065 0.0091324200913242 0.0791476407914764
16 0.3807077625570776 0.4307458143074581 0.007990867579908675 0.0821917808219178
16 0.6404109589041096 0.3401826484018265 0.01598173515981735 0.3333333333333333
16 0.09703196347031963 0.3051750380517504 0.0136986301369863 0.2450532724505327
0 0.16381278538812785 0.4368340943683409 0.010273972602739725 0.0730593607305936
0 0.13984018264840184 0.4406392694063927 0.010273972602739725 0.0654490106544901
16 0.3555936073059361 0.4406392694063927 0.007990867579908675 0.0624048706240487
0 0.2517123287671233 0.4444444444444444 0.007990867579908675 0.0426179604261796
0 0.2791095890410959 0.4429223744292237 0.007990867579908675 0.030441400304414
0 0.17294520547945205 0.4398782343987823 0.010273972602739725 0.060882800608828
0 0.2882420091324201 0.4421613394216134 0.007990867579908675 0.0319634703196347
0 0.3658675799086758 0.4406392694063927 0.010273972602739725 0.0684931506849315
