3 0.5005707762557078 0.7747336377473364 0.9988584474885844 0.4505327245053272
9 0.7106164383561644 0.45662100456621 0.033105022831050226 0.0365296803652968
9 0.8321917808219178 0.454337899543379 0.04337899543378995 0.0380517503805175
14 0.3036529680365297 0.5053272450532724 0.0091324200913242 0.0578386605783866
14 0.4046803652968037 0.5136986301369864 0.010273972602739725 0.0563165905631659
10 0.8647260273972602 0.4611872146118721 0.03767123287671233 0.030441400304414
14 0.6894977168949772 0.5038051750380518 0.0091324200913242 0.0547945205479452
14 0.4646118721461187 0.512937595129376 0.0091324200913242 0.0547945205479452
2 0.4035388127853881 0.4048706240487062 0.012557077625570776 0.030441400304414
16 0.3938356164383562 0.3904109589041096 0.0136986301369863 0.2237442922374429
16 0.6386986301369864 0.3904109589041096 0.010273972602739725 0.2024353120243531
14 0.5930365296803652 0.5098934550989346 0.010273972602739725 0.0547945205479452
5 0.23972602739726026 0.34779299847793 0.0136986301369863 0.0258751902587519
14 0.531392694063927 0.5121765601217656 0.007990867579908675 0.0532724505327245
10 0.803082191780822 0.4611872146118721 0.026255707762557076 0.0243531202435312
16 0.3344748858447489 0.3964992389649924 0.0136986301369863 0.2267884322678843
10 0.7671232876712328 0.454337899543379 0.0273972602739726 0.0289193302891933
5 0.24029680365296804 0.3873668188736682 0.014840182648401826 0.0319634703196347
0 0.17123287671232876 0.4642313546423135 0.0182648401826484 0.0974124809741248
3 0.8424657534246576 0.4824961948249619 0.3150684931506849 0.0213089802130898
14 0.5091324200913242 0.4916286149162861 0.00684931506849315 0.030441400304414
3 0.4948630136986301 0.5213089802130898 0.2271689497716895 0.0350076103500761
16 0.4885844748858447 0.3036529680365297 0.01598173515981735 0.3850837138508371
10 0.7853881278538812 0.4604261796042618 0.0182648401826484 0.0228310502283105
16 0.6181506849315068 0.3181126331811263 0.014840182648401826 0.3409436834094368
16 0.5856164383561644 0.4284627092846271 0.00684931506849315 0.1202435312024353
16 0.2391552511415525 0.4581430745814307 0.010273972602739725 0.0974124809741248
9 0.7391552511415526 0.4467275494672755 0.04223744292237443 0.0350076103500761
9 0.8184931506849316 0.4353120243531202 0.07990867579908675 0.0365296803652968
16 0.261986301369863 0.3637747336377473 0.010273972602739725 0.2831050228310502
