3 0.5 0.7229832572298326 0.997716894977169 0.5540334855403348
10 0.05194063926940639 0.3691019786910198 0.10159817351598173 0.0745814307458143
10 0.2751141552511416 0.3637747336377473 0.13926940639269406 0.060882800608828
16 0.860730593607306 0.2115677321156773 0.02968036529680365 0.4170471841704718
16 0.158675799086758 0.3531202435312024 0.0228310502283105 0.1735159817351598
0 0.6341324200913242 0.3074581430745814 0.023972602739726026 0.1796042617960426
16 0.9041095890410958 0.2420091324200913 0.0365296803652968 0.3531202435312024
16 0.3242009132420091 0.2861491628614916 0.0182648401826484 0.30441400304414
1 0.3361872146118721 0.2671232876712329 0.023972602739726026 0.0532724505327245
6 0.9103881278538812 0.3546423135464231 0.023972602739726026 0.076103500761035
0 0.24143835616438356 0.2861491628614916 0.023972602739726026 0.2343987823439878
14 0.5970319634703196 0.408675799086758 0.0091324200913242 0.0502283105022831
15 0.5154109589041096 0.4124809741248097 0.019406392694063926 0.0273972602739726
6 0.9474885844748858 0.3614916286149163 0.02054794520547945 0.0684931506849315
6 0.932648401826484 0.3576864535768645 0.01598173515981735 0.060882800608828
14 0.4560502283105023 0.410958904109589 0.010273972602739725 0.0578386605783866
6 0.9823059360730594 0.3645357686453577 0.017123287671232876 0.0624048706240487
6 0.9942922374429224 0.3637747336377473 0.01141552511415525 0.0639269406392694
0 0.6147260273972602 0.30441400304414 0.014840182648401826 0.167427701674277
8 0.9600456621004566 0.334855403348554 0.0730593607305936 0.076103500761035
10 0.6894977168949772 0.3424657534246575 0.04337899543378995 0.0213089802130898
4 0.5245433789954338 0.4330289193302892 0.033105022831050226 0.0289193302891933
0 0.8407534246575342 0.3181126331811263 0.017123287671232876 0.121765601217656
