3 0.5005707762557078 0.617199391171994 0.9988584474885844 0.7656012176560122
6 0.5291095890410958 0.18188736681887366 0.06050228310502283 0.1993911719939117
10 0.18207762557077625 0.1582952815829528 0.06050228310502283 0.045662100456621
0 0.7106164383561644 0.1080669710806697 0.05136986301369863 0.213089802130898
6 0.7437214611872146 0.13774733637747336 0.028538812785388126 0.1019786910197869
2 0.6558219178082192 0.03120243531202435 0.023972602739726026 0.0593607305936073
16 0.3202054794520548 0.11796042617960426 0.030821917808219176 0.2298325722983257
6 0.8704337899543378 0.1339421613394216 0.030821917808219176 0.1187214611872146
16 0.6312785388127854 0.03881278538812785 0.0228310502283105 0.0745814307458143
6 0.10273972602739725 0.16666666666666666 0.02054794520547945 0.0563165905631659
8 0.2791095890410959 0.1308980213089802 0.06050228310502283 0.091324200913242
16 0.6615296803652968 0.13774733637747336 0.014840182648401826 0.1598173515981735
10 0.09246575342465753 0.1659056316590563 0.0502283105022831 0.0517503805175038
12 0.13013698630136986 0.17579908675799086 0.0136986301369863 0.0258751902587519
