3 0.5005707762557078 0.6704718417047184 0.9988584474885844 0.6590563165905632
10 0.9372146118721462 0.2968036529680365 0.12557077625570776 0.1735159817351598
0 0.8635844748858448 0.20624048706240486 0.05593607305936073 0.2663622526636225
16 0.7334474885844748 0.1704718417047184 0.030821917808219176 0.3378995433789954
16 0.8162100456621004 0.1704718417047184 0.04794520547945205 0.3378995433789954
6 0.18378995433789955 0.2633181126331811 0.0228310502283105 0.0730593607305936
3 0.21689497716894976 0.3219178082191781 0.4315068493150685 0.0441400304414003
6 0.07990867579908675 0.271689497716895 0.02054794520547945 0.0806697108066971
6 0.03139269406392694 0.2663622526636225 0.026255707762557076 0.1004566210045662
2 0.2853881278538813 0.0730593607305936 0.02054794520547945 0.0578386605783866
16 0.9372146118721462 0.2070015220700152 0.0182648401826484 0.1187214611872146
7 0.740296803652968 0.302130898021309 0.07876712328767123 0.0684931506849315
6 0.307648401826484 0.2549467275494673 0.017123287671232876 0.0502283105022831
2 0.4429223744292237 0.12709284627092846 0.0228310502283105 0.0684931506849315
16 0.6307077625570776 0.23972602739726026 0.017123287671232876 0.1811263318112633
5 0.4646118721461187 0.15144596651445966 0.02054794520547945 0.0319634703196347
6 0.4954337899543379 0.2526636225266362 0.0182648401826484 0.0730593607305936
11 0.23515981735159816 0.2724505327245053 0.02511415525114155 0.0395738203957382
16 0.22146118721461186 0.17427701674277016 0.0182648401826484 0.1963470319634703
1 0.6198630136986302 0.121765601217656 0.02511415525114155 0.060882800608828
6 0.0136986301369863 0.2777777777777778 0.02511415525114155 0.0958904109589041
6 0.9115296803652968 0.22754946727549466 0.017123287671232876 0.0745814307458143
6 0.410958904109589 0.2671232876712329 0.02968036529680365 0.0989345509893455
6 0.4537671232876712 0.2602739726027397 0.019406392694063926 0.091324200913242
16 0.7751141552511416 0.1552511415525114 0.0273972602739726 0.30441400304414
6 0.3253424657534247 0.2496194824961948 0.01141552511415525 0.0365296803652968
6 0.8984018264840182 0.228310502283105 0.0228310502283105 0.076103500761035
6 0.0639269406392694 0.2656012176560122 0.02511415525114155 0.0958904109589041
16 0.2791095890410959 0.13926940639269406 0.021689497716894976 0.2754946727549467
6 0.4743150684931507 0.2633181126331811 0.023972602739726026 0.106544901065449
6 0.884703196347032 0.2267884322678843 0.02054794520547945 0.0700152207001522
6 0.9486301369863014 0.22907153729071536 0.02054794520547945 0.0684931506849315
6 0.23401826484018265 0.2602739726027397 0.0182648401826484 0.0517503805175038
6 0.3704337899543379 0.24429223744292236 0.012557077625570776 0.0319634703196347
6 0.4309360730593607 0.258751902587519 0.019406392694063926 0.0882800608828006
6 0.4406392694063927 0.2671232876712329 0.02054794520547945 0.0898021308980213
