3 0.6472602739726028 0.7633181126331812 0.7031963470319634 0.4733637747336377
10 0.7014840182648402 0.4984779299847793 0.07191780821917808 0.0471841704718417
10 0.5850456621004566 0.4855403348554033 0.12214611872146118 0.0547945205479452
10 0.7734018264840182 0.5015220700152208 0.07876712328767123 0.0502283105022831
10 0.17636986301369864 0.4756468797564688 0.04680365296803653 0.0502283105022831
10 0.24429223744292236 0.4665144596651446 0.03424657534246575 0.0289193302891933
10 0.656392694063927 0.4817351598173516 0.07077625570776255 0.0624048706240487
16 0.7397260273972602 0.4832572298325723 0.0091324200913242 0.1080669710806697
10 0.2762557077625571 0.4672754946727549 0.02511415525114155 0.0243531202435312
16 0.9383561643835616 0.3097412480974125 0.0319634703196347 0.4733637747336377
2 0.2642694063926941 0.3401826484018265 0.014840182648401826 0.0410958904109589
16 0.5319634703196348 0.4459665144596651 0.01141552511415525 0.136986301369863
2 0.05136986301369863 0.3272450532724505 0.01598173515981735 0.0365296803652968
2 0.5228310502283106 0.4079147640791476 0.0136986301369863 0.0365296803652968
13 0.3618721461187215 0.4923896499238965 0.0182648401826484 0.0350076103500761
10 0.2191780821917808 0.4680365296803653 0.02968036529680365 0.0289193302891933
11 0.8875570776255708 0.5053272450532724 0.03995433789954338 0.0426179604261796
6 0.3327625570776256 0.4840182648401826 0.019406392694063926 0.045662100456621
0 0.6215753424657534 0.4726027397260274 0.014840182648401826 0.1141552511415525
3 0.146689497716895 0.4931506849315068 0.2910958904109589 0.0273972602739726
10 0.4292237442922374 0.4756468797564688 0.03424657534246575 0.0380517503805175
10 0.9560502283105022 0.5068493150684932 0.08789954337899543 0.0487062404870624
0 0.4041095890410959 0.4665144596651446 0.01141552511415525 0.0898021308980213
10 0.3082191780821918 0.4649923896499239 0.0182648401826484 0.0197869101978691
10 0.1324200913242009 0.4596651445966514 0.0228310502283105 0.0213089802130898
10 0.295662100456621 0.4665144596651446 0.01598173515981735 0.0197869101978691
10 0.2026255707762557 0.4703196347031963 0.021689497716894976 0.0273972602739726
16 0.3219178082191781 0.4459665144596651 0.0091324200913242 0.0943683409436834
16 0.08162100456621005 0.4284627092846271 0.007990867579908675 0.0928462709284627
0 0.1187214611872146 0.4474885844748858 0.00684931506849315 0.0578386605783866
11 0.0547945205479452 0.4726027397260274 0.02054794520547945 0.0258751902587519
7 0.039383561643835614 0.4748858447488584 0.017123287671232876 0.0243531202435312
11 0.0228310502283105 0.4726027397260274 0.0136986301369863 0.0258751902587519
6 0.027968036529680364 0.4581430745814307 0.010273972602739725 0.0213089802130898
6 0.03881278538812785 0.4589041095890411 0.01141552511415525 0.0289193302891933
6 0.05365296803652968 0.45662100456621 0.01141552511415525 0.0213089802130898
0 0.05707762557077625 0.4124809741248097 0.01141552511415525 0.0791476407914764
10 0.1660958904109589 0.4642313546423135 0.04452054794520548 0.0487062404870624
11 0.3333333333333333 0.4969558599695586 0.02968036529680365 0.0410958904109589
