3 0.5005707762557078 0.7450532724505328 0.9988584474885844 0.5098934550989346
10 0.877283105022831 0.5517503805175038 0.2454337899543379 0.3242009132420091
10 0.12442922374429223 0.4642313546423135 0.24429223744292236 0.1248097412480974
11 0.6603881278538812 0.510654490106545 0.04680365296803653 0.1050228310502283
6 0.4691780821917808 0.4398782343987823 0.0228310502283105 0.0882800608828006
6 0.3795662100456621 0.4520547945205479 0.033105022831050226 0.1095890410958904
6 0.4480593607305936 0.4368340943683409 0.023972602739726026 0.0821917808219178
16 0.8658675799086758 0.3234398782343988 0.017123287671232876 0.1415525114155251
6 0.4240867579908676 0.4375951293759513 0.021689497716894976 0.0989345509893455
16 0.6569634703196348 0.319634703196347 0.017123287671232876 0.2100456621004566
10 0.04223744292237443 0.5205479452054794 0.0821917808219178 0.1278538812785388
0 0.1832191780821918 0.3828006088280061 0.014840182648401826 0.0624048706240487
6 0.398972602739726 0.4383561643835616 0.019406392694063926 0.091324200913242
2 0.6192922374429224 0.3280060882800609 0.014840182648401826 0.0380517503805175
6 0.6603881278538812 0.4703196347031963 0.04452054794520548 0.106544901065449
16 0.625 0.3858447488584475 0.010273972602739725 0.0745814307458143
11 0.5450913242009132 0.4558599695585997 0.05365296803652968 0.0441400304414003
6 0.5365296803652968 0.4535768645357686 0.0273972602739726 0.0974124809741248
0 0.4731735159817352 0.4101978691019787 0.014840182648401826 0.0958904109589041
16 0.3396118721461187 0.2922374429223744 0.014840182648401826 0.1856925418569254
16 0.807648401826484 0.3135464231354642 0.012557077625570776 0.1400304414003044
16 0.6021689497716894 0.380517503805175 0.012557077625570776 0.1765601217656012
6 0.5091324200913242 0.4383561643835616 0.0091324200913242 0.0487062404870624
16 0.7865296803652968 0.2663622526636225 0.0182648401826484 0.2313546423135464
1 0.547945205479452 0.3866057838660578 0.01141552511415525 0.0273972602739726
6 0.5565068493150684 0.4162861491628615 0.017123287671232876 0.0410958904109589
6 0.5182648401826484 0.4406392694063927 0.01141552511415525 0.0410958904109589
10 0.06278538812785388 0.4779299847792998 0.1232876712328767 0.1248097412480974
