3 0.511986301369863 0.6643835616438356 0.973744292237443 0.6681887366818874
6 0.7711187214611872 0.3242009132420091 0.09931506849315068 0.2983257229832572
10 0.2089041095890411 0.3105022831050228 0.0730593607305936 0.0487062404870624
6 0.6067351598173516 0.3188736681887367 0.08789954337899543 0.3333333333333333
9 0.08904109589041095 0.2952815829528158 0.14383561643835616 0.1095890410958904
6 0.6797945205479452 0.3280060882800609 0.07648401826484018 0.2937595129375951
10 0.8778538812785388 0.2762557077625571 0.14840182648401826 0.0837138508371385
6 0.5439497716894978 0.2831050228310502 0.03995433789954338 0.15220700152207
16 0.5017123287671232 0.16057838660578386 0.026255707762557076 0.3181126331811263
10 0.2785388127853881 0.3006088280060883 0.04337899543378995 0.0380517503805175
1 0.2642694063926941 0.12861491628614916 0.021689497716894976 0.0624048706240487
6 0.4092465753424658 0.2914764079147641 0.017123287671232876 0.0776255707762557
6 0.3578767123287671 0.2983257229832572 0.021689497716894976 0.0730593607305936
6 0.519406392694064 0.2792998477929985 0.01598173515981735 0.0684931506849315
11 0.3573059360730594 0.3143074581430746 0.06164383561643835 0.0380517503805175
9 0.17180365296803654 0.2640791476407915 0.06963470319634703 0.0471841704718417
16 0.3356164383561644 0.20319634703196346 0.02054794520547945 0.1811263318112633
16 0.6506849315068494 0.1111111111111111 0.01598173515981735 0.213089802130898
6 0.4229452054794521 0.2876712328767123 0.014840182648401826 0.0517503805175038
16 0.9355022831050228 0.19558599695585996 0.017123287671232876 0.1111111111111111
6 0.4817351598173516 0.2846270928462709 0.01598173515981735 0.0639269406392694
10 0.9703196347031964 0.2640791476407915 0.0593607305936073 0.0715372907153729
15 0.4714611872146119 0.3127853881278539 0.0182648401826484 0.0258751902587519
6 0.6546803652968036 0.2328767123287671 0.019406392694063926 0.030441400304414
6 0.4691780821917808 0.2853881278538813 0.01598173515981735 0.0563165905631659
8 0.0319634703196347 0.2876712328767123 0.06164383561643835 0.121765601217656
10 0.17579908675799086 0.3013698630136986 0.0410958904109589 0.0365296803652968
15 0.4389269406392694 0.3105022831050228 0.014840182648401826 0.0213089802130898
6 0.3093607305936073 0.2998477929984779 0.0182648401826484 0.0426179604261796
6 0.9554794520547946 0.24429223744292236 0.01598173515981735 0.0228310502283105
3 0.2334474885844749 0.332572298325723 0.14726027397260275 0.0228310502283105
10 0.9817351598173516 0.2777777777777778 0.0365296803652968 0.0745814307458143
0 0.8167808219178082 0.21385083713850836 0.021689497716894976 0.0806697108066971
0 0.9537671232876712 0.18645357686453576 0.014840182648401826 0.0958904109589041
15 0.4503424657534247 0.3051750380517504 0.014840182648401826 0.0197869101978691
16 0.3647260273972603 0.23211567732115676 0.010273972602739725 0.0898021308980213
16 0.3299086757990868 0.273972602739726 0.01141552511415525 0.0669710806697108
11 0.3099315068493151 0.3135464231354642 0.014840182648401826 0.0365296803652968
