3 0.5542237442922374 0.7633181126331812 0.8915525114155252 0.4703196347031963
16 0.3082191780821918 0.3006088280060883 0.02968036529680365 0.528158295281583
1 0.3247716894977169 0.273972602739726 0.028538812785388126 0.0730593607305936
0 0.1917808219178082 0.3980213089802131 0.045662100456621 0.3363774733637747
0 0.4646118721461187 0.4101978691019787 0.0319634703196347 0.2389649923896499
3 0.8401826484018264 0.4885844748858447 0.317351598173516 0.0517503805175038
16 0.5182648401826484 0.2922374429223744 0.0228310502283105 0.4322678843226788
0 0.615296803652968 0.4025875190258752 0.0182648401826484 0.1080669710806697
16 0.5542237442922374 0.3820395738203957 0.014840182648401826 0.2678843226788432
7 0.476027397260274 0.4726027397260274 0.0639269406392694 0.0471841704718417
16 0.8156392694063926 0.4025875190258752 0.007990867579908675 0.0806697108066971
6 0.759703196347032 0.4178082191780822 0.012557077625570776 0.0410958904109589
18 0.5371004566210046 0.4436834094368341 0.023972602739726026 0.0319634703196347
16 0.5896118721461188 0.4421613394216134 0.012557077625570776 0.1263318112633181
5 0.8144977168949772 0.3531202435312024 0.017123287671232876 0.0273972602739726
0 0.2345890410958904 0.3561643835616438 0.04223744292237443 0.213089802130898
