3 0.3635844748858447 0.7115677321156774 0.7248858447488584 0.5768645357686454
16 0.10445205479452055 0.19710806697108066 0.03767123287671233 0.3881278538812785
13 0.4537671232876712 0.3843226788432268 0.04223744292237443 0.0532724505327245
10 0.9828767123287672 0.3576864535768645 0.0319634703196347 0.0426179604261796
0 0.6312785388127854 0.1963470319634703 0.0228310502283105 0.2252663622526636
16 0.66837899543379 0.319634703196347 0.014840182648401826 0.1917808219178082
16 0.2876712328767123 0.2267884322678843 0.02054794520547945 0.3439878234398782
16 0.8738584474885844 0.2039573820395738 0.033105022831050226 0.4018264840182648
2 0.658675799086758 0.2610350076103501 0.0182648401826484 0.0441400304414003
0 0.19121004566210045 0.2990867579908676 0.019406392694063926 0.1628614916286149
12 0.571917808219178 0.3980213089802131 0.01598173515981735 0.0380517503805175
10 0.9514840182648402 0.350076103500761 0.04908675799086758 0.0426179604261796
3 0.9492009132420092 0.4094368340943683 0.10159817351598173 0.030441400304414
14 0.6484018264840182 0.3964992389649924 0.0091324200913242 0.0471841704718417
14 0.8784246575342466 0.3858447488584475 0.007990867579908675 0.0380517503805175
16 0.4914383561643836 0.3181126331811263 0.012557077625570776 0.1917808219178082
14 0.591324200913242 0.395738203957382 0.0091324200913242 0.0487062404870624
0 0.4628995433789954 0.17884322678843226 0.017123287671232876 0.1445966514459665
14 0.3179223744292237 0.3866057838660578 0.010273972602739725 0.0517503805175038
10 0.9023972602739726 0.3493150684931507 0.023972602739726026 0.0258751902587519
0 0.7442922374429224 0.23211567732115676 0.01598173515981735 0.1263318112633181
10 0.833904109589041 0.3523592085235921 0.03767123287671233 0.0319634703196347
10 0.9189497716894978 0.3515981735159817 0.02511415525114155 0.030441400304414
10 0.884703196347032 0.3470319634703196 0.02054794520547945 0.0182648401826484
0 0.1415525114155251 0.2686453576864536 0.01598173515981735 0.0715372907153729
0 0.8396118721461188 0.3394216133942161 0.012557077625570776 0.0791476407914764
0 0.045662100456621 0.258751902587519 0.01598173515981735 0.0882800608828006
10 0.8544520547945206 0.3424657534246575 0.019406392694063926 0.0243531202435312
