3 0.5005707762557078 0.7298325722983258 0.9988584474885844 0.5403348554033486
11 0.22602739726027396 0.454337899543379 0.07990867579908675 0.0654490106544901
6 0.22773972602739725 0.4330289193302892 0.028538812785388126 0.0654490106544901
0 0.3573059360730594 0.3896499238964992 0.02511415525114155 0.1400304414003044
16 0.06050228310502283 0.2465753424657534 0.03424657534246575 0.487062404870624
0 0.6187214611872146 0.378234398782344 0.02054794520547945 0.1141552511415525
2 0.5154109589041096 0.3455098934550989 0.014840182648401826 0.0365296803652968
16 0.3881278538812785 0.3485540334855403 0.01598173515981735 0.2191780821917808
19 0.091324200913242 0.4573820395738204 0.0182648401826484 0.0380517503805175
3 0.7899543378995434 0.4490106544901065 0.4200913242009132 0.0334855403348554
0 0.9628995433789954 0.3645357686453577 0.014840182648401826 0.1050228310502283
16 0.13184931506849315 0.4063926940639269 0.010273972602739725 0.1004566210045662
16 0.5165525114155252 0.4048706240487062 0.007990867579908675 0.0852359208523592
6 0.7031963470319634 0.4048706240487062 0.01598173515981735 0.0395738203957382
5 0.9840182648401826 0.21232876712328766 0.02511415525114155 0.0380517503805175
16 0.6404109589041096 0.3759512937595129 0.0091324200913242 0.0882800608828006
0 0.6575342465753424 0.380517503805175 0.0136986301369863 0.0821917808219178
8 0.7756849315068494 0.3866057838660578 0.033105022831050226 0.0426179604261796
16 0.6655251141552512 0.380517503805175 0.0091324200913242 0.0821917808219178
17 0.6769406392694064 0.4178082191780822 0.02054794520547945 0.0167427701674277
