3 0.5 0.7245053272450532 0.997716894977169 0.5509893455098934
16 0.7996575342465754 0.2237442922374429 0.03538812785388128 0.4444444444444444
16 0.4320776255707763 0.21537290715372906 0.023972602739726026 0.4246575342465753
2 0.18036529680365296 0.13926940639269406 0.02511415525114155 0.0654490106544901
3 0.19577625570776255 0.4528158295281583 0.3892694063926941 0.0502283105022831
2 0.5764840182648402 0.2237442922374429 0.0228310502283105 0.0547945205479452
16 0.2842465753424658 0.2313546423135464 0.0228310502283105 0.243531202435312
16 0.5622146118721462 0.3462709284627093 0.014840182648401826 0.1841704718417047
16 0.2659817351598174 0.24885844748858446 0.01598173515981735 0.2085235920852359
0 0.8812785388127854 0.2831050228310502 0.0319634703196347 0.1248097412480974
0 0.018835616438356163 0.3165905631659056 0.014840182648401826 0.0730593607305936
0 0.4754566210045662 0.2922374429223744 0.023972602739726026 0.15220700152207
