3 0.4925799086757991 0.7724505327245054 0.9828767123287672 0.4550989345509893
6 0.9383561643835616 0.6438356164383562 0.1232876712328767 0.700152207001522
10 0.032534246575342464 0.4444444444444444 0.06278538812785388 0.0578386605783866
10 0.091324200913242 0.4436834094368341 0.0958904109589041 0.0502283105022831
10 0.2973744292237443 0.423896499238965 0.05136986301369863 0.0380517503805175
6 0.4754566210045662 0.4459665144596651 0.021689497716894976 0.076103500761035
6 0.4417808219178082 0.4505327245053272 0.02511415525114155 0.0852359208523592
2 0.509703196347032 0.3546423135464231 0.012557077625570776 0.0334855403348554
10 0.2648401826484018 0.4277016742770167 0.0182648401826484 0.0426179604261796
3 0.4332191780821918 0.4809741248097412 0.3664383561643836 0.0426179604261796
0 0.7431506849315068 0.3797564687975647 0.01598173515981735 0.1019786910197869
16 0.7968036529680366 0.3751902587519026 0.0091324200913242 0.1019786910197869
16 0.4863013698630137 0.3523592085235921 0.0136986301369863 0.2146118721461187
16 0.5045662100456622 0.4003044140030441 0.0091324200913242 0.1308980213089802
16 0.5473744292237442 0.2313546423135464 0.014840182648401826 0.2191780821917808
10 0.8476027397260274 0.3987823439878234 0.10844748858447488 0.0395738203957382
2 0.11301369863013698 0.2313546423135464 0.0319634703196347 0.1187214611872146
3 0.06678082191780822 0.4817351598173516 0.1312785388127854 0.0289193302891933
10 0.70662100456621 0.3995433789954338 0.1278538812785388 0.0410958904109589
