10 0.4394977168949772 0.4809741248097412 0.317351598173516 0.1856925418569254
10 0.1329908675799087 0.4589041095890411 0.24315068493150685 0.1232876712328767
3 0.3230593607305936 0.713089802130898 0.6438356164383562 0.4429223744292237
10 0.5582191780821918 0.4604261796042618 0.1415525114155251 0.0898021308980213
16 0.4235159817351598 0.3211567732115677 0.0136986301369863 0.1400304414003044
16 0.20319634703196346 0.3363774733637747 0.01141552511415525 0.1887366818873668
1 0.4726027397260274 0.3744292237442922 0.0136986301369863 0.0365296803652968
6 0.8687214611872146 0.441400304414003 0.01141552511415525 0.0365296803652968
6 0.9189497716894978 0.4406392694063927 0.01141552511415525 0.0319634703196347
16 0.3824200913242009 0.24885844748858446 0.01598173515981735 0.3059360730593607
16 0.4657534246575342 0.3812785388127854 0.0091324200913242 0.0654490106544901
10 0.5296803652968036 0.4277016742770167 0.09817351598173515 0.0334855403348554
5 0.83162100456621 0.410958904109589 0.010273972602739725 0.015220700152207
