3 0.5005707762557078 0.776255707762557 0.9988584474885844 0.4474885844748858
0 0.8361872146118722 0.4284627092846271 0.03767123287671233 0.2724505327245053
14 0.3396118721461187 0.4954337899543379 0.007990867579908675 0.0502283105022831
3 0.17009132420091325 0.5182648401826484 0.3378995433789954 0.0441400304414003
2 0.4589041095890411 0.3797564687975647 0.01598173515981735 0.0502283105022831
14 0.3584474885844749 0.4969558599695586 0.0091324200913242 0.0532724505327245
0 0.023972602739726026 0.4330289193302892 0.01598173515981735 0.0958904109589041
0 0.11015981735159817 0.4383561643835616 0.012557077625570776 0.0730593607305936
14 0.4686073059360731 0.5121765601217656 0.010273972602739725 0.0563165905631659
6 0.1906392694063927 0.454337899543379 0.0182648401826484 0.0502283105022831
2 0.2425799086757991 0.22754946727549466 0.023972602739726026 0.0715372907153729
6 0.4611872146118721 0.4824961948249619 0.0228310502283105 0.091324200913242
14 0.5211187214611872 0.5167427701674278 0.010273972602739725 0.0624048706240487
16 0.4223744292237443 0.3493150684931507 0.0182648401826484 0.3576864535768645
16 0.5901826484018264 0.4619482496194825 0.01141552511415525 0.1719939117199391
19 0.046232876712328765 0.4665144596651446 0.012557077625570776 0.0258751902587519
0 0.2197488584474886 0.4322678843226788 0.010273972602739725 0.0639269406392694
0 0.9474885844748858 0.3356164383561644 0.02968036529680365 0.2998477929984779
0 0.3978310502283105 0.4322678843226788 0.014840182648401826 0.1004566210045662
0 0.2568493150684932 0.4345509893455099 0.0091324200913242 0.0502283105022831
10 0.3898401826484018 0.4474885844748858 0.03538812785388128 0.0334855403348554
16 0.4474885844748858 0.4330289193302892 0.01141552511415525 0.1933028919330289
10 0.3584474885844749 0.4611872146118721 0.06621004566210045 0.0578386605783866
16 0.13070776255707764 0.3904109589041096 0.010273972602739725 0.1659056316590563
16 0.3436073059360731 0.4155251141552511 0.01141552511415525 0.1796042617960426
0 0.3613013698630137 0.4353120243531202 0.017123287671232876 0.1430745814307458
0 0.523972602739726 0.3295281582952816 0.0182648401826484 0.1171993911719939
16 0.3704337899543379 0.4254185692541857 0.010273972602739725 0.1659056316590563
0 0.5399543378995434 0.3462709284627093 0.02511415525114155 0.0928462709284627
0 0.5662100456621004 0.3485540334855403 0.02054794520547945 0.0852359208523592
