3 0.6461187214611872 0.7526636225266362 0.7077625570776256 0.4946727549467275
16 0.3299086757990868 0.3394216133942161 0.0410958904109589 0.3713850837138508
2 0.3447488584474886 0.228310502283105 0.02968036529680365 0.076103500761035
0 0.2191780821917808 0.2899543378995434 0.0365296803652968 0.1385083713850837
0 0.16267123287671234 0.3964992389649924 0.05365296803652968 0.2846270928462709
16 0.6210045662100456 0.243531202435312 0.0273972602739726 0.4840182648401826
3 0.8584474885844748 0.4429223744292237 0.2808219178082192 0.0517503805175038
16 0.7511415525114156 0.3333333333333333 0.01598173515981735 0.15220700152207
16 0.8264840182648402 0.3211567732115677 0.0136986301369863 0.1856925418569254
0 0.4098173515981735 0.3028919330289193 0.0319634703196347 0.0943683409436834
16 0.8961187214611872 0.23820395738203956 0.0136986301369863 0.2724505327245053
1 0.8396118721461188 0.2602739726027397 0.019406392694063926 0.0395738203957382
16 0.636986301369863 0.2815829528158295 0.0136986301369863 0.1035007610350076
0 0.6050228310502284 0.289193302891933 0.02511415525114155 0.0852359208523592
