3 0.6495433789954338 0.7450532724505328 0.7009132420091324 0.5098934550989346
10 0.9252283105022832 0.454337899543379 0.1495433789954338 0.1080669710806697
6 0.7071917808219178 0.484779299847793 0.04680365296803653 0.1689497716894977
6 0.5981735159817352 0.4596651445966514 0.02968036529680365 0.1156773211567732
10 0.07191780821917808 0.441400304414003 0.0593607305936073 0.045662100456621
11 0.3926940639269406 0.4733637747336377 0.0684931506849315 0.0547945205479452
10 0.02054794520547945 0.4520547945205479 0.03881278538812785 0.0487062404870624
6 0.2962328767123288 0.4581430745814307 0.019406392694063926 0.0730593607305936
11 0.2539954337899543 0.4771689497716895 0.06963470319634703 0.0563165905631659
16 0.3150684931506849 0.3272450532724505 0.0182648401826484 0.2983257229832572
6 0.6261415525114156 0.4642313546423135 0.028538812785388126 0.1126331811263318
2 0.5079908675799086 0.3607305936073059 0.01598173515981735 0.0395738203957382
6 0.3938356164383562 0.4596651445966514 0.0273972602739726 0.0791476407914764
10 0.20833333333333334 0.4429223744292237 0.03538812785388128 0.0334855403348554
10 0.17922374429223745 0.4284627092846271 0.0273972602739726 0.0258751902587519
6 0.2551369863013699 0.4611872146118721 0.026255707762557076 0.0669710806697108
16 0.8082191780821918 0.4216133942161339 0.0091324200913242 0.1035007610350076
16 0.5165525114155252 0.3858447488584475 0.010273972602739725 0.1080669710806697
7 0.4708904109589041 0.4619482496194825 0.026255707762557076 0.0532724505327245
16 0.9554794520547946 0.2990867579908676 0.01598173515981735 0.1841704718417047
7 0.8070776255707762 0.4535768645357686 0.04337899543378995 0.0547945205479452
16 0.7460045662100456 0.3394216133942161 0.014840182648401826 0.2678843226788432
16 0.2328767123287671 0.3759512937595129 0.0091324200913242 0.1491628614916286
10 0.10559360730593607 0.4353120243531202 0.026255707762557076 0.0273972602739726
3 0.11301369863013698 0.4824961948249619 0.2237442922374429 0.0273972602739726
16 0.728310502283105 0.3470319634703196 0.0136986301369863 0.2100456621004566
0 0.6289954337899544 0.3896499238964992 0.0228310502283105 0.121765601217656
5 0.19292237442922375 0.2968036529680365 0.0228310502283105 0.0334855403348554
7 0.8441780821917808 0.4512937595129376 0.030821917808219176 0.0563165905631659
