3 0.5 0.6681887366818874 0.997716894977169 0.6636225266362252
10 0.6940639269406392 0.3272450532724505 0.5114155251141552 0.2952815829528158
6 0.13070776255707764 0.3386605783866058 0.09246575342465753 0.3455098934550989
10 0.454337899543379 0.2968036529680365 0.2853881278538813 0.15220700152207
0 0.19577625570776255 0.20776255707762556 0.05365296803652968 0.2207001522070015
6 0.2271689497716895 0.2595129375951294 0.02511415525114155 0.1019786910197869
6 0.07077625570776255 0.3318112633181126 0.07990867579908675 0.2557077625570776
6 0.3881278538812785 0.2450532724505327 0.02968036529680365 0.0517503805175038
16 0.4914383561643836 0.1187214611872146 0.021689497716894976 0.2100456621004566
16 0.3361872146118721 0.2009132420091324 0.017123287671232876 0.1552511415525114
0 0.5810502283105022 0.18493150684931506 0.0228310502283105 0.1019786910197869
1 0.7077625570776256 0.1385083713850837 0.02054794520547945 0.0578386605783866
0 0.980593607305936 0.2176560121765601 0.01598173515981735 0.1035007610350076
6 0.6158675799086758 0.21993911719939116 0.021689497716894976 0.0350076103500761
0 0.934931506849315 0.21993911719939116 0.01598173515981735 0.0837138508371385
3 0.9697488584474886 0.2876712328767123 0.06050228310502283 0.0213089802130898
1 0.3441780821917808 0.15753424657534246 0.019406392694063926 0.0502283105022831
6 0.4257990867579909 0.20928462709284626 0.02054794520547945 0.0289193302891933
16 0.010273972602739725 0.22298325722983256 0.0182648401826484 0.1933028919330289
6 0.992579908675799 0.24429223744292236 0.012557077625570776 0.0441400304414003
6 0.5970319634703196 0.2237442922374429 0.0182648401826484 0.030441400304414
6 0.4537671232876712 0.2115677321156773 0.012557077625570776 0.0395738203957382
16 0.684931506849315 0.0974124809741248 0.01598173515981735 0.1796042617960426
6 0.4178082191780822 0.24429223744292236 0.0365296803652968 0.0532724505327245
0 0.6666666666666666 0.1765601217656012 0.02054794520547945 0.0730593607305936
