3 0.5005707762557078 0.7496194824961948 0.9988584474885844 0.5007610350076104
6 0.627283105022831 0.4231354642313546 0.04452054794520548 0.1095890410958904
11 0.932648401826484 0.4452054794520548 0.08447488584474885 0.0715372907153729
7 0.75 0.4452054794520548 0.0547945205479452 0.0806697108066971
0 0.125 0.363013698630137 0.03995433789954338 0.2511415525114155
16 0.1872146118721461 0.243531202435312 0.0228310502283105 0.4809741248097412
2 0.20034246575342465 0.2747336377473364 0.023972602739726026 0.0654490106544901
6 0.9235159817351598 0.4094368340943683 0.02968036529680365 0.0882800608828006
6 0.9720319634703196 0.3972602739726027 0.017123287671232876 0.0365296803652968
7 0.9834474885844748 0.4497716894977169 0.033105022831050226 0.0684931506849315
