6 0.8082191780821918 0.3911719939117199 0.1141552511415525 0.3896499238964992
6 0.2579908675799087 0.5220700152207002 0.22602739726027396 0.852359208523592
0 0.3561643835616438 0.18797564687975646 0.05707762557077625 0.3668188736681887
0 0.03139269406392694 0.20624048706240486 0.04452054794520548 0.2511415525114155
6 0.8812785388127854 0.2952815829528158 0.0365296803652968 0.1248097412480974
16 0.9457762557077626 0.23668188736681886 0.03767123287671233 0.2815829528158295
16 0.58162100456621 0.2572298325722983 0.021689497716894976 0.2800608828006088
1 0.5610730593607306 0.0791476407914764 0.03538812785388128 0.0974124809741248
5 0.5907534246575342 0.0684931506849315 0.03767123287671233 0.0730593607305936
3 0.4874429223744292 0.700152207001522 0.9726027397260274 0.5966514459665144
2 0.6073059360730594 0.0228310502283105 0.045662100456621 0.0426179604261796
6 0.9823059360730594 0.3371385083713851 0.03538812785388128 0.1689497716894977
6 0.9218036529680366 0.2792998477929985 0.019406392694063926 0.0745814307458143
6 0.16666666666666666 0.2838660578386606 0.0593607305936073 0.1750380517503805
11 0.12557077625570776 0.484779299847793 0.1415525114155251 0.3150684931506849
6 0.9777397260273972 0.2602739726027397 0.017123287671232876 0.0365296803652968
7 0.14440639269406394 0.3736681887366819 0.03538812785388128 0.0776255707762557
6 0.8144977168949772 0.2800608828006088 0.10159817351598173 0.1856925418569254
6 0.8544520547945206 0.2678843226788432 0.030821917808219176 0.0943683409436834
