3 0.5005707762557078 0.6560121765601218 0.9988584474885844 0.6879756468797564
10 0.6963470319634704 0.2937595129375951 0.273972602739726 0.1126331811263318
10 0.1598173515981735 0.2709284627092846 0.0958904109589041 0.060882800608828
0 0.5176940639269406 0.2389649923896499 0.019406392694063926 0.106544901065449
0 0.8698630136986302 0.23211567732115676 0.02511415525114155 0.1202435312024353
0 0.9172374429223744 0.23668188736681886 0.023972602739726026 0.1506849315068493
16 0.4058219178082192 0.228310502283105 0.012557077625570776 0.1430745814307458
1 0.6546803652968036 0.17427701674277016 0.012557077625570776 0.0350076103500761
1 0.13812785388127855 0.0989345509893455 0.01598173515981735 0.0487062404870624
1 0.12214611872146118 0.0974124809741248 0.01598173515981735 0.045662100456621
16 0.3767123287671233 0.20015220700152206 0.0136986301369863 0.1933028919330289
7 0.4577625570776256 0.2762557077625571 0.02511415525114155 0.0319634703196347
0 0.3144977168949772 0.2343987823439878 0.012557077625570776 0.0700152207001522
7 0.4868721461187215 0.2808219178082192 0.026255707762557076 0.0441400304414003
14 0.9257990867579908 0.3188736681887367 0.01141552511415525 0.0776255707762557
16 0.19406392694063926 0.17732115677321156 0.0136986301369863 0.1567732115677321
7 0.3059360730593607 0.2747336377473364 0.01598173515981735 0.0350076103500761
0 0.545662100456621 0.2222222222222222 0.01141552511415525 0.0852359208523592
10 0.6415525114155252 0.2465753424657534 0.0273972602739726 0.0182648401826484
14 0.9429223744292238 0.3112633181126332 0.0136986301369863 0.0532724505327245
0 0.4942922374429224 0.22298325722983256 0.0182648401826484 0.0989345509893455
