3 0.3647260273972603 0.5700152207001522 0.7271689497716894 0.4307458143074581
10 0.0656392694063927 0.3736681887366819 0.12899543378995434 0.1263318112633181
16 0.16210045662100456 0.17732115677321156 0.0319634703196347 0.3455098934550989
13 0.2922374429223744 0.3302891933028919 0.03424657534246575 0.0426179604261796
10 0.9406392694063926 0.2792998477929985 0.0365296803652968 0.0289193302891933
16 0.7614155251141552 0.16818873668188736 0.0182648401826484 0.3302891933028919
16 0.541095890410959 0.21232876712328766 0.0182648401826484 0.2663622526636225
16 0.8236301369863014 0.2656012176560122 0.012557077625570776 0.1293759512937595
2 0.5473744292237442 0.23515981735159816 0.014840182648401826 0.0350076103500761
7 0.781392694063927 0.3097412480974125 0.023972602739726026 0.0350076103500761
6 0.8350456621004566 0.30441400304414 0.019406392694063926 0.0730593607305936
10 0.9098173515981736 0.2762557077625571 0.02511415525114155 0.0228310502283105
3 0.9297945205479452 0.3310502283105023 0.1404109589041096 0.0350076103500761
0 0.8864155251141552 0.2541856925418569 0.017123287671232876 0.091324200913242
16 0.010273972602739725 0.1841704718417047 0.0182648401826484 0.2557077625570776
0 0.9754566210045662 0.2549467275494673 0.012557077625570776 0.0593607305936073
