3 0.7248858447488584 0.7503805175038052 0.5502283105022832 0.4961948249619482
10 0.9200913242009132 0.4223744292237443 0.0730593607305936 0.0715372907153729
10 0.5028538812785388 0.4140030441400304 0.10159817351598173 0.0547945205479452
10 0.2711187214611872 0.4223744292237443 0.11073059360730593 0.0806697108066971
10 0.7448630136986302 0.4337899543378995 0.2363013698630137 0.106544901065449
10 0.6643835616438356 0.4117199391171994 0.06621004566210045 0.0502283105022831
13 0.8025114155251142 0.4611872146118721 0.05251141552511415 0.0578386605783866
6 0.3321917808219178 0.4330289193302892 0.02054794520547945 0.0837138508371385
16 0.740296803652968 0.3462709284627093 0.019406392694063926 0.2907153729071537
6 0.9703196347031964 0.4277016742770167 0.0228310502283105 0.0852359208523592
6 0.3744292237442922 0.4307458143074581 0.02054794520547945 0.0791476407914764
10 0.12899543378995434 0.4216133942161339 0.0684931506849315 0.0395738203957382
10 0.5930365296803652 0.4147640791476408 0.07191780821917808 0.0654490106544901
10 0.41837899543379 0.4162861491628615 0.06278538812785388 0.0502283105022831
2 0.7311643835616438 0.3318112633181126 0.019406392694063926 0.045662100456621
16 0.341324200913242 0.2602739726027397 0.0228310502283105 0.4353120243531202
6 0.559931506849315 0.4193302891933029 0.014840182648401826 0.0593607305936073
16 0.1843607305936073 0.3645357686453577 0.012557077625570776 0.1659056316590563
16 0.8453196347031964 0.4140030441400304 0.012557077625570776 0.1461187214611872
6 0.6135844748858448 0.4200913242009132 0.023972602739726026 0.0700152207001522
6 0.16267123287671234 0.4277016742770167 0.014840182648401826 0.0426179604261796
3 0.07876712328767123 0.4634703196347032 0.1552511415525114 0.0319634703196347
10 0.9800228310502284 0.4193302891933029 0.03767123287671233 0.0745814307458143
12 0.5376712328767124 0.4292237442922374 0.0136986301369863 0.0273972602739726
10 0.3573059360730594 0.4162861491628615 0.02511415525114155 0.0350076103500761
11 0.1632420091324201 0.4383561643835616 0.0182648401826484 0.030441400304414
14 0.00684931506849315 0.4307458143074581 0.00684931506849315 0.0273972602739726
5 0.06050228310502283 0.2625570776255708 0.0273972602739726 0.0380517503805175
16 0.12157534246575342 0.3721461187214612 0.007990867579908675 0.0684931506849315
16 0.0976027397260274 0.3949771689497717 0.010273972602739725 0.0563165905631659
10 0.4577625570776256 0.4124809741248097 0.0730593607305936 0.060882800608828
10 0.851027397260274 0.4216133942161339 0.028538812785388126 0.0639269406392694
