3 0.5005707762557078 0.6598173515981736 0.9988584474885844 0.680365296803653
10 0.8299086757990868 0.2861491628614916 0.2146118721461187 0.1004566210045662
13 0.4514840182648402 0.286910197869102 0.033105022831050226 0.0410958904109589
0 0.783675799086758 0.22298325722983256 0.017123287671232876 0.0867579908675799
16 0.6718036529680366 0.15601217656012176 0.021689497716894976 0.3089802130898021
0 0.351027397260274 0.2572298325722983 0.014840182648401826 0.0700152207001522
0 0.9257990867579908 0.20928462709284626 0.01598173515981735 0.0654490106544901
0 0.5051369863013698 0.243531202435312 0.014840182648401826 0.0974124809741248
16 0.613013698630137 0.2617960426179604 0.01141552511415525 0.091324200913242
16 0.7123287671232876 0.14840182648401826 0.02968036529680365 0.2937595129375951
0 0.046232876712328765 0.24429223744292236 0.012557077625570776 0.0715372907153729
6 0.4001141552511416 0.271689497716895 0.019406392694063926 0.0715372907153729
1 0.6078767123287672 0.2039573820395738 0.014840182648401826 0.030441400304414
0 0.1952054794520548 0.24124809741248096 0.01141552511415525 0.0867579908675799
6 0.3864155251141553 0.273972602739726 0.017123287671232876 0.0639269406392694
14 0.1021689497716895 0.2929984779299848 0.007990867579908675 0.0319634703196347
16 0.1723744292237443 0.19558599695585996 0.01141552511415525 0.1811263318112633
0 0.2636986301369863 0.2526636225266362 0.0091324200913242 0.0700152207001522
10 0.8864155251141552 0.30441400304414 0.2271689497716895 0.1004566210045662
