3 0.3727168949771689 0.7077625570776256 0.7431506849315068 0.578386605783866
10 0.2688356164383562 0.380517503805175 0.08105022831050228 0.0700152207001522
1 0.7671232876712328 0.2298325722983257 0.02054794520547945 0.0487062404870624
10 0.3504566210045662 0.3721461187214612 0.06621004566210045 0.0441400304414003
10 0.4343607305936073 0.363013698630137 0.04452054794520548 0.0350076103500761
2 0.4149543378995434 0.15905631659056316 0.019406392694063926 0.0593607305936073
16 0.22203196347031964 0.3363774733637747 0.014840182648401826 0.1187214611872146
16 0.7825342465753424 0.2929984779299848 0.012557077625570776 0.2207001522070015
6 0.6050228310502284 0.3698630136986301 0.02511415525114155 0.076103500761035
2 0.3984018264840183 0.1613394216133942 0.0182648401826484 0.0547945205479452
16 0.4823059360730594 0.3257229832572298 0.014840182648401826 0.1491628614916286
16 0.7288812785388128 0.3066971080669711 0.010273972602739725 0.1415525114155251
16 0.8087899543378996 0.20015220700152206 0.019406392694063926 0.3972602739726027
0 0.535958904109589 0.3333333333333333 0.017123287671232876 0.1339421613394216
10 0.4743150684931507 0.3576864535768645 0.030821917808219176 0.0334855403348554
16 0.3087899543378995 0.273972602739726 0.017123287671232876 0.1643835616438356
16 0.17465753424657535 0.3523592085235921 0.0136986301369863 0.1171993911719939
3 0.3378995433789954 0.4056316590563166 0.23972602739726026 0.0258751902587519
0 0.511986301369863 0.3401826484018265 0.010273972602739725 0.0684931506849315
0 0.2842465753424658 0.3066971080669711 0.01598173515981735 0.0867579908675799
16 0.010273972602739725 0.3211567732115677 0.0182648401826484 0.121765601217656
18 0.625 0.3904109589041096 0.04223744292237443 0.0502283105022831
0 0.5633561643835616 0.3089802130898021 0.014840182648401826 0.076103500761035
5 0.4920091324200913 0.3120243531202435 0.0182648401826484 0.0273972602739726
