3 0.5 0.786910197869102 0.997716894977169 0.4231354642313546
10 0.829337899543379 0.4604261796042618 0.11529680365296803 0.0776255707762557
10 0.8955479452054794 0.4490106544901065 0.06506849315068493 0.0517503805175038
16 0.182648401826484 0.3135464231354642 0.0365296803652968 0.5418569254185692
0 0.6655251141552512 0.4284627092846271 0.02054794520547945 0.1354642313546423
3 0.867579908675799 0.5045662100456622 0.2648401826484018 0.0441400304414003
0 0.08732876712328767 0.4885844748858447 0.03538812785388128 0.2100456621004566
2 0.5644977168949772 0.3622526636225266 0.019406392694063926 0.0517503805175038
14 0.3767123287671233 0.54337899543379 0.01141552511415525 0.0791476407914764
14 0.454337899543379 0.532724505327245 0.01141552511415525 0.0730593607305936
0 0.9434931506849316 0.4193302891933029 0.017123287671232876 0.0989345509893455
9 0.7288812785388128 0.4383561643835616 0.03538812785388128 0.0395738203957382
0 0.011986301369863013 0.4208523592085236 0.021689497716894976 0.1415525114155251
16 0.5507990867579908 0.4277016742770167 0.014840182648401826 0.2374429223744292
0 0.3007990867579909 0.4101978691019787 0.017123287671232876 0.1385083713850837
10 0.7009132420091324 0.439117199391172 0.02511415525114155 0.0319634703196347
10 0.7505707762557078 0.4459665144596651 0.03538812785388128 0.030441400304414
0 0.3373287671232877 0.4231354642313546 0.014840182648401826 0.106544901065449
14 0.7277397260273972 0.487062404870624 0.007990867579908675 0.045662100456621
14 0.7134703196347032 0.4855403348554033 0.0091324200913242 0.045662100456621
0 0.23230593607305935 0.4056316590563166 0.017123287671232876 0.1598173515981735
0 0.3795662100456621 0.423896499238965 0.014840182648401826 0.0898021308980213
2 0.9937214611872146 0.2313546423135464 0.012557077625570776 0.0730593607305936
16 0.6198630136986302 0.4010654490106545 0.0136986301369863 0.1476407914764079
0 0.6113013698630136 0.4307458143074581 0.012557077625570776 0.0791476407914764
16 0.7174657534246576 0.4079147640791476 0.010273972602739725 0.1339421613394216
0 0.632420091324201 0.4330289193302892 0.01141552511415525 0.0867579908675799
0 0.4155251141552511 0.4185692541856925 0.01598173515981735 0.076103500761035
16 0.976027397260274 0.3675799086757991 0.01598173515981735 0.2024353120243531
11 0.992579908675799 0.4703196347031963 0.012557077625570776 0.0395738203957382
0 0.877283105022831 0.3980213089802131 0.010273972602739725 0.0471841704718417
16 0.684931506849315 0.4452054794520548 0.00684931506849315 0.1111111111111111
10 0.646689497716895 0.439117199391172 0.021689497716894976 0.0228310502283105
0 0.1295662100456621 0.4193302891933029 0.017123287671232876 0.1111111111111111
6 0.9942922374429224 0.4573820395738204 0.01141552511415525 0.0532724505327245
0 0.20319634703196346 0.4025875190258752 0.0182648401826484 0.1171993911719939
0 0.2768264840182648 0.4315068493150685 0.014840182648401826 0.0776255707762557
4 0.4115296803652968 0.5639269406392694 0.06506849315068493 0.0380517503805175
0 0.8247716894977168 0.3926940639269406 0.012557077625570776 0.0578386605783866
11 0.6775114155251142 0.4627092846270928 0.014840182648401826 0.030441400304414
6 0.6757990867579908 0.4452054794520548 0.0136986301369863 0.0289193302891933
