3 0.5005707762557078 0.6598173515981736 0.9988584474885844 0.6773211567732116
16 0.329337899543379 0.2146118721461187 0.014840182648401826 0.1491628614916286
14 0.037100456621004564 0.3455098934550989 0.017123287671232876 0.0943683409436834
14 0.502283105022831 0.3028919330289193 0.00684931506849315 0.0395738203957382
16 0.966324200913242 0.2313546423135464 0.010273972602739725 0.091324200913242
2 0.5930365296803652 0.2115677321156773 0.012557077625570776 0.0334855403348554
0 0.2608447488584475 0.213089802130898 0.030821917808219176 0.1339421613394216
2 0.8898401826484018 0.1963470319634703 0.010273972602739725 0.0243531202435312
14 0.5616438356164384 0.3059360730593607 0.00684931506849315 0.0334855403348554
16 0.6015981735159818 0.1796042617960426 0.01598173515981735 0.2526636225266362
16 0.4646118721461187 0.2207001522070015 0.0091324200913242 0.1552511415525114
16 0.6329908675799086 0.15296803652968036 0.017123287671232876 0.2998477929984779
14 0.5308219178082192 0.3059360730593607 0.00684931506849315 0.0334855403348554
16 0.4463470319634703 0.22146118721461186 0.01141552511415525 0.1567732115677321
16 0.5536529680365296 0.2686453576864536 0.00684931506849315 0.0684931506849315
2 0.4526255707762557 0.23211567732115676 0.010273972602739725 0.0228310502283105
16 0.3013698630136986 0.14687975646879756 0.0182648401826484 0.2907153729071537
14 0.4360730593607306 0.2952815829528158 0.00684931506849315 0.030441400304414
0 0.11015981735159817 0.16514459665144596 0.012557077625570776 0.0532724505327245
0 0.04337899543378995 0.15753424657534246 0.02054794520547945 0.0593607305936073
3 0.514269406392694 0.3097412480974125 0.13812785388127855 0.0197869101978691
