3 0.5856164383561644 0.7800608828006088 0.8287671232876712 0.4398782343987823
10 0.1643835616438356 0.5662100456621004 0.3013698630136986 0.1430745814307458
10 0.79337899543379 0.5083713850837138 0.0547945205479452 0.0426179604261796
6 0.571917808219178 0.5251141552511416 0.0273972602739726 0.0791476407914764
9 0.0656392694063927 0.5213089802130898 0.12899543378995434 0.1019786910197869
16 0.5188356164383562 0.4269406392694064 0.014840182648401826 0.2511415525114155
1 0.5279680365296804 0.4444444444444444 0.014840182648401826 0.0365296803652968
7 0.3184931506849315 0.5380517503805176 0.02511415525114155 0.0380517503805175
0 0.8704337899543378 0.4840182648401826 0.012557077625570776 0.060882800608828
0 0.7009132420091324 0.4809741248097412 0.02054794520547945 0.1126331811263318
0 0.944634703196347 0.4855403348554033 0.012557077625570776 0.0669710806697108
7 0.6723744292237442 0.5372907153729072 0.02968036529680365 0.0365296803652968
0 0.9920091324200914 0.4840182648401826 0.0136986301369863 0.0791476407914764
0 0.9035388127853882 0.487062404870624 0.012557077625570776 0.0547945205479452
6 0.6461187214611872 0.5038051750380518 0.01141552511415525 0.0395738203957382
0 0.8184931506849316 0.4824961948249619 0.01141552511415525 0.0547945205479452
6 0.672945205479452 0.5228310502283106 0.019406392694063926 0.0563165905631659
0 0.8424657534246576 0.4832572298325723 0.01141552511415525 0.0563165905631659
16 0.1432648401826484 0.3234398782343988 0.014840182648401826 0.1902587519025875
3 0.8567351598173516 0.5418569254185692 0.2865296803652968 0.0243531202435312
16 0.5810502283105022 0.378234398782344 0.0136986301369863 0.3363774733637747
5 0.9931506849315068 0.3515981735159817 0.0136986301369863 0.0334855403348554
