3 0.5005707762557078 0.821917808219178 0.9965753424657534 0.3561643835616438
10 0.8310502283105022 0.6453576864535768 0.3356164383561644 0.2496194824961948
6 0.1284246575342466 0.723744292237443 0.2545662100456621 0.5494672754946728
11 0.2328767123287671 0.5905631659056316 0.08447488584474885 0.0700152207001522
7 0.2146118721461187 0.8721461187214612 0.4269406392694064 0.2496194824961948
1 0.519406392694064 0.3949771689497717 0.02054794520547945 0.0563165905631659
0 0.06449771689497717 0.4786910197869102 0.033105022831050226 0.1567732115677321
16 0.5068493150684932 0.4961948249619482 0.01598173515981735 0.2617960426179604
16 0.4400684931506849 0.5464231354642314 0.012557077625570776 0.167427701674277
0 0.7928082191780822 0.5053272450532724 0.03538812785388128 0.1643835616438356
16 0.819634703196347 0.4923896499238965 0.0136986301369863 0.1537290715372907
16 0.8767123287671232 0.4771689497716895 0.0091324200913242 0.1050228310502283
