11 0.8720588235294118 0.15845588235294117 0.10098039215686275 0.09044117647058823
0 0.3803921568627451 0.17536764705882352 0.08627450980392157 0.3492647058823529
6 0.7941176470588235 0.12022058823529412 0.025490196078431372 0.04338235294117647
10 0.4906862745098039 0.12242647058823529 0.07549019607843137 0.030147058823529412
11 0.4818627450980392 0.1849264705882353 0.11666666666666667 0.1036764705882353
10 0.765686274509804 0.12169117647058823 0.11372549019607843 0.04044117647058824
6 0.6431372549019608 0.1264705882352941 0.025490196078431372 0.05
6 0.6965686274509804 0.11985294117647059 0.018627450980392157 0.03676470588235294
10 0.5715686274509804 0.11286764705882353 0.06274509803921569 0.019852941176470587
10 0.43480392156862746 0.11470588235294117 0.022549019607843137 0.014705882352941176
10 0.3975490196078431 0.11691176470588235 0.016666666666666666 0.014705882352941176
11 0.4514705882352941 0.24375 0.22254901960784312 0.10808823529411765
0 0.1450980392156863 0.13419117647058823 0.03725490196078431 0.1036764705882353
10 0.21715686274509804 0.13051470588235295 0.09705882352941177 0.04044117647058824
10 0.4161764705882353 0.11580882352941177 0.022549019607843137 0.015441176470588236
0 0.30196078431372547 0.11838235294117647 0.01568627450980392 0.057352941176470586
10 0.6034313725490196 0.11176470588235295 0.022549019607843137 0.014705882352941176
10 0.7740196078431373 0.1036764705882353 0.07745098039215687 0.025
0 0.23088235294117648 0.11764705882352941 0.026470588235294117 0.057352941176470586
6 0.6627450980392157 0.1125 0.011764705882352941 0.014705882352941176
2 0.4877450980392157 0.06286764705882353 0.008823529411764706 0.015441176470588236
16 0.3269607843137255 0.11360294117647059 0.016666666666666666 0.06691176470588235
1 0.5166666666666667 0.06139705882352941 0.00980392156862745 0.015441176470588236
4 0.6745098039215687 0.5974264705882353 0.4803921568627451 0.8051470588235294
15 0.8921568627450981 0.3698529411764706 0.07647058823529412 0.07647058823529412
15 0.7848039215686274 0.29191176470588237 0.06372549019607843 0.054411764705882354
15 0.7480392156862745 0.2452205882352941 0.043137254901960784 0.04338235294117647
15 0.7220588235294118 0.21948529411764706 0.03431372549019608 0.03161764705882353
15 0.7058823529411765 0.2036764705882353 0.027450980392156862 0.027941176470588237
15 0.6950980392156862 0.19191176470588237 0.025490196078431372 0.023529411764705882
15 0.6897058823529412 0.18345588235294116 0.026470588235294117 0.022794117647058822
11 0.663235294117647 0.1150735294117647 0.022549019607843137 0.0125
6 0.7259803921568627 0.10919117647058824 0.012745098039215686 0.019852941176470587
9 0.03333333333333333 0.1275735294117647 0.06470588235294118 0.05367647058823529
