3 0.6170091324200914 0.6590563165905632 0.7659817351598174 0.6818873668188736
16 0.8105022831050228 0.17427701674277016 0.045662100456621 0.3424657534246575
6 0.12728310502283105 0.2701674277016743 0.028538812785388126 0.0593607305936073
0 0.714041095890411 0.2595129375951294 0.014840182648401826 0.0837138508371385
2 0.3767123287671233 0.2009132420091324 0.0136986301369863 0.0334855403348554
13 0.010844748858447488 0.2785388127853881 0.019406392694063926 0.045662100456621
0 0.06906392694063927 0.2404870624048706 0.014840182648401826 0.091324200913242
0 0.24600456621004566 0.2359208523592085 0.014840182648401826 0.1095890410958904
0 0.5781963470319634 0.258751902587519 0.012557077625570776 0.0821917808219178
0 0.4240867579908676 0.2526636225266362 0.014840182648401826 0.0974124809741248
0 0.1769406392694064 0.2343987823439878 0.01598173515981735 0.1004566210045662
16 0.3829908675799087 0.2420091324200913 0.010273972602739725 0.1339421613394216
0 0.8253424657534246 0.2648401826484018 0.0136986301369863 0.0882800608828006
0 0.02968036529680365 0.22907153729071536 0.0136986301369863 0.1019786910197869
0 0.9383561643835616 0.2762557077625571 0.01598173515981735 0.0715372907153729
0 0.3127853881278539 0.2420091324200913 0.0136986301369863 0.0943683409436834
0 0.11073059360730593 0.2267884322678843 0.01141552511415525 0.0791476407914764
19 0.934931506849315 0.3127853881278539 0.01141552511415525 0.0228310502283105
0 0.4372146118721461 0.24733637747336376 0.0136986301369863 0.0958904109589041
