3 0.3339041095890411 0.6887366818873668 0.6655251141552512 0.6225266362252664
10 0.9115296803652968 0.3409436834094368 0.1769406392694064 0.182648401826484
10 0.6289954337899544 0.3493150684931507 0.2465753424657534 0.1111111111111111
11 0.1284246575342466 0.3668188736681887 0.04223744292237443 0.060882800608828
10 0.0976027397260274 0.3287671232876712 0.10388127853881278 0.0821917808219178
6 0.4520547945205479 0.334855403348554 0.02054794520547945 0.0791476407914764
16 0.5393835616438356 0.15296803652968036 0.021689497716894976 0.2998477929984779
6 0.5422374429223744 0.3112633181126332 0.02968036529680365 0.0502283105022831
10 0.18835616438356165 0.3165905631659056 0.05251141552511415 0.0487062404870624
11 0.2505707762557078 0.350076103500761 0.05593607305936073 0.0487062404870624
10 0.02910958904109589 0.3310502283105023 0.04223744292237443 0.0593607305936073
16 0.5759132420091324 0.2732115677321157 0.010273972602739725 0.0928462709284627
10 0.0365296803652968 0.541095890410959 0.07077625570776255 0.2633181126331811
6 0.1278538812785388 0.3432267884322679 0.0319634703196347 0.0776255707762557
10 0.15468036529680365 0.3226788432267884 0.033105022831050226 0.0426179604261796
16 0.7562785388127854 0.19406392694063926 0.017123287671232876 0.3211567732115677
16 0.3784246575342466 0.3082191780821918 0.012557077625570776 0.1080669710806697
6 0.2517123287671233 0.3378995433789954 0.021689497716894976 0.076103500761035
6 0.3019406392694064 0.334855403348554 0.023972602739726026 0.0730593607305936
6 0.4765981735159817 0.3272450532724505 0.021689497716894976 0.0852359208523592
7 0.8430365296803652 0.3127853881278539 0.023972602739726026 0.0441400304414003
1 0.3784246575342466 0.2343987823439878 0.014840182648401826 0.0334855403348554
16 0.6974885844748858 0.2519025875190259 0.01141552511415525 0.1019786910197869
14 0.4143835616438356 0.3508371385083714 0.00684931506849315 0.0350076103500761
11 0.2985159817351598 0.3493150684931507 0.04452054794520548 0.0471841704718417
6 0.2345890410958904 0.332572298325723 0.021689497716894976 0.0684931506849315
10 0.216324200913242 0.3181126331811263 0.014840182648401826 0.030441400304414
7 0.8818493150684932 0.3051750380517504 0.021689497716894976 0.0289193302891933
13 0.7905251141552512 0.3302891933028919 0.04908675799086758 0.060882800608828
9 0.2842465753424658 0.2990867579908676 0.04794520547945205 0.0441400304414003
3 0.1872146118721461 0.3599695585996956 0.0776255707762557 0.0167427701674277
