3 0.6455479452054794 0.8165905631659056 0.708904109589041 0.3668188736681887
13 0.7340182648401826 0.6080669710806698 0.05251141552511415 0.0471841704718417
9 0.19006849315068494 0.5357686453576864 0.1952054794520548 0.1582952815829528
14 0.6404109589041096 0.601978691019787 0.01141552511415525 0.0654490106544901
0 0.5302511415525114 0.5167427701674278 0.026255707762557076 0.1567732115677321
12 0.2791095890410959 0.6057838660578386 0.017123287671232876 0.0426179604261796
0 0.4349315068493151 0.4855403348554033 0.02054794520547945 0.0852359208523592
12 0.2591324200913242 0.60882800608828 0.01598173515981735 0.0365296803652968
1 0.24143835616438356 0.4619482496194825 0.014840182648401826 0.0350076103500761
14 0.5764840182648402 0.5981735159817352 0.01141552511415525 0.0639269406392694
0 0.33162100456621 0.484779299847793 0.019406392694063926 0.1050228310502283
0 0.670662100456621 0.5251141552511416 0.023972602739726026 0.1461187214611872
14 0.3344748858447489 0.5852359208523592 0.0091324200913242 0.0502283105022831
16 0.1934931506849315 0.3470319634703196 0.014840182648401826 0.258751902587519
16 0.6181506849315068 0.5418569254185692 0.007990867579908675 0.1308980213089802
12 0.319634703196347 0.604261796042618 0.0136986301369863 0.0426179604261796
0 0.8909817351598174 0.5213089802130898 0.012557077625570776 0.1445966514459665
6 0.6655251141552512 0.5639269406392694 0.02511415525114155 0.0837138508371385
14 0.3002283105022831 0.5806697108066972 0.0091324200913242 0.0471841704718417
16 0.2317351598173516 0.4802130898021309 0.0091324200913242 0.0806697108066971
5 0.11700913242009132 0.3835616438356164 0.014840182648401826 0.0273972602739726
16 0.797945205479452 0.5091324200913242 0.01598173515981735 0.1598173515981735
5 0.0976027397260274 0.3835616438356164 0.017123287671232876 0.0273972602739726
16 0.3070776255707763 0.525875190258752 0.01141552511415525 0.1445966514459665
12 0.3270547945205479 0.6012176560121766 0.014840182648401826 0.045662100456621
