3 0.4257990867579909 0.6681887366818874 0.8493150684931506 0.6605783866057838
10 0.09075342465753425 0.363013698630137 0.17922374429223745 0.1324200913242009
16 0.2134703196347032 0.18340943683409436 0.045662100456621 0.3485540334855403
10 0.8852739726027398 0.24733637747336376 0.07876712328767123 0.0684931506849315
16 0.4617579908675799 0.2267884322678843 0.019406392694063926 0.2161339421613394
6 0.6329908675799086 0.2914764079147641 0.03538812785388128 0.1050228310502283
2 0.4737442922374429 0.1598173515981735 0.0228310502283105 0.045662100456621
2 0.8281963470319634 0.0334855403348554 0.023972602739726026 0.0639269406392694
3 0.8829908675799086 0.289193302891933 0.23401826484018265 0.0365296803652968
0 0.547945205479452 0.228310502283105 0.01598173515981735 0.0669710806697108
16 0.2825342465753425 0.21232876712328766 0.014840182648401826 0.0898021308980213
14 0.5684931506849316 0.3127853881278539 0.0091324200913242 0.0502283105022831
16 0.07534246575342465 0.1506849315068493 0.05251141552511415 0.2983257229832572
14 0.75 0.2823439878234399 0.0045662100456621 0.0350076103500761
6 0.7893835616438356 0.2389649923896499 0.010273972602739725 0.0273972602739726
16 0.3396118721461187 0.2070015220700152 0.014840182648401826 0.1095890410958904
14 0.5245433789954338 0.3181126331811263 0.010273972602739725 0.0487062404870624
7 0.5062785388127854 0.2922374429223744 0.023972602739726026 0.045662100456621
7 0.5365296803652968 0.2907153729071537 0.0182648401826484 0.0426179604261796
16 0.7351598173515982 0.14840182648401826 0.01141552511415525 0.2389649923896499
16 0.6940639269406392 0.2161339421613394 0.00684931506849315 0.1004566210045662
0 0.5616438356164384 0.23059360730593606 0.0136986301369863 0.0593607305936073
7 0.4851598173515982 0.2937595129375951 0.02054794520547945 0.0517503805175038
7 0.5519406392694064 0.289193302891933 0.019406392694063926 0.045662100456621
0 0.3972602739726027 0.22450532724505326 0.0273972602739726 0.0867579908675799
18 0.6341324200913242 0.3257229832572298 0.03767123287671233 0.060882800608828
14 0.7551369863013698 0.2823439878234399 0.007990867579908675 0.0380517503805175
7 0.579337899543379 0.286910197869102 0.017123287671232876 0.0380517503805175
