6 0.36470588235294116 0.16654411764705881 0.03529411764705882 0.08602941176470588
0 0.14362745098039215 0.18419117647058825 0.14411764705882352 0.3654411764705882
0 0.8431372549019608 0.1411764705882353 0.0784313725490196 0.1338235294117647
10 0.041666666666666664 0.15110294117647058 0.06568627450980392 0.03602941176470588
0 0.25049019607843137 0.1713235294117647 0.04215686274509804 0.10588235294117647
0 0.6450980392156863 0.13088235294117648 0.03529411764705882 0.13970588235294118
10 0.01764705882352941 0.15588235294117647 0.03333333333333333 0.03676470588235294
0 0.9014705882352941 0.14705882352941177 0.10098039215686275 0.22058823529411764
0 0.2857843137254902 0.1676470588235294 0.030392156862745098 0.04852941176470588
0 0.9593137254901961 0.15404411764705883 0.059803921568627454 0.1125
16 0.12156862745098039 0.08272058823529412 0.060784313725490195 0.16397058823529412
4 0.25980392156862747 0.6058823529411764 0.38235294117647056 0.788235294117647
