10 0.09474885844748858 0.3409436834094368 0.1872146118721461 0.2009132420091324
3 0.4994292237442922 0.6940639269406392 0.9965753424657534 0.6118721461187214
6 0.634703196347032 0.4124809741248097 0.06164383561643835 0.2496194824961948
10 0.6569634703196348 0.365296803652968 0.3527397260273973 0.1856925418569254
9 0.930365296803653 0.3302891933028919 0.13926940639269406 0.1126331811263318
10 0.0976027397260274 0.2800608828006088 0.09246575342465753 0.0700152207001522
2 0.4800228310502283 0.1187214611872146 0.014840182648401826 0.0578386605783866
1 0.7585616438356164 0.20319634703196346 0.021689497716894976 0.0654490106544901
16 0.809931506849315 0.1780821917808219 0.028538812785388126 0.3531202435312024
16 0.7699771689497716 0.2480974124809741 0.014840182648401826 0.1735159817351598
0 0.8590182648401826 0.3112633181126332 0.021689497716894976 0.1019786910197869
16 0.6244292237442922 0.1385083713850837 0.0182648401826484 0.2678843226788432
14 0.9748858447488584 0.3538812785388128 0.02511415525114155 0.1050228310502283
1 0.601027397260274 0.2252663622526636 0.010273972602739725 0.030441400304414
14 0.9492009132420092 0.3774733637747336 0.010273972602739725 0.0578386605783866
16 0.5490867579908676 0.1993911719939117 0.01141552511415525 0.1461187214611872
16 0.5941780821917808 0.2359208523592085 0.010273972602739725 0.0669710806697108
14 0.9948630136986302 0.3744292237442922 0.010273972602739725 0.060882800608828
3 0.319634703196347 0.334855403348554 0.3333333333333333 0.030441400304414
11 0.7962328767123288 0.3439878234398782 0.04908675799086758 0.0395738203957382
6 0.7968036529680366 0.3287671232876712 0.01598173515981735 0.0426179604261796
14 0.9634703196347032 0.3789954337899543 0.0136986301369863 0.0578386605783866
9 0.4668949771689498 0.2998477929984779 0.02968036529680365 0.0334855403348554
