3 0.5005707762557078 0.6872146118721462 0.9988584474885844 0.6255707762557078
10 0.1872146118721461 0.3432267884322679 0.22602739726027396 0.0928462709284627
10 0.7773972602739726 0.3203957382039574 0.091324200913242 0.0502283105022831
10 0.06735159817351598 0.3546423135464231 0.1324200913242009 0.106544901065449
16 0.3681506849315068 0.1887366818873668 0.019406392694063926 0.3378995433789954
6 0.5964611872146118 0.319634703196347 0.012557077625570776 0.0487062404870624
2 0.3738584474885845 0.1856925418569254 0.019406392694063926 0.045662100456621
6 0.5810502283105022 0.319634703196347 0.0136986301369863 0.0487062404870624
0 0.4143835616438356 0.2922374429223744 0.01141552511415525 0.0882800608828006
14 0.622716894977169 0.3432267884322679 0.007990867579908675 0.0471841704718417
6 0.6118721461187214 0.3203957382039574 0.0136986301369863 0.0532724505327245
14 0.5251141552511416 0.3439878234398782 0.00684931506849315 0.045662100456621
2 0.5188356164383562 0.2595129375951294 0.010273972602739725 0.0228310502283105
0 0.285958904109589 0.2853881278538813 0.012557077625570776 0.0928462709284627
14 0.4754566210045662 0.3455098934550989 0.007990867579908675 0.0426179604261796
16 0.7060502283105022 0.1933028919330289 0.012557077625570776 0.2709284627092846
14 0.5742009132420092 0.350076103500761 0.00684931506849315 0.0365296803652968
16 0.5136986301369864 0.2876712328767123 0.00684931506849315 0.0974124809741248
16 0.4617579908675799 0.1719939117199391 0.014840182648401826 0.334855403348554
3 0.8972602739726028 0.3211567732115677 0.19863013698630136 0.0213089802130898
5 0.9931506849315068 0.182648401826484 0.0136986301369863 0.0273972602739726
0 0.01769406392694064 0.2732115677321157 0.014840182648401826 0.0715372907153729
0 0.14554794520547945 0.273972602739726 0.021689497716894976 0.060882800608828
10 0.050799086757990865 0.423896499238965 0.09931506849315068 0.1872146118721461
3 0.5570776255707762 0.3523592085235921 0.21689497716894976 0.0289193302891933
