3 0.5993150684931506 0.7450532724505328 0.7899543378995434 0.5098934550989346
11 0.13812785388127855 0.7945205479452054 0.273972602739726 0.4079147640791476
9 0.944634703196347 0.4406392694063927 0.11073059360730593 0.2420091324200913
6 0.5759132420091324 0.439117199391172 0.023972602739726026 0.0806697108066971
0 0.23116438356164384 0.3919330289193303 0.030821917808219176 0.1811263318112633
7 0.6341324200913242 0.4733637747336377 0.05821917808219178 0.0487062404870624
0 0.6929223744292238 0.3904109589041096 0.0182648401826484 0.1750380517503805
6 0.046232876712328765 0.7047184170471842 0.09018264840182648 0.3713850837138508
1 0.7842465753424658 0.3485540334855403 0.01598173515981735 0.0517503805175038
16 0.4166666666666667 0.4216133942161339 0.0091324200913242 0.1187214611872146
1 0.4765981735159817 0.3508371385083714 0.017123287671232876 0.0350076103500761
6 0.805365296803653 0.4269406392694064 0.010273972602739725 0.0350076103500761
6 0.7945205479452054 0.4284627092846271 0.0091324200913242 0.0350076103500761
6 0.5930365296803652 0.4452054794520548 0.014840182648401826 0.0684931506849315
16 0.466324200913242 0.3439878234398782 0.014840182648401826 0.2770167427701674
6 0.6381278538812786 0.4512937595129376 0.02968036529680365 0.0715372907153729
14 0.5159817351598174 0.4665144596651446 0.0091324200913242 0.0410958904109589
16 0.7659817351598174 0.4246575342465753 0.00684931506849315 0.0669710806697108
16 0.9594748858447488 0.24885844748858446 0.012557077625570776 0.1385083713850837
6 0.8213470319634704 0.4292237442922374 0.012557077625570776 0.0365296803652968
16 0.610730593607306 0.24429223744292236 0.01598173515981735 0.4459665144596651
16 0.3304794520547945 0.332572298325723 0.017123287671232876 0.2968036529680365
0 0.7539954337899544 0.4162861491628615 0.010273972602739725 0.0563165905631659
14 0.565068493150685 0.4657534246575342 0.00684931506849315 0.0334855403348554
3 0.8647260273972602 0.4680365296803653 0.06735159817351598 0.0197869101978691
6 0.8384703196347032 0.4269406392694064 0.012557077625570776 0.0350076103500761
16 0.7768264840182648 0.4178082191780822 0.005707762557077625 0.0867579908675799
