3 0.4549086757990868 0.8181126331811264 0.9075342465753424 0.3637747336377473
16 0.6592465753424658 0.3493150684931507 0.03538812785388128 0.5829528158295282
16 0.726027397260274 0.3135464231354642 0.04794520547945205 0.6210045662100456
10 0.17180365296803654 0.487062404870624 0.08561643835616438 0.0578386605783866
2 0.6558219178082192 0.3333333333333333 0.04223744292237443 0.1004566210045662
0 0.3059360730593607 0.471841704718417 0.01598173515981735 0.0974124809741248
0 0.1797945205479452 0.4627092846270928 0.019406392694063926 0.167427701674277
16 0.2300228310502283 0.3066971080669711 0.03995433789954338 0.6103500761035008
0 0.07191780821917808 0.4398782343987823 0.0136986301369863 0.1035007610350076
3 0.07420091324200913 0.5578386605783866 0.1461187214611872 0.0715372907153729
11 0.03881278538812785 0.4710806697108067 0.03424657534246575 0.0350076103500761
16 0.09360730593607305 0.4155251141552511 0.0091324200913242 0.136986301369863
10 0.10730593607305935 0.4497716894977169 0.0319634703196347 0.0258751902587519
16 0.2636986301369863 0.4649923896499239 0.0091324200913242 0.1171993911719939
11 0.0839041095890411 0.4748858447488584 0.019406392694063926 0.0273972602739726
