18 0.421078431372549 0.1988970588235294 0.2931372549019608 0.2286764705882353
0 0.08627450980392157 0.2746323529411765 0.16862745098039217 0.5433823529411764
13 0.1818627450980392 0.2889705882352941 0.1715686274509804 0.17647058823529413
0 0.3813725490196078 0.04632352941176471 0.060784313725490195 0.09117647058823529
0 0.8323529411764706 0.10992647058823529 0.07647058823529412 0.20073529411764707
4 0.4426470588235294 0.59375 0.4598039215686274 0.8036764705882353
11 0.828921568627451 0.15514705882352942 0.14019607843137255 0.075
18 0.5426470588235294 0.15220588235294116 0.07352941176470588 0.11323529411764706
18 0.6514705882352941 0.12389705882352942 0.05196078431372549 0.05367647058823529
11 0.7004901960784313 0.13014705882352942 0.026470588235294117 0.03235294117647059
11 0.5946078431372549 0.16213235294117648 0.04215686274509804 0.04485294117647059
16 0.432843137254902 0.04485294117647059 0.03627450980392157 0.08823529411764706
6 0.9534313725490197 0.27058823529411763 0.0892156862745098 0.11764705882352941
11 0.9759803921568627 0.11102941176470588 0.04803921568627451 0.03529411764705882
6 0.7348039215686275 0.11544117647058824 0.024509803921568627 0.04264705882352941
0 0.20931372549019608 0.10514705882352941 0.05196078431372549 0.09705882352941177
11 0.9544117647058824 0.2698529411764706 0.0892156862745098 0.1161764705882353
11 0.9245098039215687 0.10514705882352941 0.06274509803921569 0.025
0 0.7637254901960784 0.07720588235294118 0.03529411764705882 0.09852941176470588
6 0.7 0.11360294117647059 0.025490196078431372 0.030147058823529412
0 0.6279411764705882 0.11727941176470588 0.014705882352941176 0.06544117647058824
11 0.7573529411764706 0.1411764705882353 0.04019607843137255 0.047058823529411764
0 0.6014705882352941 0.10919117647058824 0.016666666666666666 0.07720588235294118
16 0.6122549019607844 0.11691176470588235 0.012745098039215686 0.075
