3 0.5 0.7321156773211568 0.997716894977169 0.5357686453576864
10 0.23116438356164384 0.4025875190258752 0.08789954337899543 0.0928462709284627
6 0.3487442922374429 0.4079147640791476 0.026255707762557076 0.0821917808219178
0 0.4332191780821918 0.3744292237442922 0.023972602739726026 0.1704718417047184
0 0.8321917808219178 0.363013698630137 0.02511415525114155 0.2024353120243531
6 0.9383561643835616 0.4208523592085236 0.02054794520547945 0.0684931506849315
0 0.6404109589041096 0.3774733637747336 0.02968036529680365 0.1765601217656012
10 0.12100456621004566 0.3980213089802131 0.1141552511415525 0.0898021308980213
1 0.03424657534246575 0.1156773211567732 0.0365296803652968 0.091324200913242
11 0.3801369863013699 0.4315068493150685 0.05707762557077625 0.0563165905631659
2 0.5622146118721462 0.12252663622526636 0.026255707762557076 0.0958904109589041
6 0.9554794520547946 0.4193302891933029 0.0182648401826484 0.0624048706240487
16 0.5582191780821918 0.3143074581430746 0.01598173515981735 0.2907153729071537
10 0.9840182648401826 0.4436834094368341 0.0319634703196347 0.0989345509893455
1 0.5473744292237442 0.3287671232876712 0.019406392694063926 0.0426179604261796
16 0.4891552511415525 0.3378995433789954 0.012557077625570776 0.2343987823439878
11 0.1386986301369863 0.441400304414003 0.08789954337899543 0.0669710806697108
16 0.0319634703196347 0.3987823439878234 0.01141552511415525 0.1126331811263318
12 0.4200913242009132 0.4375951293759513 0.01598173515981735 0.0380517503805175
12 0.5051369863013698 0.4429223744292237 0.017123287671232876 0.0395738203957382
16 0.021689497716894976 0.3394216133942161 0.0319634703196347 0.197869101978691
