3 0.5005707762557078 0.7640791476407914 0.9988584474885844 0.471841704718417
10 0.7928082191780822 0.4779299847792998 0.06050228310502283 0.0547945205479452
13 0.20490867579908675 0.5045662100456622 0.04452054794520548 0.0471841704718417
11 0.026255707762557076 0.6841704718417048 0.0502283105022831 0.2937595129375951
1 0.5513698630136986 0.3942161339421613 0.0136986301369863 0.0334855403348554
14 0.2534246575342466 0.512937595129376 0.0091324200913242 0.0395738203957382
16 0.8852739726027398 0.3942161339421613 0.014840182648401826 0.2009132420091324
6 0.6655251141552512 0.4832572298325723 0.01598173515981735 0.0502283105022831
7 0.025684931506849314 0.5045662100456622 0.03538812785388128 0.0502283105022831
16 0.04509132420091324 0.3828006088280061 0.019406392694063926 0.2907153729071537
16 0.5593607305936074 0.4421613394216134 0.0091324200913242 0.1445966514459665
2 0.9897260273972602 0.34779299847793 0.01598173515981735 0.0441400304414003
7 0.4526255707762557 0.5 0.04908675799086758 0.0471841704718417
14 0.3213470319634703 0.510654490106545 0.010273972602739725 0.0410958904109589
7 0.09988584474885845 0.5076103500761036 0.03995433789954338 0.0532724505327245
7 0.13641552511415525 0.5053272450532724 0.033105022831050226 0.0517503805175038
14 0.5308219178082192 0.5060882800608828 0.00684931506849315 0.0380517503805175
16 0.6712328767123288 0.3614916286149163 0.0091324200913242 0.2237442922374429
14 0.5684931506849316 0.5038051750380518 0.00684931506849315 0.0334855403348554
14 0.4851598173515982 0.5053272450532724 0.00684931506849315 0.0334855403348554
14 0.3812785388127854 0.5114155251141552 0.0091324200913242 0.0365296803652968
14 0.6004566210045662 0.5068493150684932 0.00684931506849315 0.0273972602739726
3 0.8304794520547946 0.5167427701674278 0.339041095890411 0.0289193302891933
14 0.6318493150684932 0.5038051750380518 0.005707762557077625 0.0273972602739726
14 0.6535388127853882 0.5 0.007990867579908675 0.0258751902587519
16 0.2762557077625571 0.441400304414003 0.0091324200913242 0.1278538812785388
14 0.2676940639269406 0.9292237442922374 0.06278538812785388 0.1385083713850837
12 0.3738584474885845 0.5121765601217656 0.010273972602739725 0.0289193302891933
16 0.6301369863013698 0.4117199391171994 0.00684931506849315 0.1080669710806697
16 0.7876712328767124 0.3942161339421613 0.0091324200913242 0.1156773211567732
7 0.06050228310502283 0.5068493150684932 0.0319634703196347 0.0487062404870624
14 0.07077625570776255 0.5114155251141552 0.01141552511415525 0.0395738203957382
11 0.23116438356164384 0.4764079147640791 0.04223744292237443 0.030441400304414
14 0.4372146118721461 0.5060882800608828 0.00684931506849315 0.0380517503805175
14 0.6889269406392694 0.4908675799086758 0.005707762557077625 0.0258751902587519
6 0.4594748858447489 0.4665144596651446 0.017123287671232876 0.0471841704718417
