3 0.8162100456621004 0.7100456621004566 0.3675799086757991 0.5799086757990868
10 0.4851598173515982 0.4117199391171994 0.3789954337899543 0.1628614916286149
6 0.2237442922374429 0.3584474885844749 0.0365296803652968 0.1019786910197869
6 0.1769406392694064 0.3622526636225266 0.0319634703196347 0.091324200913242
10 0.9560502283105022 0.3508371385083714 0.06278538812785388 0.0532724505327245
0 0.4092465753424658 0.3028919330289193 0.04452054794520548 0.15220700152207
0 0.6187214611872146 0.2998477929984779 0.02511415525114155 0.106544901065449
16 0.7294520547945206 0.2686453576864536 0.02054794520547945 0.2815829528158295
2 0.769406392694064 0.2663622526636225 0.02054794520547945 0.0487062404870624
0 0.8561643835616438 0.2975646879756469 0.0228310502283105 0.1933028919330289
6 0.809931506849315 0.3554033485540335 0.021689497716894976 0.0776255707762557
0 0.12385844748858447 0.3264840182648402 0.028538812785388126 0.1811263318112633
6 0.8812785388127854 0.3523592085235921 0.0228310502283105 0.0745814307458143
0 0.5930365296803652 0.289193302891933 0.019406392694063926 0.1126331811263318
16 0.7745433789954338 0.2610350076103501 0.019406392694063926 0.2968036529680365
14 0.3087899543378995 0.380517503805175 0.010273972602739725 0.045662100456621
3 0.9372146118721462 0.4140030441400304 0.12557077625570776 0.0426179604261796
14 0.20947488584474885 0.3896499238964992 0.010273972602739725 0.0487062404870624
7 0.7545662100456622 0.3774733637747336 0.07534246575342465 0.0547945205479452
6 0.7905251141552512 0.3455098934550989 0.017123287671232876 0.060882800608828
0 0.16210045662100456 0.2968036529680365 0.0182648401826484 0.091324200913242
10 0.9800228310502284 0.3394216133942161 0.03995433789954338 0.0365296803652968
10 0.011986301369863013 0.3820395738203957 0.021689497716894976 0.1278538812785388
0 0.9195205479452054 0.3165905631659056 0.017123287671232876 0.1278538812785388
14 0.04052511415525114 0.393455098934551 0.014840182648401826 0.0532724505327245
14 0.8207762557077626 0.3744292237442922 0.00684931506849315 0.0365296803652968
14 0.8858447488584474 0.3721461187214612 0.0091324200913242 0.0410958904109589
