3 0.7397260273972602 0.6948249619482496 0.5205479452054794 0.6073059360730594
10 0.026255707762557076 0.3287671232876712 0.0502283105022831 0.0517503805175038
0 0.872716894977169 0.2777777777777778 0.03995433789954338 0.2146118721461187
0 0.5399543378995434 0.2861491628614916 0.0273972602739726 0.1704718417047184
10 0.3127853881278539 0.3112633181126332 0.02511415525114155 0.0258751902587519
10 0.1643835616438356 0.3158295281582953 0.05251141552511415 0.0441400304414003
1 0.4960045662100457 0.21689497716894976 0.017123287671232876 0.0471841704718417
0 0.3944063926940639 0.2975646879756469 0.021689497716894976 0.1263318112633181
16 0.4948630136986301 0.3074581430745814 0.010273972602739725 0.1248097412480974
10 0.3327625570776256 0.3074581430745814 0.019406392694063926 0.0243531202435312
5 0.3550228310502283 0.22754946727549466 0.02054794520547945 0.0289193302891933
16 0.7243150684931506 0.2054794520547945 0.019406392694063926 0.3470319634703196
12 0.5034246575342466 0.3538812785388128 0.0136986301369863 0.0350076103500761
16 0.3578767123287671 0.3028919330289193 0.010273972602739725 0.1004566210045662
16 0.7699771689497716 0.2625570776255708 0.014840182648401826 0.2389649923896499
14 0.3789954337899543 0.3371385083713851 0.0091324200913242 0.0380517503805175
0 0.3738584474885845 0.2945205479452055 0.012557077625570776 0.1141552511415525
14 0.6621004566210046 0.3569254185692542 0.0091324200913242 0.0441400304414003
3 0.2882420091324201 0.3774733637747336 0.5742009132420092 0.0426179604261796
14 0.5964611872146118 0.3599695585996956 0.010273972602739725 0.0471841704718417
16 0.12728310502283105 0.2899543378995434 0.010273972602739725 0.0928462709284627
16 0.4041095890410959 0.2853881278538813 0.01141552511415525 0.0958904109589041
2 0.7562785388127854 0.14231354642313546 0.028538812785388126 0.0989345509893455
