3 0.3801369863013699 0.6575342465753424 0.7579908675799086 0.684931506849315
16 0.5308219178082192 0.1582952815829528 0.0228310502283105 0.3135464231354642
0 0.07191780821917808 0.243531202435312 0.0319634703196347 0.1582952815829528
16 0.8396118721461188 0.14687975646879756 0.023972602739726026 0.2907153729071537
0 0.3219178082191781 0.22907153729071536 0.02511415525114155 0.1780821917808219
0 0.6740867579908676 0.2085235920852359 0.021689497716894976 0.1613394216133942
7 0.8122146118721462 0.2572298325722983 0.03767123287671233 0.0578386605783866
2 0.5416666666666666 0.15449010654490106 0.017123287671232876 0.0502283105022831
16 0.7151826484018264 0.19863013698630136 0.021689497716894976 0.1750380517503805
0 0.9006849315068494 0.20167427701674276 0.02054794520547945 0.1141552511415525
12 0.7551369863013698 0.273972602739726 0.014840182648401826 0.0334855403348554
12 0.742579908675799 0.2732115677321157 0.012557077625570776 0.0289193302891933
13 0.13641552511415525 0.2960426179604262 0.04680365296803653 0.0441400304414003
