3 0.4606164383561644 0.6598173515981736 0.9189497716894978 0.6712328767123288
16 0.922945205479452 0.22298325722983256 0.03767123287671233 0.2663622526636225
16 0.5998858447488584 0.21232876712328766 0.026255707762557076 0.2694063926940639
13 0.6210045662100456 0.3280060882800609 0.03424657534246575 0.0441400304414003
1 0.6386986301369864 0.04033485540334855 0.026255707762557076 0.0776255707762557
16 0.06164383561643835 0.1491628614916286 0.02511415525114155 0.2952815829528158
10 0.6341324200913242 0.2945205479452055 0.07420091324200913 0.0441400304414003
0 0.1523972602739726 0.24733637747336376 0.019406392694063926 0.1171993911719939
16 0.4857305936073059 0.167427701674277 0.023972602739726026 0.3318112633181126
16 0.8635844748858448 0.3006088280060883 0.012557077625570776 0.0837138508371385
0 0.71175799086758 0.2846270928462709 0.017123287671232876 0.076103500761035
16 0.553082191780822 0.2686453576864536 0.017123287671232876 0.1598173515981735
0 0.8070776255707762 0.2831050228310502 0.0182648401826484 0.0974124809741248
0 0.3133561643835616 0.2511415525114155 0.012557077625570776 0.0974124809741248
7 0.1113013698630137 0.2853881278538813 0.021689497716894976 0.0410958904109589
6 0.9708904109589042 0.3340943683409437 0.017123287671232876 0.0532724505327245
7 0.12899543378995434 0.2861491628614916 0.0273972602739726 0.0426179604261796
7 0.1558219178082192 0.2884322678843227 0.019406392694063926 0.0410958904109589
6 0.9942922374429224 0.3363774733637747 0.01141552511415525 0.0487062404870624
0 0.83675799086758 0.2709284627092846 0.01141552511415525 0.0730593607305936
6 0.9834474885844748 0.3356164383561644 0.014840182648401826 0.0502283105022831
0 0.3019406392694064 0.258751902587519 0.014840182648401826 0.0700152207001522
