10 0.15011415525114155 0.5068493150684932 0.2842465753424658 0.136986301369863
1 0.3424657534246575 0.2191780821917808 0.02054794520547945 0.0700152207001522
14 0.7848173515981736 0.5494672754946728 0.014840182648401826 0.1004566210045662
1 0.317351598173516 0.2191780821917808 0.02054794520547945 0.0700152207001522
16 0.7876712328767124 0.2602739726027397 0.0228310502283105 0.395738203957382
14 0.8070776255707762 0.5464231354642314 0.0136986301369863 0.1004566210045662
14 0.8304794520547946 0.5555555555555556 0.017123287671232876 0.106544901065449
16 0.19121004566210045 0.273972602739726 0.017123287671232876 0.3257229832572298
3 0.4486301369863014 0.758751902587519 0.8949771689497716 0.4824961948249619
16 0.4126712328767123 0.3447488584474886 0.012557077625570776 0.2328767123287671
16 0.2454337899543379 0.408675799086758 0.0091324200913242 0.0654490106544901
0 0.295662100456621 0.4147640791476408 0.01141552511415525 0.0654490106544901
16 0.4246575342465753 0.2648401826484018 0.0182648401826484 0.4353120243531202
3 0.3264840182648402 0.4954337899543379 0.08904109589041095 0.0350076103500761
7 0.3635844748858447 0.4824961948249619 0.017123287671232876 0.0517503805175038
0 0.16552511415525115 0.3904109589041096 0.01598173515981735 0.1019786910197869
0 0.2631278538812785 0.4063926940639269 0.014840182648401826 0.0730593607305936
10 0.4320776255707763 0.4383561643835616 0.028538812785388126 0.0334855403348554
