6 0.8504566210045662 0.647640791476408 0.1187214611872146 0.3515981735159817
10 0.8259132420091324 0.5509893455098934 0.3458904109589041 0.15220700152207
10 0.6501141552511416 0.4703196347031963 0.030821917808219176 0.0273972602739726
3 0.5005707762557078 0.6552511415525114 0.9988584474885844 0.2785388127853881
9 0.7340182648401826 0.4520547945205479 0.0684931506849315 0.0700152207001522
1 0.5228310502283106 0.395738203957382 0.0136986301369863 0.0334855403348554
2 0.9332191780821918 0.4117199391171994 0.012557077625570776 0.0289193302891933
16 0.9269406392694064 0.4482496194824962 0.0136986301369863 0.1171993911719939
16 0.5302511415525114 0.4398782343987823 0.007990867579908675 0.1339421613394216
3 0.6204337899543378 0.5091324200913242 0.10388127853881278 0.0197869101978691
16 0.2842465753424658 0.3592085235920852 0.01598173515981735 0.3013698630136986
16 0.5439497716894978 0.3789954337899543 0.010273972602739725 0.2617960426179604
16 0.4457762557077626 0.4490106544901065 0.014840182648401826 0.1308980213089802
0 0.8259132420091324 0.4444444444444444 0.010273972602739725 0.045662100456621
16 0.3019406392694064 0.3036529680365297 0.017123287671232876 0.4155251141552511
