3 0.5005707762557078 0.682648401826484 0.9988584474885844 0.634703196347032
10 0.9292237442922374 0.3447488584474886 0.13926940639269406 0.1019786910197869
8 0.9046803652968036 0.2724505327245053 0.18835616438356165 0.1887366818873668
11 0.4874429223744292 0.3508371385083714 0.0547945205479452 0.0441400304414003
16 0.021118721461187213 0.2404870624048706 0.019406392694063926 0.197869101978691
16 0.8767123287671232 0.0974124809741248 0.02054794520547945 0.1887366818873668
16 0.7888127853881278 0.17275494672754946 0.0182648401826484 0.3424657534246575
16 0.2288812785388128 0.256468797564688 0.012557077625570776 0.1689497716894977
2 0.2962328767123288 0.1689497716894977 0.017123287671232876 0.0487062404870624
16 0.1832191780821918 0.2853881278538813 0.010273972602739725 0.1141552511415525
16 0.6815068493150684 0.3074581430745814 0.01141552511415525 0.1004566210045662
6 0.4885844748858447 0.3371385083713851 0.02054794520547945 0.0593607305936073
16 0.3624429223744292 0.2640791476407915 0.012557077625570776 0.1841704718417047
2 0.678082191780822 0.2404870624048706 0.0136986301369863 0.030441400304414
6 0.625 0.3340943683409437 0.021689497716894976 0.0624048706240487
16 0.4897260273972603 0.22602739726027396 0.0091324200913242 0.1628614916286149
16 0.8133561643835616 0.2252663622526636 0.014840182648401826 0.2161339421613394
18 0.6284246575342466 0.3462709284627093 0.07420091324200913 0.0441400304414003
10 0.4292237442922374 0.3211567732115677 0.03424657534246575 0.0365296803652968
