3 0.5 0.7123287671232876 0.997716894977169 0.5722983257229832
10 0.8156392694063926 0.3363774733637747 0.08561643835616438 0.0395738203957382
10 0.7037671232876712 0.3394216133942161 0.07420091324200913 0.0365296803652968
0 0.2317351598173516 0.286910197869102 0.02968036529680365 0.2480974124809741
0 0.5388127853881278 0.3112633181126332 0.0182648401826484 0.1385083713850837
2 0.4166666666666667 0.2161339421613394 0.02054794520547945 0.0578386605783866
0 0.5102739726027398 0.3097412480974125 0.01598173515981735 0.0776255707762557
16 0.4315068493150685 0.2389649923896499 0.0182648401826484 0.3561643835616438
0 0.9583333333333334 0.317351598173516 0.012557077625570776 0.0684931506849315
0 0.7671232876712328 0.3112633181126332 0.01141552511415525 0.0684931506849315
16 0.5821917808219178 0.21537290715372906 0.0136986301369863 0.2602739726027397
10 0.5570776255707762 0.3333333333333333 0.03424657534246575 0.0243531202435312
11 0.980593607305936 0.3394216133942161 0.02054794520547945 0.0395738203957382
7 0.5171232876712328 0.3523592085235921 0.03424657534246575 0.0319634703196347
3 0.7494292237442922 0.3698630136986301 0.3116438356164384 0.0273972602739726
0 0.5656392694063926 0.3112633181126332 0.012557077625570776 0.1019786910197869
13 0.5490867579908676 0.3508371385083714 0.0182648401826484 0.0380517503805175
