10 0.5436274509803921 0.18088235294117647 0.09705882352941177 0.060294117647058824
6 0.1411764705882353 0.18860294117647058 0.06470588235294118 0.0625
11 0.4612745098039216 0.19448529411764706 0.061764705882352944 0.04485294117647059
11 0.696078431372549 0.17794117647058824 0.058823529411764705 0.03529411764705882
6 0.4612745098039216 0.17830882352941177 0.03431372549019608 0.0625
10 0.5053921568627451 0.1676470588235294 0.04607843137254902 0.039705882352941174
4 0.4073529411764706 0.6231617647058824 0.4774509803921569 0.7536764705882353
11 0.09950980392156862 0.5099264705882353 0.19705882352941176 0.3816176470588235
11 0.12058823529411765 0.39889705882352944 0.23921568627450981 0.24338235294117647
11 0.16029411764705884 0.3246323529411765 0.31862745098039214 0.1610294117647059
11 0.2338235294117647 0.2672794117647059 0.31470588235294117 0.1536764705882353
11 0.3122549019607843 0.2400735294117647 0.20490196078431372 0.11544117647058824
0 0.19166666666666668 0.19669117647058823 0.06568627450980392 0.10661764705882353
6 0.24901960784313726 0.1827205882352941 0.043137254901960784 0.04779411764705882
0 0.3333333333333333 0.17279411764705882 0.021568627450980392 0.08676470588235294
0 0.35980392156862745 0.15036764705882352 0.023529411764705882 0.07279411764705883
