3 0.5005707762557078 0.6514459665144596 0.9988584474885844 0.6940639269406392
10 0.9514840182648402 0.22450532724505326 0.09703196347031963 0.1354642313546423
6 0.5136986301369864 0.2359208523592085 0.03424657534246575 0.106544901065449
16 0.5684931506849316 0.0745814307458143 0.02968036529680365 0.1461187214611872
10 0.09646118721461187 0.23211567732115676 0.05593607305936073 0.0441400304414003
8 0.2009132420091324 0.20624048706240486 0.07077625570776255 0.0958904109589041
0 0.6461187214611872 0.15905631659056316 0.04337899543378995 0.2663622526636225
0 0.9389269406392694 0.1263318112633181 0.03995433789954338 0.1613394216133942
2 0.593607305936073 0.10882800608828005 0.02054794520547945 0.0532724505327245
6 0.059931506849315065 0.23363774733637746 0.021689497716894976 0.0715372907153729
16 0.2574200913242009 0.1796042617960426 0.030821917808219176 0.2557077625570776
10 0.010844748858447488 0.24581430745814306 0.019406392694063926 0.0532724505327245
16 0.6015981735159818 0.2115677321156773 0.0136986301369863 0.1430745814307458
12 0.034817351598173514 0.2511415525114155 0.010273972602739725 0.0213089802130898
