3 0.3396118721461187 0.6666666666666666 0.6769406392694064 0.6666666666666666
10 0.8344748858447488 0.2747336377473364 0.06621004566210045 0.0410958904109589
10 0.03595890410958904 0.3820395738203957 0.06963470319634703 0.1156773211567732
0 0.2614155251141553 0.273972602739726 0.0136986301369863 0.0821917808219178
10 0.9726027397260274 0.2754946727549467 0.0547945205479452 0.0517503805175038
0 0.13926940639269406 0.2785388127853881 0.01598173515981735 0.076103500761035
16 0.014840182648401826 0.1689497716894977 0.0273972602739726 0.334855403348554
0 0.4200913242009132 0.2663622526636225 0.01141552511415525 0.091324200913242
2 0.6757990867579908 0.2024353120243531 0.0136986301369863 0.0334855403348554
3 0.8755707762557078 0.3158295281582953 0.24429223744292236 0.0350076103500761
16 0.6352739726027398 0.16057838660578386 0.014840182648401826 0.3150684931506849
16 0.6832191780821918 0.2146118721461187 0.012557077625570776 0.1948249619482496
0 0.6558219178082192 0.2625570776255708 0.017123287671232876 0.0776255707762557
16 0.747716894977169 0.2359208523592085 0.0091324200913242 0.1187214611872146
0 0.728310502283105 0.2663622526636225 0.01141552511415525 0.060882800608828
7 0.7351598173515982 0.2846270928462709 0.0228310502283105 0.030441400304414
9 0.9098173515981736 0.2678843226788432 0.0730593607305936 0.1126331811263318
