16 0.5490867579908676 0.4946727549467275 0.02968036529680365 0.3866057838660578
0 0.11529680365296803 0.4923896499238965 0.0182648401826484 0.1019786910197869
1 0.5245433789954338 0.3698630136986301 0.03767123287671233 0.0852359208523592
0 0.20034246575342465 0.4931506849315068 0.014840182648401826 0.091324200913242
0 0.3835616438356164 0.5076103500761036 0.0182648401826484 0.1445966514459665
3 0.13926940639269406 0.6149162861491628 0.2762557077625571 0.0578386605783866
0 0.0410958904109589 0.4878234398782344 0.0182648401826484 0.0928462709284627
3 0.4377853881278539 0.830289193302892 0.8732876712328768 0.3363774733637747
7 0.4218036529680365 0.5509893455098934 0.03538812785388128 0.0334855403348554
16 0.3213470319634703 0.4863013698630137 0.021689497716894976 0.2541856925418569
0 0.14897260273972604 0.4984779299847793 0.014840182648401826 0.0837138508371385
11 0.3681506849315068 0.5669710806697108 0.026255707762557076 0.0502283105022831
0 0.2345890410958904 0.5038051750380518 0.010273972602739725 0.0700152207001522
0 0.9674657534246576 0.4018264840182648 0.06506849315068493 0.6270928462709284
0 0.1603881278538813 0.4939117199391172 0.010273972602739725 0.0745814307458143
0 0.3995433789954338 0.5076103500761036 0.0136986301369863 0.1324200913242009
