3 0.3396118721461187 0.6689497716894978 0.6769406392694064 0.6621004566210046
10 0.03767123287671233 0.3888888888888889 0.0730593607305936 0.1354642313546423
10 0.7968036529680366 0.2838660578386606 0.05707762557077625 0.0380517503805175
9 0.916095890410959 0.2762557077625571 0.08105022831050228 0.0958904109589041
16 0.6843607305936074 0.2237442922374429 0.012557077625570776 0.2070015220700152
0 0.2636986301369863 0.2747336377473364 0.0136986301369863 0.0806697108066971
16 0.01598173515981735 0.16971080669710806 0.02968036529680365 0.3333333333333333
0 0.1415525114155251 0.2792998477929985 0.01598173515981735 0.0776255707762557
0 0.6569634703196348 0.2701674277016743 0.017123287671232876 0.0837138508371385
3 0.8835616438356164 0.3249619482496195 0.228310502283105 0.0380517503805175
0 0.4218036529680365 0.2732115677321157 0.010273972602739725 0.0898021308980213
16 0.636986301369863 0.16362252663622526 0.01598173515981735 0.3242009132420091
1 0.6786529680365296 0.20928462709284626 0.012557077625570776 0.0319634703196347
16 0.75 0.2450532724505327 0.0091324200913242 0.1156773211567732
10 0.964041095890411 0.2922374429223744 0.023972602739726026 0.0395738203957382
0 0.730593607305936 0.2724505327245053 0.0091324200913242 0.060882800608828
7 0.7385844748858448 0.2907153729071537 0.0228310502283105 0.0334855403348554
