3 0.5 0.69558599695586 0.997716894977169 0.6057838660578386
10 0.09988584474885845 0.3051750380517504 0.11301369863013698 0.1141552511415525
6 0.807648401826484 0.3219178082191781 0.06963470319634703 0.2146118721461187
7 0.6889269406392694 0.3812785388127854 0.1632420091324201 0.1232876712328767
16 0.541095890410959 0.23820395738203956 0.01598173515981735 0.2663622526636225
7 0.4360730593607306 0.3523592085235921 0.1004566210045662 0.0806697108066971
10 0.22488584474885845 0.3112633181126332 0.07534246575342465 0.0715372907153729
6 0.6980593607305936 0.3302891933028919 0.06506849315068493 0.2252663622526636
10 0.025684931506849314 0.3074581430745814 0.04908675799086758 0.091324200913242
3 0.17180365296803654 0.3797564687975647 0.341324200913242 0.0502283105022831
11 0.9058219178082192 0.3538812785388128 0.1312785388127854 0.1202435312024353
10 0.15639269406392695 0.2968036529680365 0.03424657534246575 0.060882800608828
16 0.4828767123287671 0.1811263318112633 0.0319634703196347 0.3592085235920852
6 0.6312785388127854 0.2876712328767123 0.0319634703196347 0.106544901065449
6 0.9121004566210046 0.319634703196347 0.0684931506849315 0.1765601217656012
6 0.5222602739726028 0.2937595129375951 0.028538812785388126 0.121765601217656
2 0.2636986301369863 0.13013698630136986 0.0273972602739726 0.0654490106544901
11 0.9714611872146118 0.3546423135464231 0.05707762557077625 0.1400304414003044
5 0.2705479452054795 0.23211567732115676 0.02511415525114155 0.0350076103500761
2 0.5519406392694064 0.1643835616438356 0.023972602739726026 0.060882800608828
6 0.4406392694063927 0.3234398782343988 0.05251141552511415 0.1415525114155251
6 0.3915525114155251 0.2945205479452055 0.0228310502283105 0.1019786910197869
16 0.3093607305936073 0.2762557077625571 0.0136986301369863 0.1263318112633181
5 0.2671232876712329 0.18188736681887366 0.02511415525114155 0.0319634703196347
6 0.2676940639269406 0.302130898021309 0.023972602739726026 0.0745814307458143
6 0.464041095890411 0.2838660578386606 0.026255707762557076 0.0837138508371385
6 0.7465753424657534 0.2686453576864536 0.03881278538812785 0.0745814307458143
1 0.9811643835616438 0.11491628614916286 0.033105022831050226 0.0806697108066971
6 0.4195205479452055 0.2754946727549467 0.026255707762557076 0.0730593607305936
6 0.5045662100456622 0.289193302891933 0.02054794520547945 0.1095890410958904
6 0.3356164383561644 0.2701674277016743 0.01598173515981735 0.0410958904109589
6 0.7568493150684932 0.2595129375951294 0.0273972602739726 0.0928462709284627
6 0.2905251141552511 0.271689497716895 0.017123287671232876 0.0380517503805175
6 0.3515981735159817 0.2785388127853881 0.0182648401826484 0.0395738203957382
6 0.4103881278538813 0.2983257229832572 0.017123287671232876 0.0852359208523592
4 0.5907534246575342 0.3637747336377473 0.07648401826484018 0.0365296803652968
