17 0.894406392694064 0.6027397260273972 0.09474885844748858 0.1278538812785388
3 0.3407534246575342 0.6719939117199392 0.6792237442922374 0.6560121765601218
10 0.96175799086758 0.3455098934550989 0.07648401826484018 0.1004566210045662
0 0.5873287671232876 0.2579908675799087 0.021689497716894976 0.1506849315068493
10 0.24885844748858446 0.2998477929984779 0.0547945205479452 0.045662100456621
0 0.8025114155251142 0.273972602739726 0.0182648401826484 0.1248097412480974
6 0.9332191780821918 0.2952815829528158 0.026255707762557076 0.0639269406392694
16 0.6855022831050228 0.2557077625570776 0.012557077625570776 0.1461187214611872
0 0.4389269406392694 0.2754946727549467 0.014840182648401826 0.0974124809741248
2 0.4828767123287671 0.2222222222222222 0.01141552511415525 0.0273972602739726
7 0.4389269406392694 0.3127853881278539 0.019406392694063926 0.0289193302891933
0 0.3984018264840183 0.273972602739726 0.01141552511415525 0.091324200913242
16 0.4863013698630137 0.2823439878234399 0.00684931506849315 0.0958904109589041
3 0.24885844748858446 0.3310502283105023 0.4954337899543379 0.0319634703196347
0 0.22602739726027396 0.2701674277016743 0.01141552511415525 0.0563165905631659
0 0.18835616438356165 0.2724505327245053 0.01141552511415525 0.076103500761035
6 0.9029680365296804 0.2754946727549467 0.02054794520547945 0.0334855403348554
16 0.4463470319634703 0.167427701674277 0.0136986301369863 0.2800608828006088
7 0.4041095890410959 0.3059360730593607 0.01598173515981735 0.0273972602739726
0 0.4668949771689498 0.2617960426179604 0.0136986301369863 0.1308980213089802
