3 0.636986301369863 0.6636225266362252 0.723744292237443 0.6727549467275494
10 0.8715753424657534 0.3249619482496195 0.2545662100456621 0.2359208523592085
10 0.680365296803653 0.3082191780821918 0.2054794520547945 0.1324200913242009
16 0.8133561643835616 0.1156773211567732 0.04908675799086758 0.228310502283105
10 0.1512557077625571 0.1948249619482496 0.1952054794520548 0.0700152207001522
1 0.4965753424657534 0.10882800608828005 0.0228310502283105 0.0563165905631659
0 0.2899543378995434 0.17275494672754946 0.0228310502283105 0.1902587519025875
16 0.7031963470319634 0.18493150684931506 0.03424657534246575 0.1445966514459665
10 0.4029680365296804 0.2100456621004566 0.15296803652968036 0.0547945205479452
16 0.4823059360730594 0.1933028919330289 0.014840182648401826 0.2557077625570776
0 0.5724885844748858 0.20471841704718416 0.05136986301369863 0.1811263318112633
16 0.3436073059360731 0.16514459665144596 0.02054794520547945 0.3089802130898021
0 0.8909817351598174 0.16210045662100456 0.03767123287671233 0.1050228310502283
16 0.7437214611872146 0.2054794520547945 0.012557077625570776 0.076103500761035
6 0.09075342465753425 0.2222222222222222 0.030821917808219176 0.0639269406392694
6 0.3110730593607306 0.228310502283105 0.021689497716894976 0.0700152207001522
10 0.02226027397260274 0.3439878234398782 0.04223744292237443 0.197869101978691
16 0.8595890410958904 0.10882800608828005 0.0319634703196347 0.2146118721461187
