3 0.476027397260274 0.8363774733637748 0.9383561643835616 0.3272450532724505
10 0.216324200913242 0.7222222222222222 0.430365296803653 0.3729071537290715
10 0.7448630136986302 0.5753424657534246 0.09018264840182648 0.0700152207001522
8 0.6940639269406392 0.54337899543379 0.09360730593607305 0.0974124809741248
0 0.5924657534246576 0.532724505327245 0.02511415525114155 0.1248097412480974
6 0.533675799086758 0.5958904109589042 0.021689497716894976 0.0684931506849315
10 0.6221461187214612 0.556316590563166 0.02511415525114155 0.0289193302891933
7 0.660958904109589 0.604261796042618 0.0273972602739726 0.0487062404870624
1 0.9680365296803652 0.3143074581430746 0.0228310502283105 0.0624048706240487
3 0.8139269406392694 0.6293759512937596 0.3721461187214612 0.0441400304414003
6 0.5131278538812786 0.5875190258751902 0.026255707762557076 0.0852359208523592
6 0.9868721461187214 0.5859969558599696 0.026255707762557076 0.0852359208523592
1 0.5547945205479452 0.4954337899543379 0.0136986301369863 0.0350076103500761
6 0.6626712328767124 0.5837138508371386 0.026255707762557076 0.0745814307458143
10 0.6398401826484018 0.5555555555555556 0.017123287671232876 0.0426179604261796
10 0.6067351598173516 0.5517503805175038 0.017123287671232876 0.0228310502283105
16 0.5644977168949772 0.5319634703196348 0.010273972602739725 0.1385083713850837
16 0.4777397260273973 0.4672754946727549 0.021689497716894976 0.3713850837138508
5 0.4743150684931507 0.4406392694063927 0.017123287671232876 0.0624048706240487
16 0.9845890410958904 0.5357686453576864 0.007990867579908675 0.0487062404870624
0 0.8704337899543378 0.5251141552511416 0.014840182648401826 0.0730593607305936
6 0.4965753424657534 0.5517503805175038 0.01141552511415525 0.0350076103500761
0 0.13184931506849315 0.5114155251141552 0.017123287671232876 0.0639269406392694
