10 0.5462328767123288 0.350076103500761 0.2134703196347032 0.121765601217656
10 0.9492009132420092 0.3257229832572298 0.10159817351598173 0.091324200913242
6 0.14269406392694065 0.528158295281583 0.13013698630136986 0.4748858447488584
10 0.04280821917808219 0.3835616438356164 0.08333333333333333 0.1187214611872146
16 0.1797945205479452 0.24124809741248096 0.026255707762557076 0.2785388127853881
16 0.4166666666666667 0.18340943683409436 0.0182648401826484 0.3607305936073059
11 0.821917808219178 0.3432267884322679 0.03881278538812785 0.0684931506849315
16 0.4429223744292237 0.286910197869102 0.01141552511415525 0.1476407914764079
6 0.03824200913242009 0.5319634703196348 0.07420091324200913 0.4855403348554033
16 0.6678082191780822 0.2389649923896499 0.0136986301369863 0.1704718417047184
3 0.3270547945205479 0.6887366818873668 0.6518264840182648 0.6133942161339422
10 0.8361872146118722 0.3112633181126332 0.06506849315068493 0.0563165905631659
2 0.4332191780821918 0.23820395738203956 0.014840182648401826 0.0350076103500761
10 0.757420091324201 0.3059360730593607 0.05136986301369863 0.0395738203957382
10 0.7106164383561644 0.3028919330289193 0.030821917808219176 0.0273972602739726
6 0.6843607305936074 0.3051750380517504 0.012557077625570776 0.0350076103500761
16 0.6147260273972602 0.14687975646879756 0.014840182648401826 0.2907153729071537
0 0.519406392694064 0.2496194824961948 0.01598173515981735 0.1035007610350076
10 0.728310502283105 0.2929984779299848 0.0182648401826484 0.0167427701674277
10 0.776255707762557 0.3028919330289193 0.02054794520547945 0.0273972602739726
9 0.9092465753424658 0.2754946727549467 0.11073059360730593 0.0974124809741248
6 0.821917808219178 0.30441400304414 0.0319634703196347 0.0517503805175038
7 0.684931506849315 0.3188736681887367 0.01141552511415525 0.0319634703196347
14 0.7545662100456622 0.3211567732115677 0.0091324200913242 0.0395738203957382
16 0.656392694063927 0.2709284627092846 0.01141552511415525 0.121765601217656
