3 0.502283105022831 0.7709284627092846 0.9954337899543378 0.4581430745814307
10 0.0867579908675799 0.558599695585997 0.17123287671232876 0.1552511415525114
10 0.8595890410958904 0.4939117199391172 0.06621004566210045 0.0532724505327245
10 0.5222602739726028 0.5068493150684932 0.04908675799086758 0.030441400304414
10 0.3595890410958904 0.5167427701674278 0.07990867579908675 0.0502283105022831
10 0.24600456621004566 0.5190258751902588 0.10159817351598173 0.0487062404870624
10 0.978310502283105 0.4802130898021309 0.04337899543378995 0.0350076103500761
0 0.17579908675799086 0.4863013698630137 0.02054794520547945 0.1202435312024353
10 0.7551369863013698 0.4939117199391172 0.03767123287671233 0.0410958904109589
10 0.7893835616438356 0.4984779299847793 0.06050228310502283 0.0441400304414003
1 0.6940639269406392 0.3691019786910198 0.01141552511415525 0.0380517503805175
10 0.7323059360730594 0.4893455098934551 0.033105022831050226 0.0380517503805175
5 0.2363013698630137 0.3843226788432268 0.02054794520547945 0.0350076103500761
6 0.5656392694063926 0.502283105022831 0.012557077625570776 0.0517503805175038
3 0.7785388127853882 0.5289193302891934 0.4429223744292237 0.0350076103500761
13 0.408675799086758 0.5228310502283106 0.0273972602739726 0.0350076103500761
2 0.6820776255707762 0.3691019786910198 0.010273972602739725 0.0380517503805175
16 0.6284246575342466 0.4071537290715373 0.010273972602739725 0.2237442922374429
6 0.5759132420091324 0.4977168949771689 0.010273972602739725 0.0395738203957382
16 0.4577625570776256 0.4802130898021309 0.00684931506849315 0.1202435312024353
10 0.8127853881278538 0.4901065449010654 0.0319634703196347 0.0365296803652968
6 0.5953196347031964 0.4992389649923896 0.010273972602739725 0.0334855403348554
16 0.6426940639269406 0.4467275494672755 0.0091324200913242 0.1354642313546423
16 0.2374429223744292 0.4436834094368341 0.0136986301369863 0.2146118721461187
10 0.7100456621004566 0.4893455098934551 0.01598173515981735 0.0258751902587519
16 0.295662100456621 0.4398782343987823 0.01141552511415525 0.2100456621004566
16 0.1021689497716895 0.4558599695585997 0.012557077625570776 0.1141552511415525
0 0.059931506849315065 0.4315068493150685 0.017123287671232876 0.1141552511415525
9 0.6889269406392694 0.4703196347031963 0.019406392694063926 0.0213089802130898
7 0.6740867579908676 0.5205479452054794 0.04223744292237443 0.0365296803652968
11 0.7031963470319634 0.5159817351598174 0.0410958904109589 0.0365296803652968
6 0.6689497716894978 0.5076103500761036 0.01598173515981735 0.0593607305936073
6 0.6986301369863014 0.5015220700152208 0.02054794520547945 0.0471841704718417
1 0.4537671232876712 0.4444444444444444 0.012557077625570776 0.030441400304414
