3 0.6409817351598174 0.6468797564687976 0.7157534246575342 0.7031963470319634
16 0.1404109589041096 0.16666666666666666 0.0502283105022831 0.3181126331811263
6 0.22317351598173515 0.256468797564688 0.030821917808219176 0.0867579908675799
16 0.432648401826484 0.13622526636225266 0.0273972602739726 0.2694063926940639
2 0.8687214611872146 0.06621004566210045 0.01598173515981735 0.0471841704718417
16 0.7094748858447488 0.1324200913242009 0.014840182648401826 0.1887366818873668
2 0.4674657534246575 0.14992389649923896 0.014840182648401826 0.0441400304414003
16 0.9126712328767124 0.14383561643835616 0.010273972602739725 0.1598173515981735
16 0.4703196347031963 0.22754946727549466 0.01141552511415525 0.1080669710806697
2 0.6015981735159818 0.03881278538812785 0.0182648401826484 0.0532724505327245
16 0.5445205479452054 0.12557077625570776 0.01598173515981735 0.2480974124809741
3 0.7785388127853882 0.2496194824961948 0.4429223744292237 0.045662100456621
10 0.6038812785388128 0.2054794520547945 0.0273972602739726 0.0213089802130898
6 0.555365296803653 0.21080669710806696 0.010273972602739725 0.0319634703196347
6 0.6934931506849316 0.20167427701674276 0.007990867579908675 0.0319634703196347
6 0.740296803652968 0.2085235920852359 0.012557077625570776 0.0365296803652968
6 0.7585616438356164 0.20776255707762556 0.014840182648401826 0.0350076103500761
