3 0.5005707762557078 0.541095890410959 0.9988584474885844 0.9117199391171994
9 0.4526255707762557 0.0258751902587519 0.2636986301369863 0.0487062404870624
14 0.4971461187214612 0.05098934550989345 0.007990867579908675 0.0532724505327245
14 0.3932648401826484 0.04794520547945205 0.010273972602739725 0.0532724505327245
14 0.4463470319634703 0.04946727549467275 0.0091324200913242 0.0532724505327245
16 0.6689497716894978 0.0319634703196347 0.0228310502283105 0.060882800608828
0 0.7351598173515982 0.02207001522070015 0.0136986301369863 0.0410958904109589
14 0.5496575342465754 0.0502283105022831 0.010273972602739725 0.0547945205479452
3 0.4703196347031963 0.05555555555555555 0.24429223744292236 0.0350076103500761
16 0.5873287671232876 0.0213089802130898 0.010273972602739725 0.0395738203957382
0 0.9172374429223744 0.0197869101978691 0.012557077625570776 0.0365296803652968
16 0.6917808219178082 0.02359208523592085 0.01141552511415525 0.0441400304414003
0 0.8664383561643836 0.01598173515981735 0.01598173515981735 0.0289193302891933
3 0.1689497716894977 0.02511415525114155 0.273972602739726 0.0228310502283105
