3 0.591324200913242 0.700152207001522 0.817351598173516 0.5996955859969558
10 0.781392694063927 0.3310502283105023 0.08789954337899543 0.0410958904109589
10 0.8852739726027398 0.3363774733637747 0.11986301369863013 0.0578386605783866
16 0.07990867579908675 0.2929984779299848 0.02054794520547945 0.1902587519025875
16 0.23059360730593606 0.20319634703196346 0.02968036529680365 0.3485540334855403
10 0.9606164383561644 0.3295281582952816 0.07648401826484018 0.0563165905631659
10 0.0182648401826484 0.3470319634703196 0.03424657534246575 0.030441400304414
10 0.6592465753424658 0.3424657534246575 0.12442922374429223 0.0517503805175038
16 0.1963470319634703 0.3280060882800609 0.01598173515981735 0.1232876712328767
6 0.3807077625570776 0.3576864535768645 0.014840182648401826 0.0639269406392694
14 0.5542237442922374 0.3713850837138508 0.007990867579908675 0.0334855403348554
1 0.4771689497716895 0.2808219178082192 0.01598173515981735 0.0350076103500761
16 0.5622146118721462 0.2610350076103501 0.014840182648401826 0.2480974124809741
14 0.5993150684931506 0.3698630136986301 0.00684931506849315 0.0365296803652968
16 0.4971461187214612 0.1963470319634703 0.021689497716894976 0.3866057838660578
16 0.6432648401826484 0.30441400304414 0.010273972602739725 0.1491628614916286
10 0.696917808219178 0.3310502283105023 0.06506849315068493 0.0502283105022831
16 0.4828767123287671 0.3462709284627093 0.0091324200913242 0.0867579908675799
14 0.6837899543378996 0.3599695585996956 0.00684931506849315 0.0319634703196347
0 0.09417808219178082 0.3394216133942161 0.012557077625570776 0.0730593607305936
3 0.04509132420091324 0.3980213089802131 0.08789954337899543 0.0258751902587519
14 0.7648401826484018 0.3576864535768645 0.00684931506849315 0.0273972602739726
10 0.8167808219178082 0.3242009132420091 0.05136986301369863 0.0365296803652968
10 0.9885844748858448 0.3257229832572298 0.0228310502283105 0.045662100456621
14 0.4726027397260274 0.3744292237442922 0.00684931506849315 0.030441400304414
14 0.8812785388127854 0.3538812785388128 0.00684931506849315 0.0258751902587519
14 0.805365296803653 0.3614916286149163 0.005707762557077625 0.0197869101978691
14 0.8179223744292238 0.3599695585996956 0.005707762557077625 0.0289193302891933
19 0.4309360730593607 0.3729071537290715 0.014840182648401826 0.0395738203957382
