3 0.4737442922374429 0.7047184170471842 0.9269406392694064 0.5875190258751902
7 0.4252283105022831 0.3812785388127854 0.06963470319634703 0.0563165905631659
10 0.7368721461187214 0.3363774733637747 0.04452054794520548 0.0487062404870624
2 0.9594748858447488 0.06773211567732115 0.03538812785388128 0.0898021308980213
2 0.5199771689497716 0.2648401826484018 0.017123287671232876 0.0395738203957382
3 0.7842465753424658 0.4063926940639269 0.4315068493150685 0.0426179604261796
0 0.5582191780821918 0.3203957382039574 0.02054794520547945 0.1232876712328767
6 0.7808219178082192 0.3340943683409437 0.01598173515981735 0.0258751902587519
16 0.6187214611872146 0.3150684931506849 0.0091324200913242 0.121765601217656
16 0.6067351598173516 0.3165905631659056 0.012557077625570776 0.1248097412480974
9 0.6952054794520548 0.3226788432267884 0.0410958904109589 0.060882800608828
16 0.5256849315068494 0.21232876712328766 0.023972602739726026 0.3698630136986301
11 0.7756849315068494 0.3554033485540335 0.017123287671232876 0.0289193302891933
