3 0.5005707762557078 0.7473363774733638 0.9988584474885844 0.5053272450532724
16 0.9366438356164384 0.2754946727549467 0.023972602739726026 0.4444444444444444
0 0.5924657534246576 0.3987823439878234 0.0319634703196347 0.1796042617960426
2 0.023972602739726026 0.2465753424657534 0.0228310502283105 0.0578386605783866
1 0.8767123287671232 0.10882800608828005 0.0365296803652968 0.1019786910197869
16 0.8476027397260274 0.3356164383561644 0.019406392694063926 0.3302891933028919
16 0.8761415525114156 0.4231354642313546 0.012557077625570776 0.1491628614916286
2 0.4178082191780822 0.3508371385083714 0.0136986301369863 0.0319634703196347
18 0.8732876712328768 0.4589041095890411 0.1095890410958904 0.0837138508371385
3 0.20947488584474885 0.4855403348554033 0.4166666666666667 0.0365296803652968
7 0.028538812785388126 0.441400304414003 0.03424657534246575 0.030441400304414
16 0.11529680365296803 0.4246575342465753 0.00684931506849315 0.0821917808219178
16 0.4126712328767123 0.3637747336377473 0.012557077625570776 0.2161339421613394
2 0.3299086757990868 0.24733637747336376 0.01598173515981735 0.0380517503805175
0 0.271689497716895 0.4185692541856925 0.01141552511415525 0.0578386605783866
11 0.1906392694063927 0.4490106544901065 0.02968036529680365 0.0273972602739726
7 0.3909817351598174 0.4497716894977169 0.03538812785388128 0.0319634703196347
7 0.005136986301369863 0.4452054794520548 0.007990867579908675 0.0319634703196347
0 0.2254566210045662 0.4155251141552511 0.012557077625570776 0.0730593607305936
0 0.4280821917808219 0.4071537290715373 0.0091324200913242 0.0958904109589041
11 0.1461187214611872 0.4474885844748858 0.0410958904109589 0.030441400304414
12 0.1723744292237443 0.4497716894977169 0.01141552511415525 0.0289193302891933
12 0.3892694063926941 0.4520547945205479 0.0091324200913242 0.0213089802130898
