3 0.4914383561643836 0.8097412480974124 0.980593607305936 0.380517503805175
10 0.9041095890410958 0.5996955859969558 0.1917808219178082 0.1187214611872146
6 0.2151826484018265 0.5578386605783866 0.028538812785388126 0.0806697108066971
1 0.5513698630136986 0.4581430745814307 0.0182648401826484 0.0395738203957382
6 0.4372146118721461 0.5707762557077626 0.02968036529680365 0.0852359208523592
0 0.9417808219178082 0.4855403348554033 0.02511415525114155 0.1095890410958904
16 0.5644977168949772 0.5182648401826484 0.010273972602739725 0.1902587519025875
2 0.8310502283105022 0.289193302891933 0.02968036529680365 0.0943683409436834
0 0.672945205479452 0.5220700152207002 0.033105022831050226 0.1856925418569254
0 0.3824200913242009 0.5266362252663622 0.01598173515981735 0.1582952815829528
1 0.07420091324200913 0.2983257229832572 0.02968036529680365 0.0791476407914764
16 0.8059360730593608 0.4726027397260274 0.01598173515981735 0.2937595129375951
12 0.1695205479452055 0.5646879756468798 0.017123287671232876 0.0365296803652968
