3 0.4366438356164384 0.7473363774733638 0.8710045662100456 0.5053272450532724
6 0.7288812785388128 0.5114155251141552 0.1312785388127854 0.45662100456621
16 0.16095890410958905 0.2389649923896499 0.03881278538812785 0.4444444444444444
0 0.08618721461187215 0.3683409436834094 0.03767123287671233 0.1765601217656012
0 0.3692922374429224 0.3508371385083714 0.04223744292237443 0.2298325722983257
0 0.6318493150684932 0.2602739726027397 0.03538812785388128 0.0943683409436834
16 0.4726027397260274 0.3105022831050228 0.02511415525114155 0.319634703196347
16 0.2363013698630137 0.3181126331811263 0.0365296803652968 0.2922374429223744
2 0.4834474885844749 0.213089802130898 0.026255707762557076 0.0669710806697108
0 0.6832191780821918 0.24277016742770166 0.026255707762557076 0.1141552511415525
5 0.22203196347031964 0.07534246575342465 0.03995433789954338 0.0684931506849315
16 0.79337899543379 0.23363774733637746 0.02511415525114155 0.4611872146118721
0 0.9006849315068494 0.23972602739726026 0.03424657534246575 0.0867579908675799
0 0.5 0.24429223744292236 0.02054794520547945 0.1415525114155251
16 0.444634703196347 0.2526636225266362 0.012557077625570776 0.136986301369863
5 0.2271689497716895 0.13926940639269406 0.0410958904109589 0.0654490106544901
