3 0.5005707762557078 0.682648401826484 0.9988584474885844 0.634703196347032
10 0.9680365296803652 0.3363774733637747 0.0639269406392694 0.106544901065449
2 0.2579908675799087 0.1385083713850837 0.0182648401826484 0.0547945205479452
6 0.2876712328767123 0.3089802130898021 0.02054794520547945 0.0700152207001522
0 0.771689497716895 0.24429223744292236 0.02054794520547945 0.1841704718417047
6 0.432648401826484 0.3219178082191781 0.0228310502283105 0.0898021308980213
16 0.8909817351598174 0.2404870624048706 0.021689497716894976 0.213089802130898
1 0.5519406392694064 0.20624048706240486 0.019406392694063926 0.0502283105022831
16 0.12214611872146118 0.2146118721461187 0.02511415525114155 0.2100456621004566
16 0.3310502283105023 0.2343987823439878 0.0228310502283105 0.1887366818873668
12 0.718607305936073 0.3356164383561644 0.017123287671232876 0.0410958904109589
16 0.557648401826484 0.2884322678843227 0.014840182648401826 0.1202435312024353
16 0.04680365296803653 0.2503805175038052 0.02054794520547945 0.1415525114155251
3 0.1695205479452055 0.3538812785388128 0.3367579908675799 0.0319634703196347
16 0.3498858447488584 0.2671232876712329 0.012557077625570776 0.1354642313546423
16 0.2117579908675799 0.2420091324200913 0.012557077625570776 0.1400304414003044
10 0.3738584474885845 0.2876712328767123 0.021689497716894976 0.0213089802130898
0 0.7437214611872146 0.2115677321156773 0.012557077625570776 0.0882800608828006
10 0.014840182648401826 0.3089802130898021 0.0273972602739726 0.0365296803652968
10 0.0319634703196347 0.3066971080669711 0.04337899543378995 0.0319634703196347
10 0.14840182648401826 0.2945205479452055 0.02968036529680365 0.0289193302891933
10 0.1860730593607306 0.2937595129375951 0.0410958904109589 0.030441400304414
10 0.0976027397260274 0.302130898021309 0.03538812785388128 0.0289193302891933
