3 0.6118721461187214 0.7199391171993912 0.776255707762557 0.5601217656012176
10 0.1050228310502283 0.423896499238965 0.20776255707762556 0.2480974124809741
10 0.6723744292237442 0.3774733637747336 0.1050228310502283 0.060882800608828
10 0.5878995433789954 0.3721461187214612 0.0639269406392694 0.0502283105022831
1 0.6147260273972602 0.17275494672754946 0.021689497716894976 0.0654490106544901
16 0.21404109589041095 0.22146118721461186 0.021689497716894976 0.4368340943683409
1 0.8635844748858448 0.1856925418569254 0.021689497716894976 0.0639269406392694
1 0.5228310502283106 0.2656012176560122 0.0182648401826484 0.0471841704718417
16 0.034817351598173514 0.15296803652968036 0.023972602739726026 0.3028919330289193
14 0.3818493150684932 0.4170471841704718 0.010273972602739725 0.0578386605783866
16 0.9149543378995434 0.2884322678843227 0.023972602739726026 0.1963470319634703
16 0.533675799086758 0.2876712328767123 0.014840182648401826 0.2374429223744292
2 0.9178082191780822 0.3226788432267884 0.0136986301369863 0.0334855403348554
9 0.4092465753424658 0.34779299847793 0.05136986301369863 0.0441400304414003
14 0.4309360730593607 0.4155251141552511 0.010273972602739725 0.0487062404870624
3 0.7808219178082192 0.4200913242009132 0.4315068493150685 0.0395738203957382
6 0.7636986301369864 0.363013698630137 0.01598173515981735 0.0410958904109589
10 0.45662100456621 0.3561643835616438 0.0410958904109589 0.030441400304414
6 0.3538812785388128 0.3569254185692542 0.01598173515981735 0.0441400304414003
14 0.5593607305936074 0.3980213089802131 0.01141552511415525 0.0471841704718417
16 0.5011415525114156 0.3409436834094368 0.00684931506849315 0.0700152207001522
16 0.9497716894977168 0.2549467275494673 0.0228310502283105 0.2724505327245053
12 0.5593607305936074 0.3980213089802131 0.01141552511415525 0.0471841704718417
14 0.9840182648401826 0.4041095890410959 0.0091324200913242 0.0350076103500761
5 0.8852739726027398 0.1872146118721461 0.023972602739726026 0.045662100456621
16 0.3561643835616438 0.2648401826484018 0.0091324200913242 0.167427701674277
10 0.5062785388127854 0.3538812785388128 0.04680365296803653 0.0258751902587519
16 0.6615296803652968 0.3051750380517504 0.007990867579908675 0.0898021308980213
