3 0.5 0.6727549467275494 0.997716894977169 0.654490106544901
10 0.8829908675799086 0.3386605783866058 0.23401826484018265 0.2085235920852359
0 0.2539954337899543 0.2572298325722983 0.05136986301369863 0.213089802130898
6 0.464041095890411 0.3059360730593607 0.021689497716894976 0.091324200913242
6 0.5062785388127854 0.2952815829528158 0.021689497716894976 0.091324200913242
6 0.3202054794520548 0.3112633181126332 0.028538812785388126 0.1019786910197869
10 0.803082191780822 0.271689497716895 0.04908675799086758 0.0502283105022831
16 0.5348173515981736 0.1750380517503805 0.023972602739726026 0.334855403348554
0 0.6267123287671232 0.24429223744292236 0.0228310502283105 0.1659056316590563
6 0.4834474885844749 0.2945205479452055 0.023972602739726026 0.0928462709284627
16 0.384703196347032 0.258751902587519 0.0273972602739726 0.1948249619482496
6 0.2996575342465753 0.3158295281582953 0.026255707762557076 0.0958904109589041
0 0.7106164383561644 0.2511415525114155 0.019406392694063926 0.1248097412480974
6 0.5690639269406392 0.3028919330289193 0.023972602739726026 0.0852359208523592
8 0.9457762557077626 0.2207001522070015 0.10616438356164383 0.0730593607305936
6 0.672945205479452 0.2648401826484018 0.014840182648401826 0.045662100456621
1 0.3926940639269406 0.2070015220700152 0.0182648401826484 0.045662100456621
8 0.7751141552511416 0.2480974124809741 0.05707762557077625 0.0791476407914764
16 0.07876712328767123 0.2343987823439878 0.03424657534246575 0.2770167427701674
16 0.7254566210045662 0.2450532724505327 0.012557077625570776 0.1126331811263318
1 0.7557077625570776 0.1643835616438356 0.02054794520547945 0.060882800608828
16 0.747716894977169 0.2671232876712329 0.0091324200913242 0.0837138508371385
6 0.01141552511415525 0.2572298325722983 0.0136986301369863 0.0243531202435312
10 0.8378995433789954 0.258751902587519 0.03424657534246575 0.030441400304414
6 0.6992009132420092 0.2595129375951294 0.012557077625570776 0.0319634703196347
0 0.023972602739726026 0.21993911719939116 0.02511415525114155 0.0989345509893455
8 0.8184931506849316 0.2328767123287671 0.0410958904109589 0.0426179604261796
