10 0.9275114155251142 0.3683409436834094 0.06506849315068493 0.0547945205479452
1 0.3573059360730594 0.13926940639269406 0.0365296803652968 0.0928462709284627
6 0.83675799086758 0.395738203957382 0.0502283105022831 0.167427701674277
10 0.7431506849315068 0.3614916286149163 0.11643835616438356 0.0958904109589041
16 0.15182648401826485 0.2914764079147641 0.0410958904109589 0.4094368340943683
11 0.660958904109589 0.4101978691019787 0.0502283105022831 0.0837138508371385
6 0.7950913242009132 0.3911719939117199 0.04223744292237443 0.136986301369863
0 0.4634703196347032 0.3234398782343988 0.0273972602739726 0.1872146118721461
16 0.5017123287671232 0.2557077625570776 0.019406392694063926 0.3409436834094368
10 0.877283105022831 0.363013698630137 0.08789954337899543 0.0776255707762557
16 0.3772831050228311 0.273972602739726 0.019406392694063926 0.4140030441400304
0 0.05650684931506849 0.3181126331811263 0.06050228310502283 0.3439878234398782
6 0.2625570776255708 0.3036529680365297 0.0365296803652968 0.0410958904109589
6 0.5331050228310502 0.3751902587519026 0.0319634703196347 0.0867579908675799
6 0.6598173515981736 0.3873668188736682 0.03881278538812785 0.1141552511415525
10 0.5593607305936074 0.3455098934550989 0.0547945205479452 0.0395738203957382
10 0.4200913242009132 0.3356164383561644 0.03424657534246575 0.0258751902587519
6 0.6090182648401826 0.3767123287671233 0.023972602739726026 0.0958904109589041
6 0.5856164383561644 0.3866057838660578 0.03424657534246575 0.1035007610350076
10 0.6255707762557078 0.3554033485540335 0.05251141552511415 0.0563165905631659
11 0.5342465753424658 0.395738203957382 0.0319634703196347 0.0639269406392694
16 0.3333333333333333 0.2945205479452055 0.01141552511415525 0.1415525114155251
0 0.3487442922374429 0.3181126331811263 0.017123287671232876 0.106544901065449
10 0.09417808219178082 0.3280060882800609 0.026255707762557076 0.0319634703196347
6 0.8658675799086758 0.378234398782344 0.023972602739726026 0.0806697108066971
7 0.478310502283105 0.3850837138508371 0.02054794520547945 0.0487062404870624
10 0.0182648401826484 0.3295281582952816 0.0319634703196347 0.0502283105022831
3 0.7945205479452054 0.4459665144596651 0.410958904109589 0.0821917808219178
6 0.4754566210045662 0.3561643835616438 0.019406392694063926 0.0669710806697108
10 0.4463470319634703 0.3363774733637747 0.0228310502283105 0.0273972602739726
3 0.5005707762557078 0.73896499238965 0.9988584474885844 0.5190258751902588
10 0.07648401826484018 0.3264840182648402 0.02054794520547945 0.0350076103500761
10 0.5017123287671232 0.3470319634703196 0.033105022831050226 0.030441400304414
0 0.3127853881278539 0.3272450532724505 0.01141552511415525 0.060882800608828
13 0.4337899543378995 0.3820395738203957 0.02968036529680365 0.0578386605783866
7 0.4041095890410959 0.380517503805175 0.03881278538812785 0.0547945205479452
6 0.4092465753424658 0.3409436834094368 0.021689497716894976 0.0273972602739726
9 0.3812785388127854 0.317351598173516 0.0502283105022831 0.0502283105022831
0 0.863013698630137 0.286910197869102 0.01598173515981735 0.0715372907153729
6 0.8213470319634704 0.3683409436834094 0.021689497716894976 0.0821917808219178
11 0.5958904109589042 0.410958904109589 0.03424657534246575 0.0730593607305936
11 0.6170091324200914 0.3964992389649924 0.026255707762557076 0.0745814307458143
14 0.6386986301369864 0.3987823439878234 0.010273972602739725 0.0639269406392694
14 0.6284246575342466 0.393455098934551 0.007990867579908675 0.0593607305936073
4 0.4554794520547945 0.4604261796042618 0.11643835616438356 0.0624048706240487
