6 0.7825342465753424 0.4200913242009132 0.04223744292237443 0.1126331811263318
11 0.5388127853881278 0.4581430745814307 0.1415525114155251 0.1187214611872146
6 0.9452054794520548 0.393455098934551 0.02968036529680365 0.0867579908675799
6 0.3972602739726027 0.3455098934550989 0.02511415525114155 0.091324200913242
6 0.6335616438356164 0.3995433789954338 0.0365296803652968 0.1232876712328767
6 0.3184931506849315 0.334855403348554 0.0273972602739726 0.0943683409436834
6 0.18493150684931506 0.3371385083713851 0.02968036529680365 0.1019786910197869
6 0.5405251141552512 0.4223744292237443 0.05821917808219178 0.1415525114155251
11 0.7300228310502284 0.4033485540334855 0.04680365296803653 0.0487062404870624
6 0.2910958904109589 0.3264840182648402 0.02054794520547945 0.0684931506849315
6 0.4868721461187215 0.3523592085235921 0.021689497716894976 0.0624048706240487
6 0.351027397260274 0.3371385083713851 0.026255707762557076 0.0837138508371385
19 0.6449771689497716 0.4452054794520548 0.0228310502283105 0.0654490106544901
16 0.6775114155251142 0.3751902587519026 0.019406392694063926 0.1933028919330289
6 0.7328767123287672 0.3873668188736682 0.02511415525114155 0.0624048706240487
6 0.8567351598173516 0.6529680365296804 0.2842465753424658 0.684931506849315
7 0.8144977168949772 0.4056316590563166 0.028538812785388126 0.0410958904109589
11 0.940068493150685 0.4147640791476408 0.09931506849315068 0.0654490106544901
6 0.3721461187214612 0.3150684931506849 0.0136986301369863 0.0487062404870624
3 0.7511415525114156 0.5144596651445966 0.19406392694063926 0.0639269406392694
11 0.2134703196347032 0.8622526636225266 0.4246575342465753 0.2694063926940639
11 0.8744292237442922 0.4094368340943683 0.06621004566210045 0.0578386605783866
10 0.4686073059360731 0.3371385083713851 0.026255707762557076 0.0289193302891933
3 0.5679223744292238 0.7625570776255708 0.6837899543378996 0.471841704718417
9 0.6506849315068494 0.3378995433789954 0.1141552511415525 0.121765601217656
16 0.4246575342465753 0.2884322678843227 0.0091324200913242 0.1171993911719939
16 0.644406392694064 0.19101978691019786 0.017123287671232876 0.1841704718417047
16 0.507420091324201 0.2328767123287671 0.014840182648401826 0.2100456621004566
11 0.839041095890411 0.4018264840182648 0.0319634703196347 0.060882800608828
11 0.5593607305936074 0.378234398782344 0.0182648401826484 0.0441400304414003
11 0.5787671232876712 0.3820395738203957 0.0228310502283105 0.045662100456621
6 0.5593607305936074 0.3363774733637747 0.01141552511415525 0.0273972602739726
