3 0.5005707762557078 0.745814307458143 0.9988584474885844 0.5083713850837138
16 0.9035388127853882 0.2747336377473364 0.03767123287671233 0.3485540334855403
10 0.9417808219178082 0.5388127853881278 0.11643835616438356 0.319634703196347
5 0.3858447488584475 0.1141552511415525 0.0547945205479452 0.076103500761035
7 0.8036529680365296 0.3751902587519026 0.10730593607305935 0.1293759512937595
16 0.4092465753424658 0.1902587519025875 0.019406392694063926 0.3774733637747336
10 0.3304794520547945 0.289193302891933 0.026255707762557076 0.030441400304414
6 0.3150684931506849 0.2937595129375951 0.01598173515981735 0.045662100456621
16 0.3904109589041096 0.2694063926940639 0.01598173515981735 0.2343987823439878
0 0.4623287671232877 0.2526636225266362 0.0182648401826484 0.1400304414003044
13 0.533675799086758 0.2960426179604262 0.017123287671232876 0.0228310502283105
16 0.1752283105022831 0.2503805175038052 0.012557077625570776 0.1567732115677321
0 0.761986301369863 0.2777777777777778 0.017123287671232876 0.0958904109589041
0 0.2745433789954338 0.2694063926940639 0.012557077625570776 0.0852359208523592
0 0.83162100456621 0.2732115677321157 0.017123287671232876 0.0837138508371385
16 0.2905251141552511 0.2534246575342466 0.010273972602739725 0.1080669710806697
