3 0.5993150684931506 0.7709284627092846 0.7990867579908676 0.3363774733637747
6 0.791095890410959 0.5487062404870624 0.0410958904109589 0.1628614916286149
0 0.432648401826484 0.4528158295281583 0.02511415525114155 0.2298325722983257
0 0.0976027397260274 0.45662100456621 0.017123287671232876 0.1095890410958904
0 0.9069634703196348 0.4421613394216134 0.03995433789954338 0.3424657534246575
10 0.3595890410958904 0.4786910197869102 0.0319634703196347 0.0289193302891933
3 0.16552511415525115 0.547945205479452 0.3287671232876712 0.0426179604261796
0 0.16267123287671234 0.4596651445966514 0.012557077625570776 0.091324200913242
14 0.6763698630136986 0.5654490106544902 0.012557077625570776 0.0776255707762557
14 0.5861872146118722 0.5616438356164384 0.012557077625570776 0.0730593607305936
2 0.4149543378995434 0.4056316590563166 0.017123287671232876 0.0441400304414003
6 0.05593607305936073 0.4809741248097412 0.01598173515981735 0.0547945205479452
16 0.9514840182648402 0.3881278538812785 0.026255707762557076 0.4231354642313546
14 0.3447488584474886 0.5205479452054794 0.0091324200913242 0.0487062404870624
0 0.21860730593607305 0.4573820395738204 0.012557077625570776 0.0837138508371385
0 0.2950913242009132 0.4573820395738204 0.010273972602739725 0.0745814307458143
2 0.3150684931506849 0.2694063926940639 0.0182648401826484 0.0547945205479452
0 0.2591324200913242 0.4573820395738204 0.01141552511415525 0.0776255707762557
16 0.4058219178082192 0.4573820395738204 0.014840182648401826 0.1902587519025875
16 0.3807077625570776 0.4170471841704718 0.014840182648401826 0.2526636225266362
0 0.66837899543379 0.4003044140030441 0.026255707762557076 0.106544901065449
16 0.04452054794520548 0.4726027397260274 0.0091324200913242 0.0898021308980213
16 0.07876712328767123 0.4368340943683409 0.0091324200913242 0.1552511415525114
2 0.2962328767123288 0.2754946727549467 0.014840182648401826 0.045662100456621
16 0.13470319634703196 0.4368340943683409 0.01141552511415525 0.15220700152207
10 0.3892694063926941 0.4741248097412481 0.0136986301369863 0.0197869101978691
4 0.6409817351598174 0.5928462709284628 0.06506849315068493 0.0410958904109589
5 0.2579908675799087 0.319634703196347 0.0228310502283105 0.030441400304414
0 0.6038812785388128 0.3987823439878234 0.02511415525114155 0.0700152207001522
