3 0.5742009132420092 0.7359208523592086 0.8515981735159818 0.512937595129376
10 0.8767123287671232 0.4589041095890411 0.18036529680365296 0.0776255707762557
10 0.2465753424657534 0.439117199391172 0.06164383561643835 0.0471841704718417
10 0.1872146118721461 0.4406392694063927 0.0684931506849315 0.0441400304414003
13 0.670662100456621 0.4535768645357686 0.033105022831050226 0.0426179604261796
6 0.4868721461187215 0.4421613394216134 0.019406392694063926 0.0684931506849315
11 0.5268264840182648 0.4710806697108067 0.05821917808219178 0.0502283105022831
10 0.2968036529680365 0.4360730593607306 0.045662100456621 0.0410958904109589
11 0.3527397260273973 0.4596651445966514 0.04794520547945205 0.0395738203957382
10 0.3350456621004566 0.4307458143074581 0.033105022831050226 0.0334855403348554
11 0.4463470319634703 0.4611872146118721 0.03881278538812785 0.0426179604261796
11 0.021118721461187213 0.4497716894977169 0.03995433789954338 0.0410958904109589
1 0.3886986301369863 0.3378995433789954 0.017123287671232876 0.0517503805175038
11 0.11757990867579908 0.4505327245053272 0.0273972602739726 0.030441400304414
11 0.7288812785388128 0.4528158295281583 0.03538812785388128 0.0471841704718417
6 0.6101598173515982 0.4421613394216134 0.014840182648401826 0.0654490106544901
6 0.4172374429223744 0.4368340943683409 0.014840182648401826 0.0517503805175038
6 0.5296803652968036 0.4482496194824962 0.0228310502283105 0.0745814307458143
6 0.01769406392694064 0.4375951293759513 0.019406392694063926 0.0502283105022831
11 0.5799086757990868 0.4482496194824962 0.02054794520547945 0.0532724505327245
6 0.0593607305936073 0.4299847792998478 0.0182648401826484 0.0350076103500761
6 0.4463470319634703 0.4459665144596651 0.02054794520547945 0.060882800608828
6 0.1187214611872146 0.4345509893455099 0.01598173515981735 0.0380517503805175
16 0.7648401826484018 0.2945205479452055 0.01598173515981735 0.3242009132420091
6 0.08447488584474885 0.4375951293759513 0.0182648401826484 0.0471841704718417
3 0.17180365296803654 0.4726027397260274 0.341324200913242 0.0289193302891933
6 0.7928082191780822 0.4322678843226788 0.021689497716894976 0.0365296803652968
11 0.9874429223744292 0.4672754946727549 0.02511415525114155 0.0426179604261796
16 0.4046803652968037 0.2823439878234399 0.014840182648401826 0.3150684931506849
6 0.3527397260273973 0.4459665144596651 0.02054794520547945 0.0517503805175038
16 0.569634703196347 0.3995433789954338 0.0091324200913242 0.1537290715372907
11 0.7825342465753424 0.4619482496194825 0.05365296803652968 0.0502283105022831
6 0.5108447488584474 0.4368340943683409 0.017123287671232876 0.0517503805175038
16 0.3761415525114155 0.408675799086758 0.005707762557077625 0.0563165905631659
16 0.6415525114155252 0.3736681887366819 0.01141552511415525 0.1993911719939117
5 0.3738584474885845 0.3698630136986301 0.012557077625570776 0.0243531202435312
16 0.4332191780821918 0.3226788432267884 0.012557077625570776 0.213089802130898
16 0.6215753424657534 0.3508371385083714 0.012557077625570776 0.2572298325722983
16 0.5998858447488584 0.4117199391171994 0.010273972602739725 0.1111111111111111
1 0.6147260273972602 0.3691019786910198 0.012557077625570776 0.0319634703196347
6 0.5587899543378996 0.4368340943683409 0.017123287671232876 0.0700152207001522
6 0.45662100456621 0.4292237442922374 0.01141552511415525 0.030441400304414
6 0.9937214611872146 0.4535768645357686 0.012557077625570776 0.0547945205479452
7 0.4172374429223744 0.4535768645357686 0.021689497716894976 0.030441400304414
6 0.09646118721461187 0.4299847792998478 0.012557077625570776 0.0319634703196347
11 0.079337899543379 0.4459665144596651 0.033105022831050226 0.0365296803652968
