3 0.4988584474885845 0.6605783866057838 0.9954337899543378 0.6788432267884322
10 0.8350456621004566 0.2762557077625571 0.07420091324200913 0.0684931506849315
8 0.964041095890411 0.24124809741248096 0.07191780821917808 0.0806697108066971
0 0.13527397260273974 0.2298325722983257 0.026255707762557076 0.1552511415525114
16 0.2779680365296804 0.16057838660578386 0.026255707762557076 0.3181126331811263
16 0.7031963470319634 0.1445966514459665 0.0182648401826484 0.2861491628614916
16 0.9023972602739726 0.17579908675799086 0.021689497716894976 0.1902587519025875
2 0.7676940639269406 0.07838660578386605 0.019406392694063926 0.0532724505327245
16 0.5565068493150684 0.14992389649923896 0.017123287671232876 0.2968036529680365
2 0.58162100456621 0.18645357686453576 0.014840182648401826 0.0380517503805175
16 0.5821917808219178 0.2595129375951294 0.01141552511415525 0.1019786910197869
16 0.682648401826484 0.2359208523592085 0.0091324200913242 0.1095890410958904
16 0.6546803652968036 0.17123287671232876 0.012557077625570776 0.1354642313546423
3 0.8578767123287672 0.2975646879756469 0.2819634703196347 0.0289193302891933
6 0.3715753424657534 0.2656012176560122 0.026255707762557076 0.0745814307458143
10 0.8213470319634704 0.24885844748858446 0.03538812785388128 0.0319634703196347
16 0.6284246575342466 0.16362252663622526 0.010273972602739725 0.1354642313546423
