3 0.502283105022831 0.7922374429223744 0.9954337899543378 0.4155251141552511
6 0.7751141552511416 0.558599695585997 0.0684931506849315 0.258751902587519
6 0.22773972602739725 0.4977168949771689 0.033105022831050226 0.1095890410958904
0 0.3156392694063927 0.4604261796042618 0.028538812785388126 0.2176560121765601
2 0.4457762557077626 0.3789954337899543 0.019406392694063926 0.0578386605783866
16 0.4280821917808219 0.3614916286149163 0.02054794520547945 0.4094368340943683
6 0.9343607305936074 0.5114155251141552 0.04452054794520548 0.0974124809741248
2 0.9897260273972602 0.2831050228310502 0.02054794520547945 0.0700152207001522
0 0.09988584474885845 0.439117199391172 0.03538812785388128 0.1993911719939117
0 0.807648401826484 0.4619482496194825 0.021689497716894976 0.1719939117199391
10 0.9098173515981736 0.4741248097412481 0.03881278538812785 0.0350076103500761
16 0.8864155251141552 0.4368340943683409 0.017123287671232876 0.182648401826484
10 0.9817351598173516 0.4824961948249619 0.0365296803652968 0.0426179604261796
11 0.9332191780821918 0.5289193302891934 0.04680365296803653 0.0624048706240487
3 0.954337899543379 0.5350076103500762 0.091324200913242 0.0502283105022831
0 0.4583333333333333 0.4680365296803653 0.030821917808219176 0.1385083713850837
16 0.8458904109589042 0.4063926940639269 0.0091324200913242 0.1704718417047184
