3 0.5017123287671232 0.7884322678843226 0.9942922374429224 0.4170471841704718
11 0.3030821917808219 0.8234398782343988 0.4874429223744292 0.3531202435312024
0 0.1415525114155251 0.4307458143074581 0.0410958904109589 0.2343987823439878
2 0.9674657534246576 0.24733637747336376 0.026255707762557076 0.0715372907153729
15 0.4069634703196347 0.5555555555555556 0.026255707762557076 0.0365296803652968
6 0.5468036529680366 0.5273972602739726 0.0273972602739726 0.0989345509893455
11 0.8264840182648402 0.5547945205479452 0.0730593607305936 0.0624048706240487
6 0.5211187214611872 0.517503805175038 0.021689497716894976 0.0943683409436834
6 0.4434931506849315 0.5182648401826484 0.026255707762557076 0.1019786910197869
2 0.5513698630136986 0.4025875190258752 0.0182648401826484 0.0441400304414003
15 0.5062785388127854 0.5525114155251142 0.023972602739726026 0.0365296803652968
6 0.2876712328767123 0.7625570776255708 0.23059360730593606 0.4444444444444444
6 0.827054794520548 0.5342465753424658 0.033105022831050226 0.0821917808219178
16 0.5896118721461188 0.393455098934551 0.017123287671232876 0.3485540334855403
6 0.7945205479452054 0.5228310502283106 0.02511415525114155 0.0806697108066971
6 0.9863013698630136 0.5334855403348554 0.02511415525114155 0.0715372907153729
7 0.708904109589041 0.532724505327245 0.0182648401826484 0.0395738203957382
10 0.7083333333333334 0.4931506849315068 0.04680365296803653 0.0334855403348554
16 0.2990867579908676 0.2823439878234399 0.02054794520547945 0.5007610350076104
6 0.759703196347032 0.5098934550989346 0.019406392694063926 0.060882800608828
6 0.7106164383561644 0.5098934550989346 0.019406392694063926 0.0547945205479452
11 0.7414383561643836 0.5357686453576864 0.021689497716894976 0.0487062404870624
8 0.6147260273972602 0.4703196347031963 0.04223744292237443 0.0395738203957382
3 0.8373287671232876 0.5646879756468798 0.3230593607305936 0.0426179604261796
6 0.7385844748858448 0.515220700152207 0.02968036529680365 0.0684931506849315
10 0.7734018264840182 0.4901065449010654 0.06506849315068493 0.0547945205479452
11 0.7631278538812786 0.5319634703196348 0.026255707762557076 0.0441400304414003
6 0.579337899543379 0.487062404870624 0.010273972602739725 0.0334855403348554
11 0.6855022831050228 0.5190258751902588 0.014840182648401826 0.0395738203957382
16 0.5639269406392694 0.4726027397260274 0.0136986301369863 0.1993911719939117
6 0.8447488584474886 0.5015220700152208 0.01141552511415525 0.0350076103500761
12 0.622716894977169 0.5251141552511416 0.017123287671232876 0.0334855403348554
10 0.639269406392694 0.4901065449010654 0.0182648401826484 0.0334855403348554
11 0.6672374429223744 0.5243531202435312 0.019406392694063926 0.0471841704718417
6 0.6643835616438356 0.4969558599695586 0.0182648401826484 0.0319634703196347
