3 0.5759132420091324 0.7754946727549468 0.8458904109589042 0.4490106544901065
13 0.8852739726027398 0.5030441400304414 0.05821917808219178 0.0745814307458143
0 0.7888127853881278 0.4185692541856925 0.03881278538812785 0.2496194824961948
1 0.5399543378995434 0.3333333333333333 0.02511415525114155 0.0578386605783866
16 0.1797945205479452 0.2732115677321157 0.012557077625570776 0.1476407914764079
16 0.5234018264840182 0.4140030441400304 0.014840182648401826 0.2617960426179604
16 0.1267123287671233 0.2389649923896499 0.0136986301369863 0.1765601217656012
16 0.15011415525114155 0.2785388127853881 0.010273972602739725 0.1278538812785388
9 0.0182648401826484 0.454337899543379 0.03424657534246575 0.1354642313546423
16 0.4480593607305936 0.2640791476407915 0.021689497716894976 0.2024353120243531
