3 0.672945205479452 0.7526636225266362 0.6518264840182648 0.4946727549467275
11 0.920662100456621 0.547945205479452 0.12214611872146118 0.1400304414003044
6 0.9297945205479452 0.5144596651445966 0.08333333333333333 0.2009132420091324
11 0.7397260273972602 0.530441400304414 0.11643835616438356 0.1263318112633181
10 0.658675799086758 0.4299847792998478 0.06164383561643835 0.0441400304414003
10 0.7448630136986302 0.4277016742770167 0.09703196347031963 0.0547945205479452
16 0.1341324200913242 0.3257229832572298 0.023972602739726026 0.3987823439878234
6 0.7437214611872146 0.5 0.06506849315068493 0.1811263318112633
10 0.5570776255707762 0.4246575342465753 0.03881278538812785 0.0334855403348554
0 0.2722602739726027 0.4101978691019787 0.014840182648401826 0.1019786910197869
6 0.4628995433789954 0.4672754946727549 0.030821917808219176 0.0882800608828006
0 0.09874429223744292 0.3904109589041096 0.019406392694063926 0.1263318112633181
3 0.7614155251141552 0.4802130898021309 0.4771689497716895 0.0441400304414003
10 0.028538812785388126 0.5753424657534246 0.0547945205479452 0.1735159817351598
10 0.6021689497716894 0.4277016742770167 0.03538812785388128 0.0334855403348554
11 0.598744292237443 0.454337899543379 0.021689497716894976 0.0380517503805175
0 0.19463470319634704 0.4041095890410959 0.012557077625570776 0.0776255707762557
16 0.3698630136986301 0.256468797564688 0.02054794520547945 0.4946727549467275
0 0.16837899543378995 0.3995433789954338 0.012557077625570776 0.0867579908675799
6 0.5234018264840182 0.4596651445966514 0.026255707762557076 0.0791476407914764
0 0.18036529680365296 0.3995433789954338 0.01141552511415525 0.0867579908675799
0 0.0593607305936073 0.395738203957382 0.01141552511415525 0.0974124809741248
16 0.4891552511415525 0.3683409436834094 0.010273972602739725 0.1735159817351598
16 0.4674657534246575 0.3363774733637747 0.010273972602739725 0.1491628614916286
16 0.9874429223744292 0.3751902587519026 0.01141552511415525 0.1354642313546423
6 0.5810502283105022 0.441400304414003 0.02054794520547945 0.0547945205479452
0 0.3087899543378995 0.4063926940639269 0.012557077625570776 0.0730593607305936
0 0.01598173515981735 0.4140030441400304 0.0182648401826484 0.1187214611872146
7 0.579337899543379 0.4604261796042618 0.023972602739726026 0.0350076103500761
11 0.5199771689497716 0.4779299847792998 0.030821917808219176 0.0517503805175038
6 0.4389269406392694 0.4345509893455099 0.012557077625570776 0.0471841704718417
6 0.7585616438356164 0.4307458143074581 0.017123287671232876 0.0487062404870624
0 0.005707762557077625 0.4200913242009132 0.0091324200913242 0.106544901065449
16 0.8384703196347032 0.4018264840182648 0.007990867579908675 0.0730593607305936
0 0.0410958904109589 0.395738203957382 0.0136986301369863 0.1004566210045662
16 0.4811643835616438 0.4178082191780822 0.007990867579908675 0.0745814307458143
16 0.4275114155251142 0.4155251141552511 0.010273972602739725 0.0821917808219178
8 0.4166666666666667 0.4178082191780822 0.02968036529680365 0.0532724505327245
11 0.7671232876712328 0.4505327245053272 0.03424657534246575 0.045662100456621
6 0.4686073059360731 0.4345509893455099 0.021689497716894976 0.0441400304414003
11 0.4611872146118721 0.4824961948249619 0.04337899543378995 0.0517503805175038
