3 0.5 0.8272450532724506 0.997716894977169 0.3424657534246575
6 0.4394977168949772 0.5525114155251142 0.0319634703196347 0.121765601217656
2 0.5279680365296804 0.3759512937595129 0.028538812785388126 0.0700152207001522
6 0.3995433789954338 0.5418569254185692 0.02511415525114155 0.0852359208523592
2 0.1797945205479452 0.2222222222222222 0.030821917808219176 0.1035007610350076
2 0.12557077625570776 0.21537290715372906 0.0319634703196347 0.0989345509893455
16 0.5473744292237442 0.4863013698630137 0.019406392694063926 0.3394216133942161
3 0.13013698630136986 0.6050228310502284 0.2579908675799087 0.0563165905631659
0 0.3253424657534247 0.4794520547945205 0.02054794520547945 0.1308980213089802
0 0.09988584474885845 0.4794520547945205 0.014840182648401826 0.091324200913242
0 0.014840182648401826 0.4824961948249619 0.0182648401826484 0.1004566210045662
0 0.9103881278538812 0.454337899543379 0.10159817351598173 0.3942161339421613
16 0.2939497716894977 0.4741248097412481 0.019406392694063926 0.2359208523592085
0 0.1312785388127854 0.4779299847792998 0.01141552511415525 0.060882800608828
7 0.351027397260274 0.530441400304414 0.028538812785388126 0.0319634703196347
11 0.3190639269406393 0.5509893455098934 0.023972602739726026 0.045662100456621
6 0.2779680365296804 0.5350076103500762 0.019406392694063926 0.0563165905631659
10 0.2146118721461187 0.5068493150684932 0.0319634703196347 0.0213089802130898
0 0.06050228310502283 0.4824961948249619 0.01141552511415525 0.060882800608828
7 0.2768264840182648 0.5517503805175038 0.021689497716894976 0.0380517503805175
16 0.04908675799086758 0.4733637747336377 0.01141552511415525 0.1126331811263318
