3 0.7374429223744292 0.7374429223744292 0.5251141552511416 0.5251141552511416
10 0.848744292237443 0.4573820395738204 0.2180365296803653 0.1263318112633181
13 0.3453196347031963 0.4558599695585997 0.04680365296803653 0.0624048706240487
0 0.4571917808219178 0.3987823439878234 0.028538812785388126 0.1552511415525114
0 0.2465753424657534 0.3850837138508371 0.0593607305936073 0.2100456621004566
6 0.10844748858447488 0.4398782343987823 0.0273972602739726 0.0974124809741248
14 0.13812785388127855 0.4649923896499239 0.01141552511415525 0.0593607305936073
6 0.636986301369863 0.4269406392694064 0.0228310502283105 0.0806697108066971
6 0.13984018264840184 0.4345509893455099 0.03767123287671233 0.1019786910197869
2 0.601027397260274 0.3394216133942161 0.019406392694063926 0.0426179604261796
14 0.3892694063926941 0.4558599695585997 0.0091324200913242 0.0563165905631659
0 0.6797945205479452 0.3767123287671233 0.019406392694063926 0.1598173515981735
10 0.7876712328767124 0.4010654490106545 0.045662100456621 0.0319634703196347
14 0.021689497716894976 0.4733637747336377 0.01141552511415525 0.0578386605783866
3 0.9714611872146118 0.4703196347031963 0.0547945205479452 0.0334855403348554
6 0.7014840182648402 0.4178082191780822 0.021689497716894976 0.0806697108066971
16 0.605593607305936 0.3295281582952816 0.014840182648401826 0.2907153729071537
0 0.4366438356164384 0.3675799086757991 0.014840182648401826 0.1080669710806697
10 0.9417808219178082 0.4056316590563166 0.05251141552511415 0.0441400304414003
16 0.5644977168949772 0.3371385083713851 0.014840182648401826 0.2694063926940639
10 0.7631278538812786 0.4162861491628615 0.04452054794520548 0.0441400304414003
7 0.5924657534246576 0.4459665144596651 0.0547945205479452 0.0426179604261796
0 0.7208904109589042 0.3980213089802131 0.017123287671232876 0.1019786910197869
10 0.9920091324200914 0.4269406392694064 0.01598173515981735 0.0776255707762557
14 0.3122146118721461 0.4634703196347032 0.010273972602739725 0.0532724505327245
14 0.648972602739726 0.4436834094368341 0.007990867579908675 0.0380517503805175
0 0.8658675799086758 0.3645357686453577 0.012557077625570776 0.0441400304414003
0 0.9600456621004566 0.3691019786910198 0.01141552511415525 0.0532724505327245
