3 0.6421232876712328 0.6636225266362252 0.7157534246575342 0.6727549467275494
0 0.032534246575342464 0.2176560121765601 0.04223744292237443 0.2404870624048706
16 0.4948630136986301 0.1476407914764079 0.019406392694063926 0.2922374429223744
16 0.2471461187214612 0.16666666666666666 0.033105022831050226 0.3272450532724505
2 0.519406392694064 0.16210045662100456 0.0182648401826484 0.0471841704718417
16 0.8829908675799086 0.1445966514459665 0.023972602739726026 0.228310502283105
2 0.6860730593607306 0.06012176560121765 0.0182648401826484 0.0563165905631659
16 0.569634703196347 0.15296803652968036 0.01598173515981735 0.3028919330289193
16 0.6204337899543378 0.17427701674277016 0.010273972602739725 0.1933028919330289
13 0.9286529680365296 0.2557077625570776 0.021689497716894976 0.0273972602739726
16 0.5827625570776256 0.2191780821917808 0.007990867579908675 0.0974124809741248
16 0.5182648401826484 0.2511415525114155 0.01141552511415525 0.121765601217656
3 0.8242009132420092 0.2846270928462709 0.3493150684931507 0.0334855403348554
