3 0.5 0.7214611872146118 0.997716894977169 0.5570776255707762
6 0.03995433789954338 0.5038051750380518 0.0776255707762557 0.2800608828006088
6 0.2026255707762557 0.4855403348554033 0.06735159817351598 0.2526636225266362
10 0.9075342465753424 0.3774733637747336 0.08904109589041095 0.0426179604261796
10 0.7128995433789954 0.3812785388127854 0.06735159817351598 0.0410958904109589
6 0.1415525114155251 0.4901065449010654 0.07534246575342465 0.258751902587519
10 0.6569634703196348 0.3759512937595129 0.04908675799086758 0.0426179604261796
6 0.2825342465753425 0.3964992389649924 0.019406392694063926 0.0745814307458143
6 0.1095890410958904 0.3942161339421613 0.0410958904109589 0.1035007610350076
10 0.6170091324200914 0.3729071537290715 0.04452054794520548 0.0426179604261796
2 0.4594748858447489 0.22602739726027396 0.017123287671232876 0.0532724505327245
1 0.4400684931506849 0.2267884322678843 0.017123287671232876 0.0547945205479452
6 0.3059360730593607 0.3972602739726027 0.02054794520547945 0.060882800608828
16 0.384703196347032 0.3280060882800609 0.01598173515981735 0.1872146118721461
16 0.08504566210045662 0.3592085235920852 0.017123287671232876 0.1582952815829528
1 0.1558219178082192 0.2922374429223744 0.017123287671232876 0.0395738203957382
10 0.5582191780821918 0.378234398782344 0.0273972602739726 0.0228310502283105
5 0.1541095890410959 0.21993911719939116 0.0182648401826484 0.0350076103500761
6 0.4149543378995434 0.3964992389649924 0.014840182648401826 0.0532724505327245
10 0.5850456621004566 0.3767123287671233 0.026255707762557076 0.0258751902587519
3 0.6678082191780822 0.4147640791476408 0.5091324200913242 0.0350076103500761
10 0.5348173515981736 0.3759512937595129 0.026255707762557076 0.0213089802130898
10 0.4452054794520548 0.3759512937595129 0.0182648401826484 0.0182648401826484
10 0.4737442922374429 0.3736681887366819 0.01598173515981735 0.0136986301369863
0 0.01141552511415525 0.21232876712328766 0.02054794520547945 0.2754946727549467
10 0.430365296803653 0.3751902587519026 0.01141552511415525 0.0167427701674277
10 0.7659817351598174 0.3721461187214612 0.05251141552511415 0.0350076103500761
6 0.9885844748858448 0.3645357686453577 0.0136986301369863 0.0441400304414003
16 0.0867579908675799 0.1856925418569254 0.0228310502283105 0.182648401826484
16 0.1603881278538813 0.3439878234398782 0.014840182648401826 0.060882800608828
9 0.58675799086758 0.3561643835616438 0.0410958904109589 0.0395738203957382
