3 0.5 0.7777777777777778 0.997716894977169 0.4383561643835616
10 0.14440639269406394 0.3386605783866058 0.11986301369863013 0.0806697108066971
3 0.10844748858447488 0.4345509893455099 0.2146118721461187 0.0989345509893455
5 0.9126712328767124 0.04185692541856925 0.10159817351598173 0.0806697108066971
2 0.6718036529680366 0.06012176560121765 0.05593607305936073 0.1171993911719939
0 0.05878995433789954 0.3105022831050228 0.021689497716894976 0.1004566210045662
16 0.22773972602739725 0.16057838660578386 0.026255707762557076 0.1780821917808219
0 0.5325342465753424 0.12861491628614916 0.04908675799086758 0.2054794520547945
0 0.4537671232876712 0.1765601217656012 0.03995433789954338 0.106544901065449
0 0.8476027397260274 0.13470319634703196 0.03995433789954338 0.1659056316590563
16 0.70662100456621 0.12404870624048706 0.02511415525114155 0.2420091324200913
16 0.8961187214611872 0.1917808219178082 0.02054794520547945 0.0791476407914764
16 0.01141552511415525 0.2709284627092846 0.02054794520547945 0.197869101978691
0 0.3635844748858447 0.19863013698630136 0.019406392694063926 0.0837138508371385
16 0.3995433789954338 0.18036529680365296 0.01598173515981735 0.1141552511415525
16 0.3042237442922374 0.1856925418569254 0.017123287671232876 0.1187214611872146
