3 0.7094748858447488 0.7808219178082192 0.5810502283105022 0.4383561643835616
10 0.09360730593607305 0.5464231354642314 0.18493150684931506 0.167427701674277
11 0.7214611872146118 0.532724505327245 0.0365296803652968 0.0426179604261796
0 0.6067351598173516 0.4802130898021309 0.021689497716894976 0.1354642313546423
0 0.7688356164383562 0.4901065449010654 0.021689497716894976 0.1248097412480974
16 0.5565068493150684 0.4794520547945205 0.010273972602739725 0.1400304414003044
11 0.9600456621004566 0.5334855403348554 0.0319634703196347 0.0319634703196347
11 0.9200913242009132 0.541095890410959 0.02968036529680365 0.0410958904109589
0 0.4372146118721461 0.4931506849315068 0.01598173515981735 0.1156773211567732
14 0.4771689497716895 0.5395738203957382 0.00684931506849315 0.0380517503805175
1 0.5639269406392694 0.4353120243531202 0.0136986301369863 0.0334855403348554
14 0.3955479452054795 0.5357686453576864 0.007990867579908675 0.045662100456621
11 0.896689497716895 0.530441400304414 0.021689497716894976 0.0289193302891933
0 0.0656392694063927 0.4482496194824962 0.021689497716894976 0.0867579908675799
16 0.973744292237443 0.4589041095890411 0.01141552511415525 0.1354642313546423
16 0.3453196347031963 0.4170471841704718 0.019406392694063926 0.2861491628614916
14 0.5136986301369864 0.5403348554033486 0.00684931506849315 0.0365296803652968
11 0.8550228310502284 0.5266362252663622 0.02054794520547945 0.030441400304414
14 0.8093607305936074 0.54337899543379 0.00684931506849315 0.0365296803652968
6 0.694634703196347 0.5220700152207002 0.014840182648401826 0.060882800608828
16 0.5199771689497716 0.4200913242009132 0.014840182648401826 0.2222222222222222
11 0.6523972602739726 0.5266362252663622 0.023972602739726026 0.0395738203957382
6 0.5450913242009132 0.530441400304414 0.026255707762557076 0.0441400304414003
2 0.889269406392694 0.3744292237442922 0.01141552511415525 0.0334855403348554
14 0.8242009132420092 0.5441400304414004 0.00684931506849315 0.0350076103500761
6 0.9178082191780822 0.5251141552511416 0.0228310502283105 0.045662100456621
6 0.8984018264840182 0.5205479452054794 0.01598173515981735 0.0395738203957382
11 0.6763698630136986 0.5319634703196348 0.023972602739726026 0.0441400304414003
16 0.2779680365296804 0.3447488584474886 0.014840182648401826 0.4155251141552511
6 0.7853881278538812 0.5136986301369864 0.0136986301369863 0.0410958904109589
3 0.9121004566210046 0.5547945205479452 0.17579908675799086 0.0228310502283105
11 0.5399543378995434 0.5312024353120244 0.01598173515981735 0.045662100456621
16 0.9383561643835616 0.4368340943683409 0.01141552511415525 0.1856925418569254
16 0.7003424657534246 0.4406392694063927 0.010273972602739725 0.1415525114155251
6 0.8647260273972602 0.5053272450532724 0.012557077625570776 0.030441400304414
7 0.6364155251141552 0.5334855403348554 0.017123287671232876 0.0380517503805175
11 0.8144977168949772 0.5220700152207002 0.023972602739726026 0.030441400304414
10 0.7311643835616438 0.5190258751902588 0.04223744292237443 0.0365296803652968
0 0.2528538812785388 0.4497716894977169 0.021689497716894976 0.1780821917808219
16 0.3767123287671233 0.454337899543379 0.01598173515981735 0.1963470319634703
6 0.6472602739726028 0.515220700152207 0.01598173515981735 0.0502283105022831
6 0.615296803652968 0.510654490106545 0.02054794520547945 0.0593607305936073
6 0.6318493150684932 0.4992389649923896 0.014840182648401826 0.0243531202435312
7 0.6073059360730594 0.5312024353120244 0.0365296803652968 0.0334855403348554
