3 0.4828767123287671 0.8120243531202436 0.952054794520548 0.3759512937595129
1 0.5017123287671232 0.1796042617960426 0.03767123287671233 0.1095890410958904
3 0.07990867579908675 0.5319634703196348 0.15753424657534246 0.0867579908675799
16 0.6809360730593608 0.2762557077625571 0.033105022831050226 0.5372907153729072
14 0.271689497716895 0.5494672754946728 0.02054794520547945 0.1461187214611872
14 0.4235159817351598 0.5418569254185692 0.0182648401826484 0.1278538812785388
0 0.3984018264840183 0.3896499238964992 0.0136986301369863 0.1035007610350076
0 0.3367579908675799 0.3873668188736682 0.0182648401826484 0.1445966514459665
0 0.24942922374429224 0.4056316590563166 0.021689497716894976 0.1750380517503805
14 0.8133561643835616 0.5555555555555556 0.014840182648401826 0.1004566210045662
14 0.05136986301369863 0.4459665144596651 0.01141552511415525 0.060882800608828
0 0.1067351598173516 0.3409436834094368 0.019406392694063926 0.2100456621004566
6 0.4394977168949772 0.4048706240487062 0.0182648401826484 0.0730593607305936
10 0.968607305936073 0.5540334855403348 0.06278538812785388 0.2861491628614916
16 0.490296803652968 0.4025875190258752 0.021689497716894976 0.3333333333333333
16 0.19292237442922375 0.3036529680365297 0.03424657534246575 0.5859969558599696
16 0.15011415525114155 0.2907153729071537 0.019406392694063926 0.3165905631659056
16 0.03367579908675799 0.4162861491628615 0.010273972602739725 0.1171993911719939
14 0.021118721461187213 0.4444444444444444 0.010273972602739725 0.060882800608828
0 0.4246575342465753 0.3835616438356164 0.01141552511415525 0.0943683409436834
0 0.4594748858447489 0.3835616438356164 0.010273972602739725 0.0639269406392694
0 0.283675799086758 0.4063926940639269 0.014840182648401826 0.1308980213089802
4 0.3607305936073059 0.5920852359208524 0.13926940639269406 0.0700152207001522
10 0.146689497716895 0.3942161339421613 0.06735159817351598 0.045662100456621
10 0.24885844748858446 0.3904109589041096 0.04337899543378995 0.0319634703196347
