3 0.5011415525114156 0.6841704718417048 0.997716894977169 0.6286149162861492
10 0.5587899543378996 0.3363774733637747 0.3550228310502283 0.2191780821917808
10 0.829337899543379 0.487062404870624 0.341324200913242 0.6423135464231354
16 0.9126712328767124 0.091324200913242 0.026255707762557076 0.1796042617960426
1 0.3698630136986301 0.18797564687975646 0.01598173515981735 0.0441400304414003
1 0.1495433789954338 0.1232876712328767 0.02054794520547945 0.060882800608828
0 0.17636986301369864 0.24429223744292236 0.017123287671232876 0.1050228310502283
1 0.2676940639269406 0.12557077625570776 0.021689497716894976 0.0593607305936073
11 0.021118721461187213 0.3378995433789954 0.03995433789954338 0.060882800608828
6 0.6084474885844748 0.2374429223744292 0.02054794520547945 0.0243531202435312
7 0.3344748858447489 0.3280060882800609 0.05707762557077625 0.0441400304414003
5 0.339041095890411 0.2237442922374429 0.02054794520547945 0.030441400304414
16 0.09189497716894977 0.2191780821917808 0.021689497716894976 0.1735159817351598
6 0.3401826484018265 0.3105022831050228 0.0228310502283105 0.0791476407914764
3 0.1815068493150685 0.3744292237442922 0.3607305936073059 0.0517503805175038
0 0.22203196347031964 0.24429223744292236 0.012557077625570776 0.0928462709284627
16 0.3618721461187215 0.2762557077625571 0.0136986301369863 0.1506849315068493
6 0.4737442922374429 0.2792998477929985 0.0182648401826484 0.0532724505327245
6 0.4400684931506849 0.286910197869102 0.021689497716894976 0.0593607305936073
6 0.4851598173515982 0.2671232876712329 0.01598173515981735 0.0350076103500761
7 0.3755707762557078 0.3097412480974125 0.045662100456621 0.0410958904109589
0 0.4440639269406393 0.23820395738203956 0.01141552511415525 0.0532724505327245
0 0.25 0.2420091324200913 0.0136986301369863 0.0700152207001522
16 0.4823059360730594 0.13013698630136986 0.014840182648401826 0.2572298325722983
16 0.339041095890411 0.19558599695585996 0.0136986301369863 0.1385083713850837
16 0.20205479452054795 0.2374429223744292 0.0136986301369863 0.1187214611872146
0 0.285958904109589 0.2579908675799087 0.012557077625570776 0.0715372907153729
6 0.02054794520547945 0.3112633181126332 0.0273972602739726 0.0563165905631659
