3 0.3544520547945205 0.669710806697108 0.70662100456621 0.6575342465753424
10 0.78824200913242 0.317351598173516 0.3915525114155251 0.2085235920852359
10 0.283675799086758 0.3257229832572298 0.22488584474885845 0.1308980213089802
6 0.11244292237442922 0.2792998477929985 0.017123287671232876 0.0593607305936073
16 0.4668949771689498 0.1735159817351598 0.0182648401826484 0.2800608828006088
16 0.964041095890411 0.1293759512937595 0.026255707762557076 0.2557077625570776
10 0.3521689497716895 0.2595129375951294 0.06278538812785388 0.0410958904109589
14 0.5547945205479452 0.3143074581430746 0.0091324200913242 0.0441400304414003
16 0.09531963470319635 0.2207001522070015 0.019406392694063926 0.1582952815829528
11 0.05878995433789954 0.302130898021309 0.06506849315068493 0.0502283105022831
10 0.4292237442922374 0.2602739726027397 0.045662100456621 0.0426179604261796
14 0.5154109589041096 0.3135464231354642 0.007990867579908675 0.0487062404870624
1 0.4794520547945205 0.1887366818873668 0.01598173515981735 0.0395738203957382
0 0.4988584474885845 0.2389649923896499 0.01598173515981735 0.1004566210045662
6 0.13527397260273974 0.2770167427701674 0.012557077625570776 0.0395738203957382
6 0.05422374429223744 0.2884322678843227 0.026255707762557076 0.0593607305936073
16 0.5114155251141552 0.2267884322678843 0.01141552511415525 0.1278538812785388
14 0.4463470319634703 0.2983257229832572 0.00684931506849315 0.0334855403348554
6 0.012557077625570776 0.286910197869102 0.0182648401826484 0.0532724505327245
6 0.17636986301369864 0.2945205479452055 0.028538812785388126 0.0745814307458143
0 0.4549086757990868 0.2496194824961948 0.014840182648401826 0.1004566210045662
3 0.0839041095890411 0.3188736681887367 0.16552511415525115 0.0319634703196347
13 0.639269406392694 0.2876712328767123 0.04337899543378995 0.0243531202435312
3 0.4098173515981735 0.3150684931506849 0.045662100456621 0.0273972602739726
10 0.9726027397260274 0.2420091324200913 0.0547945205479452 0.0791476407914764
11 0.1735159817351598 0.3165905631659056 0.0410958904109589 0.060882800608828
6 0.0365296803652968 0.2808219178082192 0.01598173515981735 0.0441400304414003
10 0.2026255707762557 0.2823439878234399 0.03995433789954338 0.0441400304414003
16 0.3007990867579909 0.20471841704718416 0.010273972602739725 0.0928462709284627
10 0.4777397260273973 0.2579908675799087 0.04452054794520548 0.0502283105022831
10 0.4018264840182648 0.2602739726027397 0.02054794520547945 0.0365296803652968
10 0.3852739726027397 0.258751902587519 0.021689497716894976 0.0365296803652968
