3 0.4628995433789954 0.7496194824961948 0.9212328767123288 0.5007610350076104
6 0.5833333333333334 0.5958904109589042 0.1187214611872146 0.4185692541856925
6 0.09988584474885845 0.4969558599695586 0.05593607305936073 0.1902587519025875
6 0.1552511415525114 0.5015220700152208 0.06164383561643835 0.1780821917808219
6 0.3310502283105023 0.4908675799086758 0.0502283105022831 0.2024353120243531
6 0.4828767123287671 0.5197869101978692 0.06621004566210045 0.2207001522070015
6 0.3744292237442922 0.5038051750380518 0.0502283105022831 0.2009132420091324
7 0.7928082191780822 0.6666666666666666 0.08789954337899543 0.258751902587519
6 0.7990867579908676 0.5624048706240488 0.11643835616438356 0.3394216133942161
0 0.2151826484018265 0.3744292237442922 0.03767123287671233 0.1917808219178082
6 0.4257990867579909 0.515220700152207 0.0593607305936073 0.2328767123287671
0 0.4634703196347032 0.3462709284627093 0.02511415525114155 0.1415525114155251
16 0.6352739726027398 0.3835616438356164 0.017123287671232876 0.182648401826484
2 0.625 0.3257229832572298 0.017123287671232876 0.045662100456621
0 0.5941780821917808 0.3401826484018265 0.019406392694063926 0.0898021308980213
0 0.5159817351598174 0.3333333333333333 0.0182648401826484 0.1400304414003044
0 0.3704337899543379 0.3394216133942161 0.026255707762557076 0.1248097412480974
16 0.7511415525114156 0.2899543378995434 0.02968036529680365 0.4003044140030441
0 0.9149543378995434 0.3797564687975647 0.021689497716894976 0.0837138508371385
0 0.5724885844748858 0.3280060882800609 0.017123287671232876 0.1019786910197869
6 0.45662100456621 0.4809741248097412 0.02968036529680365 0.1704718417047184
16 0.1980593607305936 0.23515981735159816 0.021689497716894976 0.4337899543378995
