6 0.8350456621004566 0.5220700152207002 0.204337899543379 0.5418569254185692
11 0.1786529680365297 0.7519025875190258 0.3550228310502283 0.4931506849315068
3 0.5285388127853882 0.6742770167427702 0.9429223744292238 0.6514459665144596
10 0.7168949771689498 0.2838660578386606 0.05707762557077625 0.0471841704718417
16 0.11986301369863013 0.17884322678843226 0.02968036529680365 0.3546423135464231
10 0.672945205479452 0.2914764079147641 0.033105022831050226 0.0319634703196347
16 0.1649543378995434 0.20928462709284626 0.028538812785388126 0.2998477929984779
14 0.3584474885844749 0.3257229832572298 0.00684931506849315 0.0365296803652968
11 0.815068493150685 0.5875190258751902 0.363013698630137 0.3774733637747336
14 0.021118721461187213 0.3607305936073059 0.014840182648401826 0.0669710806697108
2 0.6295662100456622 0.1232876712328767 0.017123287671232876 0.045662100456621
2 0.3133561643835616 0.21385083713850836 0.014840182648401826 0.0350076103500761
16 0.3213470319634703 0.2625570776255708 0.010273972602739725 0.1476407914764079
0 0.24429223744292236 0.286910197869102 0.0182648401826484 0.1019786910197869
16 0.5342465753424658 0.16210045662100456 0.0182648401826484 0.3181126331811263
14 0.3944063926940639 0.3264840182648402 0.007990867579908675 0.0319634703196347
14 0.22773972602739725 0.334855403348554 0.007990867579908675 0.0517503805175038
0 0.04052511415525114 0.2724505327245053 0.021689497716894976 0.1765601217656012
16 0.5713470319634704 0.2070015220700152 0.012557077625570776 0.1552511415525114
3 0.7488584474885844 0.3181126331811263 0.3424657534246575 0.0243531202435312
14 0.5273972602739726 0.3127853881278539 0.00684931506849315 0.0319634703196347
0 0.016552511415525113 0.2762557077625571 0.017123287671232876 0.0837138508371385
11 0.9297945205479452 0.7625570776255708 0.1404109589041096 0.4657534246575342
14 0.5057077625570776 0.3158295281582953 0.00684931506849315 0.0289193302891933
16 0.03995433789954338 0.2701674277016743 0.02054794520547945 0.1841704718417047
14 0.2334474885844749 0.3318112633181126 0.010273972602739725 0.0426179604261796
