3 0.6170091324200914 0.7945205479452054 0.7659817351598174 0.410958904109589
10 0.1689497716894977 0.6567732115677322 0.3356164383561644 0.3820395738203957
6 0.6061643835616438 0.5403348554033486 0.0273972602739726 0.1004566210045662
7 0.7808219178082192 0.5624048706240488 0.0502283105022831 0.0593607305936073
0 0.2682648401826484 0.4619482496194825 0.04337899543378995 0.2420091324200913
16 0.3949771689497717 0.4117199391171994 0.01598173515981735 0.3242009132420091
6 0.9121004566210046 0.528158295281583 0.02511415525114155 0.0669710806697108
1 0.408675799086758 0.4208523592085236 0.0182648401826484 0.0502283105022831
6 0.7853881278538812 0.5319634703196348 0.0273972602739726 0.0867579908675799
6 0.4229452054794521 0.5266362252663622 0.021689497716894976 0.0882800608828006
7 0.9138127853881278 0.5525114155251142 0.030821917808219176 0.0487062404870624
10 0.6438356164383562 0.5045662100456622 0.03424657534246575 0.0228310502283105
16 0.18664383561643835 0.4878234398782344 0.012557077625570776 0.1111111111111111
10 0.13926940639269406 0.5045662100456622 0.0776255707762557 0.0471841704718417
10 0.708904109589041 0.512937595129376 0.0547945205479452 0.0365296803652968
0 0.6735159817351598 0.5121765601217656 0.0182648401826484 0.1293759512937595
0 0.8618721461187214 0.4863013698630137 0.01598173515981735 0.1506849315068493
13 0.8202054794520548 0.5449010654490106 0.028538812785388126 0.045662100456621
10 0.3025114155251142 0.5228310502283106 0.1552511415525114 0.0654490106544901
6 0.3772831050228311 0.5380517503805176 0.021689497716894976 0.0624048706240487
16 0.9246575342465754 0.4726027397260274 0.0091324200913242 0.0898021308980213
3 0.9646118721461188 0.5517503805175038 0.07077625570776255 0.0228310502283105
16 0.9126712328767124 0.45662100456621 0.007990867579908675 0.091324200913242
16 0.9874429223744292 0.4771689497716895 0.00684931506849315 0.0867579908675799
0 0.8932648401826484 0.484779299847793 0.012557077625570776 0.1232876712328767
0 0.5057077625570776 0.4786910197869102 0.03424657534246575 0.1385083713850837
9 0.6090182648401826 0.5083713850837138 0.03767123287671233 0.0669710806697108
16 0.8162100456621004 0.3904109589041096 0.0136986301369863 0.2694063926940639
16 0.8795662100456622 0.5015220700152208 0.007990867579908675 0.0867579908675799
7 0.23116438356164384 0.5487062404870624 0.026255707762557076 0.0471841704718417
0 0.583904109589041 0.5083713850837138 0.021689497716894976 0.0791476407914764
10 0.7442922374429224 0.517503805175038 0.05251141552511415 0.0487062404870624
10 0.7893835616438356 0.5159817351598174 0.06278538812785388 0.0578386605783866
