3 0.5005707762557078 0.6529680365296804 0.9988584474885844 0.6910197869101978
11 0.4320776255707763 0.2625570776255708 0.24771689497716895 0.2146118721461187
6 0.4275114155251142 0.1917808219178082 0.09931506849315068 0.258751902587519
10 0.8732876712328768 0.11035007610350075 0.12557077625570776 0.0958904109589041
15 0.8424657534246576 0.15601217656012176 0.02968036529680365 0.0441400304414003
6 0.2391552511415525 0.15905631659056316 0.03995433789954338 0.1293759512937595
6 0.9731735159817352 0.08295281582952815 0.05365296803652968 0.1385083713850837
6 0.2100456621004566 0.1582952815829528 0.03881278538812785 0.1339421613394216
6 0.0976027397260274 0.1050228310502283 0.023972602739726026 0.0821917808219178
6 0.034817351598173514 0.0943683409436834 0.028538812785388126 0.0791476407914764
6 0.15296803652968036 0.0837138508371385 0.02054794520547945 0.0639269406392694
11 0.9571917808219178 0.18340943683409436 0.08561643835616438 0.1628614916286149
6 0.557648401826484 0.1080669710806697 0.017123287671232876 0.060882800608828
15 0.660958904109589 0.1506849315068493 0.02054794520547945 0.0334855403348554
6 0.5371004566210046 0.106544901065449 0.017123287671232876 0.0669710806697108
6 0.6386986301369864 0.09817351598173515 0.021689497716894976 0.0593607305936073
15 0.6455479452054794 0.14535768645357686 0.019406392694063926 0.0289193302891933
11 0.3732876712328767 0.11491628614916286 0.0182648401826484 0.0380517503805175
3 0.16837899543378995 0.2640791476407915 0.3344748858447489 0.0867579908675799
6 0.13641552511415525 0.0821917808219178 0.017123287671232876 0.0639269406392694
6 0.9360730593607306 0.0730593607305936 0.0228310502283105 0.0578386605783866
16 0.9058219178082192 0.1126331811263318 0.05136986301369863 0.2222222222222222
6 0.4994292237442922 0.11187214611872145 0.021689497716894976 0.0776255707762557
6 0.2990867579908676 0.0776255707762557 0.0136986301369863 0.0365296803652968
6 0.5702054794520548 0.1004566210045662 0.012557077625570776 0.045662100456621
6 0.3738584474885845 0.0943683409436834 0.017123287671232876 0.0273972602739726
15 0.636986301369863 0.1339421613394216 0.01598173515981735 0.0243531202435312
6 0.018835616438356163 0.09512937595129375 0.019406392694063926 0.0684931506849315
6 0.9577625570776256 0.07077625570776255 0.0273972602739726 0.0624048706240487
18 0.5958904109589042 0.10121765601217655 0.02511415525114155 0.0319634703196347
18 0.3036529680365297 0.13013698630136986 0.0639269406392694 0.0563165905631659
