3 0.58162100456621 0.6879756468797564 0.83675799086758 0.624048706240487
10 0.1934931506849315 0.3622526636225266 0.2796803652968037 0.1004566210045662
10 0.694634703196347 0.3462709284627093 0.04908675799086758 0.0410958904109589
0 0.2300228310502283 0.2724505327245053 0.023972602739726026 0.106544901065449
16 0.860730593607306 0.2929984779299848 0.01598173515981735 0.1385083713850837
16 0.968607305936073 0.20167427701674276 0.028538812785388126 0.2815829528158295
16 0.5234018264840182 0.1887366818873668 0.017123287671232876 0.3744292237442922
0 0.4006849315068493 0.3089802130898021 0.01141552511415525 0.0821917808219178
1 0.6552511415525114 0.23363774733637746 0.01141552511415525 0.0380517503805175
16 0.13356164383561644 0.21689497716894976 0.02054794520547945 0.1933028919330289
6 0.9383561643835616 0.34779299847793 0.01598173515981735 0.0441400304414003
11 0.6655251141552512 0.3622526636225266 0.02054794520547945 0.0243531202435312
6 0.5536529680365296 0.34779299847793 0.0136986301369863 0.0532724505327245
16 0.7722602739726028 0.1750380517503805 0.017123287671232876 0.2952815829528158
11 0.8242009132420092 0.3599695585996956 0.0319634703196347 0.0289193302891933
16 0.488013698630137 0.2754946727549467 0.012557077625570776 0.213089802130898
6 0.026255707762557076 0.34779299847793 0.02511415525114155 0.0532724505327245
16 0.7031963470319634 0.2678843226788432 0.01141552511415525 0.121765601217656
1 0.454337899543379 0.2785388127853881 0.01141552511415525 0.0273972602739726
16 0.4577625570776256 0.3363774733637747 0.0091324200913242 0.0852359208523592
11 0.0273972602739726 0.3637747336377473 0.0502283105022831 0.045662100456621
16 0.8276255707762558 0.289193302891933 0.01141552511415525 0.0943683409436834
11 0.6358447488584474 0.3622526636225266 0.01598173515981735 0.0273972602739726
6 0.8202054794520548 0.34779299847793 0.014840182648401826 0.0410958904109589
10 0.7745433789954338 0.350076103500761 0.05821917808219178 0.0395738203957382
16 0.0976027397260274 0.2237442922374429 0.017123287671232876 0.2100456621004566
16 0.3110730593607306 0.2420091324200913 0.012557077625570776 0.213089802130898
3 0.9189497716894978 0.3713850837138508 0.16210045662100456 0.0213089802130898
6 0.6643835616438356 0.3485540334855403 0.0136986301369863 0.0365296803652968
0 0.9343607305936074 0.3150684931506849 0.014840182648401826 0.0547945205479452
3 0.7111872146118722 0.3713850837138508 0.1963470319634703 0.0213089802130898
6 0.6364155251141552 0.3523592085235921 0.012557077625570776 0.0350076103500761
6 0.6215753424657534 0.3439878234398782 0.010273972602739725 0.030441400304414
16 0.5605022831050228 0.2960426179604262 0.00684931506849315 0.0654490106544901
0 0.4743150684931507 0.317351598173516 0.010273972602739725 0.0745814307458143
10 0.6569634703196348 0.3455098934550989 0.03538812785388128 0.0273972602739726
11 0.6210045662100456 0.3576864535768645 0.01598173515981735 0.0213089802130898
10 0.6301369863013698 0.3363774733637747 0.02511415525114155 0.0213089802130898
6 0.5667808219178082 0.3409436834094368 0.010273972602739725 0.0365296803652968
7 0.5941780821917808 0.3531202435312024 0.017123287671232876 0.0182648401826484
16 0.8356164383561644 0.14992389649923896 0.0182648401826484 0.1811263318112633
16 0.6073059360730594 0.3097412480974125 0.00684931506849315 0.1050228310502283
16 0.571917808219178 0.2937595129375951 0.0091324200913242 0.0578386605783866
11 0.9754566210045662 0.3584474885844749 0.026255707762557076 0.0380517503805175
6 0.593607305936073 0.3371385083713851 0.01141552511415525 0.0258751902587519
