3 0.4777397260273973 0.65220700152207 0.9509132420091324 0.6894977168949772
10 0.853310502283105 0.2838660578386606 0.29337899543379 0.1537290715372907
10 0.2888127853881279 0.2884322678843227 0.19863013698630136 0.1019786910197869
9 0.12557077625570776 0.23820395738203956 0.11187214611872145 0.1354642313546423
11 0.6581050228310502 0.2853881278538813 0.05821917808219178 0.0380517503805175
16 0.9360730593607306 0.1141552511415525 0.02968036529680365 0.2252663622526636
7 0.4925799086757991 0.2861491628614916 0.03767123287671233 0.030441400304414
16 0.8641552511415526 0.13926940639269406 0.0182648401826484 0.1415525114155251
6 0.4948630136986301 0.2724505327245053 0.014840182648401826 0.0547945205479452
6 0.5519406392694064 0.2724505327245053 0.017123287671232876 0.0669710806697108
16 0.408675799086758 0.1963470319634703 0.01141552511415525 0.1796042617960426
6 0.4286529680365297 0.2671232876712329 0.012557077625570776 0.0563165905631659
0 0.644406392694064 0.22146118721461186 0.014840182648401826 0.0745814307458143
0 0.7146118721461188 0.21080669710806696 0.0136986301369863 0.0837138508371385
0 0.04280821917808219 0.2252663622526636 0.017123287671232876 0.0821917808219178
1 0.4857305936073059 0.197869101978691 0.012557077625570776 0.0273972602739726
6 0.4549086757990868 0.2648401826484018 0.014840182648401826 0.0578386605783866
6 0.6569634703196348 0.2770167427701674 0.017123287671232876 0.0578386605783866
16 0.18664383561643835 0.21537290715372906 0.014840182648401826 0.1171993911719939
0 0.523972602739726 0.23515981735159816 0.01141552511415525 0.0654490106544901
16 0.478310502283105 0.22602739726027396 0.0091324200913242 0.1050228310502283
10 0.351027397260274 0.2549467275494673 0.026255707762557076 0.0228310502283105
16 0.5422374429223744 0.1278538812785388 0.0136986301369863 0.2526636225266362
16 0.4628995433789954 0.1354642313546423 0.012557077625570776 0.2678843226788432
0 0.6067351598173516 0.2176560121765601 0.010273972602739725 0.0547945205479452
6 0.5804794520547946 0.2754946727549467 0.014840182648401826 0.0547945205479452
6 0.5998858447488584 0.2747336377473364 0.014840182648401826 0.0593607305936073
6 0.6238584474885844 0.2732115677321157 0.017123287671232876 0.0502283105022831
0 0.54337899543379 0.22602739726027396 0.01141552511415525 0.0684931506849315
11 0.5656392694063926 0.2884322678843227 0.014840182648401826 0.0319634703196347
6 0.3961187214611872 0.2648401826484018 0.0136986301369863 0.0334855403348554
16 0.4006849315068493 0.197869101978691 0.01141552511415525 0.1613394216133942
11 0.3978310502283105 0.2815829528158295 0.017123287671232876 0.0365296803652968
11 0.5976027397260274 0.286910197869102 0.05136986301369863 0.0380517503805175
