3 0.4960045662100457 0.6879756468797564 0.9897260273972602 0.624048706240487
6 0.4577625570776256 0.3318112633181126 0.0319634703196347 0.1156773211567732
2 0.3276255707762557 0.14231354642313546 0.02054794520547945 0.0593607305936073
2 0.3110730593607306 0.14079147640791476 0.017123287671232876 0.0563165905631659
10 0.3561643835616438 0.3120243531202435 0.02968036529680365 0.0334855403348554
2 0.4457762557077626 0.2176560121765601 0.014840182648401826 0.0426179604261796
16 0.1204337899543379 0.3165905631659056 0.012557077625570776 0.0821917808219178
0 0.704337899543379 0.2503805175038052 0.02054794520547945 0.1232876712328767
16 0.3864155251141553 0.24429223744292236 0.017123287671232876 0.2054794520547945
16 0.4229452054794521 0.2579908675799087 0.012557077625570776 0.1628614916286149
16 0.8019406392694064 0.18493150684931506 0.017123287671232876 0.2420091324200913
10 0.3778538812785388 0.3112633181126332 0.02511415525114155 0.0289193302891933
0 0.519406392694064 0.2694063926940639 0.0136986301369863 0.1004566210045662
10 0.4178082191780822 0.3082191780821918 0.02968036529680365 0.0228310502283105
16 0.66837899543379 0.2747336377473364 0.007990867579908675 0.0715372907153729
16 0.4777397260273973 0.3051750380517504 0.010273972602739725 0.1263318112633181
3 0.22945205479452055 0.3721461187214612 0.3721461187214612 0.0289193302891933
16 0.03538812785388128 0.3310502283105023 0.0091324200913242 0.0684931506849315
10 0.4931506849315068 0.2960426179604262 0.01598173515981735 0.0167427701674277
17 0.5039954337899544 0.350076103500761 0.017123287671232876 0.0334855403348554
5 0.3453196347031963 0.1643835616438356 0.021689497716894976 0.030441400304414
