6 0.621078431372549 0.22169117647058822 0.10098039215686275 0.18455882352941178
10 0.9392156862745098 0.3886029411764706 0.11960784313725491 0.21985294117647058
11 0.28921568627450983 0.27941176470588236 0.21764705882352942 0.1514705882352941
18 0.34068627450980393 0.21176470588235294 0.3127450980392157 0.17058823529411765
11 0.6558823529411765 0.25882352941176473 0.1843137254901961 0.12058823529411765
10 0.7465686274509804 0.1948529411764706 0.35784313725490197 0.12205882352941176
0 0.0946078431372549 0.21470588235294116 0.1480392156862745 0.25588235294117645
11 0.1676470588235294 0.4334558823529412 0.3333333333333333 0.22279411764705884
6 0.5151960784313725 0.16470588235294117 0.014705882352941176 0.025
10 0.6102941176470589 0.1786764705882353 0.15784313725490196 0.052941176470588235
6 0.40980392156862744 0.16397058823529412 0.01764705882352941 0.025
10 0.1965686274509804 0.17904411764705883 0.061764705882352944 0.05955882352941176
4 0.5205882352941177 0.6330882352941176 0.43137254901960786 0.7338235294117647
11 0.2357843137254902 0.28345588235294117 0.34019607843137256 0.14191176470588235
