10 0.41837899543379 0.525875190258752 0.3436073059360731 0.1750380517503805
3 0.5565068493150684 0.7633181126331812 0.886986301369863 0.4733637747336377
10 0.7842465753424658 0.4642313546423135 0.04794520547945205 0.0426179604261796
0 0.03424657534246575 0.4254185692541857 0.02968036529680365 0.2267884322678843
0 0.3453196347031963 0.3812785388127854 0.023972602739726026 0.1232876712328767
16 0.146689497716895 0.2724505327245053 0.033105022831050226 0.5357686453576864
1 0.5182648401826484 0.380517503805175 0.01598173515981735 0.0365296803652968
3 0.8127853881278538 0.5114155251141552 0.3744292237442922 0.030441400304414
0 0.9577625570776256 0.4360730593607306 0.01598173515981735 0.0958904109589041
0 0.6541095890410958 0.4459665144596651 0.0136986301369863 0.0700152207001522
0 0.6329908675799086 0.4429223744292237 0.010273972602739725 0.0730593607305936
11 0.8407534246575342 0.4977168949771689 0.03995433789954338 0.0517503805175038
16 0.5273972602739726 0.4208523592085236 0.01141552511415525 0.1476407914764079
16 0.7026255707762558 0.4003044140030441 0.012557077625570776 0.1948249619482496
10 0.7265981735159818 0.4596651445966514 0.03538812785388128 0.030441400304414
10 0.8350456621004566 0.4687975646879756 0.06278538812785388 0.0487062404870624
11 0.740296803652968 0.484779299847793 0.023972602739726026 0.0380517503805175
0 0.690068493150685 0.4474885844748858 0.012557077625570776 0.0821917808219178
0 0.91324200913242 0.4436834094368341 0.0091324200913242 0.0654490106544901
7 0.9006849315068494 0.4687975646879756 0.02054794520547945 0.0213089802130898
6 0.7391552511415526 0.4665144596651446 0.019406392694063926 0.0441400304414003
6 0.8378995433789954 0.4802130898021309 0.02968036529680365 0.0684931506849315
10 0.7494292237442922 0.4611872146118721 0.033105022831050226 0.0365296803652968
16 0.8818493150684932 0.3302891933028919 0.014840182648401826 0.2952815829528158
0 0.8715753424657534 0.4406392694063927 0.012557077625570776 0.0684931506849315
6 0.6221461187214612 0.4589041095890411 0.01141552511415525 0.0319634703196347
0 0.6449771689497716 0.4452054794520548 0.01141552511415525 0.0776255707762557
1 0.7785388127853882 0.3013698630136986 0.02054794520547945 0.0547945205479452
16 0.680365296803653 0.4505327245053272 0.00684931506849315 0.1004566210045662
