10 0.20376712328767124 0.4733637747336377 0.2636986301369863 0.1491628614916286
11 0.5639269406392694 0.6270928462709284 0.273972602739726 0.2404870624048706
6 0.5627853881278538 0.5662100456621004 0.1187214611872146 0.2404870624048706
10 0.9657534246575342 0.469558599695586 0.0684931506849315 0.0471841704718417
6 0.3573059360730594 0.7496194824961948 0.3698630136986301 0.4764079147640791
10 0.908675799086758 0.4611872146118721 0.05251141552511415 0.045662100456621
10 0.03424657534246575 0.547945205479452 0.06621004566210045 0.1735159817351598
11 0.3065068493150685 0.8767123287671232 0.4531963470319635 0.2404870624048706
10 0.7505707762557078 0.4528158295281583 0.03767123287671233 0.0319634703196347
6 0.58675799086758 0.4589041095890411 0.01598173515981735 0.0745814307458143
2 0.7699771689497716 0.2968036529680365 0.019406392694063926 0.0578386605783866
6 0.6101598173515982 0.4642313546423135 0.017123287671232876 0.0639269406392694
10 0.8281963470319634 0.45662100456621 0.03767123287671233 0.0273972602739726
16 0.2625570776255708 0.2191780821917808 0.02511415525114155 0.4322678843226788
2 0.7488584474885844 0.2968036529680365 0.02054794520547945 0.0578386605783866
16 0.6843607305936074 0.3995433789954338 0.014840182648401826 0.1872146118721461
6 0.7106164383561644 0.4680365296803653 0.012557077625570776 0.0471841704718417
3 0.8561643835616438 0.5098934550989346 0.2853881278538813 0.030441400304414
16 0.3013698630136986 0.3089802130898021 0.0182648401826484 0.2800608828006088
16 0.41837899543379 0.4162861491628615 0.010273972602739725 0.1598173515981735
10 0.795662100456621 0.4512937595129376 0.02968036529680365 0.0258751902587519
0 0.1449771689497717 0.2595129375951294 0.0182648401826484 0.2146118721461187
16 0.646689497716895 0.3386605783866058 0.012557077625570776 0.1719939117199391
1 0.488013698630137 0.350076103500761 0.014840182648401826 0.0365296803652968
16 0.3361872146118721 0.4094368340943683 0.012557077625570776 0.1582952815829528
6 0.5565068493150684 0.439117199391172 0.012557077625570776 0.0258751902587519
16 0.625 0.3561643835616438 0.007990867579908675 0.1248097412480974
10 0.8658675799086758 0.4604261796042618 0.03538812785388128 0.0289193302891933
5 0.4885844748858447 0.2838660578386606 0.0136986301369863 0.0319634703196347
16 0.4834474885844749 0.4315068493150685 0.012557077625570776 0.1232876712328767
6 0.6518264840182648 0.4467275494672755 0.0091324200913242 0.0319634703196347
10 0.10273972602739725 0.4946727549467275 0.20319634703196346 0.167427701674277
0 0.05707762557077625 0.2907153729071537 0.02054794520547945 0.1582952815829528
0 0.3458904109589041 0.21537290715372906 0.0228310502283105 0.1750380517503805
16 0.4132420091324201 0.2519025875190259 0.0182648401826484 0.1719939117199391
0 0.4531963470319635 0.197869101978691 0.02054794520547945 0.15220700152207
10 0.6700913242009132 0.4452054794520548 0.02054794520547945 0.0228310502283105
3 0.7408675799086758 0.7503805175038052 0.5182648401826484 0.4992389649923896
