3 0.5005707762557078 0.7823439878234398 0.9988584474885844 0.4353120243531202
2 0.2910958904109589 0.06012176560121765 0.0410958904109589 0.1171993911719939
3 0.2191780821917808 0.5228310502283106 0.4360730593607306 0.0715372907153729
2 0.4788812785388128 0.2983257229832572 0.028538812785388126 0.0669710806697108
16 0.851027397260274 0.2823439878234399 0.033105022831050226 0.5525114155251142
6 0.601027397260274 0.4170471841704718 0.012557077625570776 0.0395738203957382
11 0.1341324200913242 0.4429223744292237 0.04908675799086758 0.0395738203957382
0 0.2728310502283105 0.4071537290715373 0.0136986301369863 0.0715372907153729
7 0.1906392694063927 0.441400304414003 0.0319634703196347 0.0334855403348554
5 0.3470319634703196 0.03120243531202435 0.0410958904109589 0.0563165905631659
7 0.0502283105022831 0.4505327245053272 0.0502283105022831 0.045662100456621
16 0.4885844748858447 0.3866057838660578 0.01598173515981735 0.2922374429223744
0 0.19463470319634704 0.3942161339421613 0.026255707762557076 0.1126331811263318
0 0.5565068493150684 0.3987823439878234 0.014840182648401826 0.1126331811263318
0 0.33162100456621 0.4079147640791476 0.012557077625570776 0.060882800608828
0 0.5833333333333334 0.3980213089802131 0.01141552511415525 0.0837138508371385
7 0.16666666666666666 0.4429223744292237 0.02968036529680365 0.0334855403348554
13 0.5256849315068494 0.4619482496194825 0.028538812785388126 0.0563165905631659
10 0.6877853881278538 0.3987823439878234 0.04680365296803653 0.0182648401826484
16 0.307648401826484 0.365296803652968 0.007990867579908675 0.0882800608828006
0 0.5690639269406392 0.3942161339421613 0.012557077625570776 0.0882800608828006
0 0.5399543378995434 0.4170471841704718 0.0228310502283105 0.1187214611872146
0 0.9126712328767124 0.3150684931506849 0.030821917808219176 0.197869101978691
10 0.8087899543378996 0.4025875190258752 0.06050228310502283 0.0350076103500761
16 0.2922374429223744 0.3881278538812785 0.01141552511415525 0.0882800608828006
16 0.8881278538812786 0.3378995433789954 0.0136986301369863 0.1552511415525114
16 0.8082191780821918 0.3569254185692542 0.0136986301369863 0.1232876712328767
16 0.7636986301369864 0.3637747336377473 0.01141552511415525 0.1004566210045662
16 0.7323059360730594 0.3691019786910198 0.007990867579908675 0.0776255707762557
16 0.507420091324201 0.4140030441400304 0.010273972602739725 0.1156773211567732
