3 0.5017123287671232 0.6735159817351598 0.9965753424657534 0.6529680365296804
10 0.5125570776255708 0.23820395738203956 0.1141552511415525 0.1019786910197869
11 0.6792237442922374 0.3181126331811263 0.0958904109589041 0.1126331811263318
10 0.6204337899543378 0.2709284627092846 0.19292237442922375 0.136986301369863
6 0.6866438356164384 0.2770167427701674 0.05136986301369863 0.1400304414003044
10 0.4166666666666667 0.2176560121765601 0.07077625570776255 0.0365296803652968
0 0.8835616438356164 0.213089802130898 0.0182648401826484 0.106544901065449
16 0.3915525114155251 0.13622526636225266 0.01598173515981735 0.1963470319634703
16 0.4708904109589041 0.1628614916286149 0.017123287671232876 0.2526636225266362
10 0.3704337899543379 0.2115677321156773 0.030821917808219176 0.030441400304414
3 0.7671232876712328 0.3211567732115677 0.4589041095890411 0.0700152207001522
16 0.6113013698630136 0.15449010654490106 0.012557077625570776 0.0958904109589041
0 0.7146118721461188 0.1902587519025875 0.02054794520547945 0.091324200913242
0 0.5302511415525114 0.1552511415525114 0.014840182648401826 0.0730593607305936
0 0.6894977168949772 0.1643835616438356 0.02054794520547945 0.091324200913242
