3 0.3321917808219178 0.7115677321156774 0.6621004566210046 0.573820395738204
10 0.384703196347032 0.3789954337899543 0.3287671232876712 0.228310502283105
0 0.8179223744292238 0.2663622526636225 0.028538812785388126 0.2343987823439878
6 0.20034246575342465 0.3820395738203957 0.04452054794520548 0.1248097412480974
16 0.6649543378995434 0.24581430745814306 0.019406392694063926 0.3150684931506849
0 0.04223744292237443 0.3143074581430746 0.0365296803652968 0.1963470319634703
16 0.14098173515981735 0.3515981735159817 0.021689497716894976 0.136986301369863
5 0.12614155251141554 0.18949771689497716 0.04223744292237443 0.0593607305936073
2 0.6501141552511416 0.1552511415525114 0.023972602739726026 0.0639269406392694
11 0.20034246575342465 0.3987823439878234 0.07648401826484018 0.0943683409436834
6 0.9195205479452054 0.3219178082191781 0.023972602739726026 0.1111111111111111
0 0.2910958904109589 0.18797564687975646 0.02968036529680365 0.2298325722983257
6 0.8430365296803652 0.2937595129375951 0.014840182648401826 0.045662100456621
16 0.9897260273972602 0.228310502283105 0.02054794520547945 0.2526636225266362
6 0.9343607305936074 0.3226788432267884 0.028538812785388126 0.1126331811263318
0 0.8875570776255708 0.2815829528158295 0.012557077625570776 0.0730593607305936
5 0.1324200913242009 0.2519025875190259 0.0410958904109589 0.0593607305936073
0 0.863013698630137 0.2853881278538813 0.0136986301369863 0.0654490106544901
