3 0.5810502283105022 0.7602739726027398 0.8378995433789954 0.4611872146118721
13 0.805365296803653 0.5015220700152208 0.04452054794520548 0.0532724505327245
10 0.1329908675799087 0.45662100456621 0.028538812785388126 0.0273972602739726
11 0.021118721461187213 0.4939117199391172 0.03995433789954338 0.0563165905631659
0 0.5285388127853882 0.4345509893455099 0.0228310502283105 0.1628614916286149
0 0.9383561643835616 0.4520547945205479 0.02968036529680365 0.1552511415525114
2 0.23515981735159816 0.2975646879756469 0.02054794520547945 0.0563165905631659
6 0.4235159817351598 0.4908675799086758 0.0228310502283105 0.0715372907153729
16 0.896689497716895 0.4018264840182648 0.023972602739726026 0.2557077625570776
2 0.5821917808219178 0.3911719939117199 0.0136986301369863 0.0395738203957382
7 0.420662100456621 0.5068493150684932 0.04908675799086758 0.0426179604261796
6 0.0228310502283105 0.4741248097412481 0.02511415525114155 0.0593607305936073
19 0.6158675799086758 0.5076103500761036 0.014840182648401826 0.0350076103500761
6 0.33162100456621 0.4779299847792998 0.017123287671232876 0.0669710806697108
16 0.5930365296803652 0.3881278538812785 0.014840182648401826 0.2709284627092846
16 0.7511415525114156 0.4604261796042618 0.0091324200913242 0.1385083713850837
2 0.238013698630137 0.3774733637747336 0.010273972602739725 0.030441400304414
3 0.1552511415525114 0.5076103500761036 0.2945205479452055 0.0319634703196347
6 0.3207762557077626 0.4794520547945205 0.01598173515981735 0.0639269406392694
16 0.3093607305936073 0.4436834094368341 0.0091324200913242 0.1263318112633181
10 0.3167808219178082 0.4604261796042618 0.03538812785388128 0.0471841704718417
16 0.4680365296803653 0.4573820395738204 0.0091324200913242 0.1232876712328767
18 0.8807077625570776 0.4878234398782344 0.09018264840182648 0.0684931506849315
5 0.2602739726027397 0.2952815829528158 0.0273972602739726 0.0334855403348554
16 0.33162100456621 0.3614916286149163 0.010273972602739725 0.1598173515981735
