13 0.6867647058823529 0.20808823529411766 0.15588235294117647 0.15735294117647058
10 0.45 0.04522058823529412 0.0803921568627451 0.04338235294117647
6 0.5955882352941176 0.08235294117647059 0.059803921568627454 0.07794117647058824
16 0.4730392156862745 0.1125 0.03627450980392157 0.2235294117647059
6 0.22549019607843138 0.059926470588235296 0.0392156862745098 0.06691176470588235
10 0.14313725490196078 0.033455882352941176 0.047058823529411764 0.028676470588235293
10 0.19509803921568628 0.02536764705882353 0.025490196078431372 0.019852941176470587
10 0.1681372549019608 0.027573529411764705 0.03823529411764706 0.03308823529411765
16 0.8857843137254902 0.17058823529411765 0.1715686274509804 0.3397058823529412
13 0.6019607843137255 0.19375 0.09803921568627451 0.15220588235294116
4 0.14558823529411766 0.6676470588235294 0.28921568627450983 0.6588235294117647
7 0.2269607843137255 0.0838235294117647 0.04215686274509804 0.051470588235294115
