4 0.542156862745098 0.5852941176470589 0.4803921568627451 0.825
6 0.125 0.14044117647058824 0.09313725490196079 0.11764705882352941
11 0.12058823529411765 0.17720588235294119 0.10196078431372549 0.11029411764705882
10 0.027450980392156862 0.08235294117647059 0.052941176470588235 0.027941176470588237
0 0.3720588235294118 0.12205882352941176 0.030392156862745098 0.11764705882352941
0 0.3196078431372549 0.14301470588235293 0.050980392156862744 0.18455882352941178
16 0.15 0.04742647058823529 0.027450980392156862 0.09338235294117647
0 0.19362745098039216 0.06948529411764706 0.020588235294117647 0.06397058823529411
0 0.42990196078431375 0.12095588235294118 0.016666666666666666 0.05661764705882353
0 0.11470588235294117 0.06213235294117647 0.021568627450980392 0.04926470588235294
0 0.2568627450980392 0.06985294117647059 0.013725490196078431 0.047058823529411764
0 0.03137254901960784 0.45808823529411763 0.060784313725490195 0.175
