10 0.3875570776255708 0.5121765601217656 0.5331050228310502 0.2572298325722983
3 0.5051369863013698 0.7625570776255708 0.9897260273972602 0.45662100456621
6 0.8190639269406392 0.5357686453576864 0.12214611872146118 0.3835616438356164
6 0.7031963470319634 0.5319634703196348 0.1004566210045662 0.4063926940639269
10 0.15810502283105024 0.4429223744292237 0.1997716894977169 0.1643835616438356
1 0.5148401826484018 0.15753424657534246 0.04337899543378995 0.1293759512937595
10 0.05136986301369863 0.4079147640791476 0.1004566210045662 0.0974124809741248
6 0.6015981735159818 0.3995433789954338 0.0319634703196347 0.1019786910197869
6 0.4674657534246575 0.3698630136986301 0.03767123287671233 0.045662100456621
6 0.4178082191780822 0.365296803652968 0.02968036529680365 0.0395738203957382
1 0.5308219178082192 0.2625570776255708 0.02511415525114155 0.0624048706240487
10 0.2968036529680365 0.3911719939117199 0.07077625570776255 0.060882800608828
16 0.4811643835616438 0.1933028919330289 0.021689497716894976 0.3713850837138508
0 0.01598173515981735 0.286910197869102 0.0273972602739726 0.1385083713850837
16 0.526255707762557 0.3538812785388128 0.0136986301369863 0.1111111111111111
0 0.3732876712328767 0.3257229832572298 0.02054794520547945 0.121765601217656
6 0.4965753424657534 0.3698630136986301 0.02511415525114155 0.0365296803652968
10 0.4965753424657534 0.3713850837138508 0.02511415525114155 0.030441400304414
16 0.3515981735159817 0.19558599695585996 0.0228310502283105 0.3881278538812785
10 0.2226027397260274 0.3987823439878234 0.0958904109589041 0.0730593607305936
16 0.3858447488584475 0.2899543378995434 0.0136986301369863 0.1872146118721461
16 0.192351598173516 0.2968036529680365 0.012557077625570776 0.1278538812785388
