3 0.4269406392694064 0.758751902587519 0.8515981735159818 0.4824961948249619
10 0.8515981735159818 0.6666666666666666 0.2968036529680365 0.3470319634703196
10 0.4115296803652968 0.4703196347031963 0.07420091324200913 0.0882800608828006
10 0.3481735159817352 0.4573820395738204 0.0593607305936073 0.0502283105022831
16 0.6078767123287672 0.3417047184170472 0.019406392694063926 0.3759512937595129
1 0.5918949771689498 0.3607305936073059 0.019406392694063926 0.0487062404870624
0 0.708904109589041 0.4497716894977169 0.0228310502283105 0.1628614916286149
10 0.10844748858447488 0.4459665144596651 0.1232876712328767 0.0487062404870624
16 0.4931506849315068 0.2625570776255708 0.0228310502283105 0.5190258751902588
16 0.6769406392694064 0.4786910197869102 0.0091324200913242 0.1080669710806697
10 0.17180365296803654 0.4459665144596651 0.06278538812785388 0.045662100456621
0 0.9840182648401826 0.3706240487062405 0.02511415525114155 0.2024353120243531
6 0.23515981735159816 0.454337899543379 0.0136986301369863 0.0471841704718417
6 0.22031963470319635 0.4497716894977169 0.0136986301369863 0.0532724505327245
10 0.24486301369863014 0.4490106544901065 0.03767123287671233 0.0273972602739726
10 0.9457762557077626 0.4741248097412481 0.10844748858447488 0.0745814307458143
12 0.02511415525114155 0.4832572298325723 0.0091324200913242 0.0258751902587519
14 0.0182648401826484 0.4817351598173516 0.01141552511415525 0.0350076103500761
14 0.11187214611872145 0.4649923896499239 0.00684931506849315 0.0258751902587519
14 0.11986301369863013 0.4634703196347032 0.00684931506849315 0.0228310502283105
11 0.5633561643835616 0.4923896499238965 0.033105022831050226 0.0806697108066971
