3 0.5005707762557078 0.6598173515981736 0.9988584474885844 0.6773211567732116
10 0.158675799086758 0.3097412480974125 0.1141552511415525 0.0776255707762557
10 0.05251141552511415 0.3219178082191781 0.10273972602739725 0.0684931506849315
10 0.877283105022831 0.2694063926940639 0.1997716894977169 0.0974124809741248
10 0.2146118721461187 0.3036529680365297 0.04337899543378995 0.0410958904109589
10 0.3538812785388128 0.2899543378995434 0.0365296803652968 0.0350076103500761
16 0.9195205479452054 0.1126331811263318 0.021689497716894976 0.213089802130898
2 0.3327625570776256 0.15296803652968036 0.017123287671232876 0.0441400304414003
16 0.4554794520547945 0.14231354642313546 0.0182648401826484 0.2815829528158295
0 0.6980593607305936 0.228310502283105 0.014840182648401826 0.0821917808219178
10 0.3829908675799087 0.2884322678843227 0.021689497716894976 0.0258751902587519
10 0.9788812785388128 0.2709284627092846 0.04223744292237443 0.0821917808219178
2 0.16210045662100456 0.1704718417047184 0.0182648401826484 0.0426179604261796
0 0.7545662100456622 0.24124809741248096 0.0136986301369863 0.0684931506849315
6 0.6301369863013698 0.2754946727549467 0.0136986301369863 0.0517503805175038
2 0.4811643835616438 0.22146118721461186 0.010273972602739725 0.0258751902587519
6 0.488013698630137 0.2907153729071537 0.014840182648401826 0.0639269406392694
16 0.11529680365296803 0.22602739726027396 0.0136986301369863 0.1019786910197869
11 0.307648401826484 0.3066971080669711 0.019406392694063926 0.0319634703196347
0 0.5970319634703196 0.23972602739726026 0.01141552511415525 0.0593607305936073
6 0.605593607305936 0.2861491628614916 0.021689497716894976 0.0669710806697108
16 0.3915525114155251 0.23211567732115676 0.01598173515981735 0.1537290715372907
0 0.5707762557077626 0.243531202435312 0.01141552511415525 0.0578386605783866
0 0.02454337899543379 0.2633181126331811 0.017123287671232876 0.0639269406392694
7 0.6038812785388128 0.3028919330289193 0.0502283105022831 0.0365296803652968
16 0.5165525114155252 0.13318112633181126 0.017123287671232876 0.2633181126331811
16 0.4754566210045662 0.24124809741248096 0.007990867579908675 0.0958904109589041
0 0.6267123287671232 0.2298325722983257 0.01141552511415525 0.0547945205479452
16 0.8515981735159818 0.14231354642313546 0.0136986301369863 0.1659056316590563
16 0.3995433789954338 0.2252663622526636 0.0136986301369863 0.167427701674277
8 0.3470319634703196 0.2686453576864536 0.0410958904109589 0.0289193302891933
7 0.4885844748858447 0.3097412480974125 0.0319634703196347 0.0289193302891933
6 0.5034246575342466 0.2846270928462709 0.0136986301369863 0.0547945205479452
6 0.4514840182648402 0.2914764079147641 0.019406392694063926 0.0624048706240487
6 0.6192922374429224 0.2762557077625571 0.012557077625570776 0.0471841704718417
3 0.3122146118721461 0.3295281582952816 0.2226027397260274 0.0228310502283105
16 0.17009132420091325 0.228310502283105 0.01141552511415525 0.0730593607305936
0 0.7328767123287672 0.23059360730593606 0.01141552511415525 0.0715372907153729
10 0.3105022831050228 0.286910197869102 0.0273972602739726 0.0289193302891933
6 0.9874429223744292 0.24429223744292236 0.0228310502283105 0.0258751902587519
6 0.307648401826484 0.286910197869102 0.017123287671232876 0.0289193302891933
0 0.615296803652968 0.2313546423135464 0.0091324200913242 0.0517503805175038
6 0.4412100456621005 0.2785388127853881 0.012557077625570776 0.0334855403348554
0 0.08904109589041095 0.2686453576864536 0.01598173515981735 0.0593607305936073
16 0.4263698630136986 0.271689497716895 0.007990867579908675 0.0654490106544901
7 0.4320776255707763 0.3105022831050228 0.028538812785388126 0.0395738203957382
11 0.4537671232876712 0.3082191780821918 0.05136986301369863 0.0441400304414003
10 0.8732876712328768 0.24429223744292236 0.1689497716894977 0.0532724505327245
