3 0.4520547945205479 0.6141552511415526 0.9018264840182648 0.771689497716895
10 0.3835616438356164 0.08447488584474885 0.07077625570776255 0.0502283105022831
16 0.8812785388127854 0.11796042617960426 0.0365296803652968 0.2328767123287671
14 0.8202054794520548 0.1887366818873668 0.019406392694063926 0.1278538812785388
7 0.4623287671232877 0.1080669710806697 0.04337899543378995 0.0426179604261796
14 0.6358447488584474 0.1735159817351598 0.0136986301369863 0.1004566210045662
10 0.2117579908675799 0.060882800608828 0.06506849315068493 0.030441400304414
10 0.06506849315068493 0.06316590563165905 0.0821917808219178 0.0350076103500761
13 0.3093607305936073 0.08143074581430745 0.02054794520547945 0.0319634703196347
14 0.4103881278538813 0.1171993911719939 0.010273972602739725 0.0547945205479452
14 0.05593607305936073 0.11187214611872145 0.0091324200913242 0.0319634703196347
14 0.4377853881278539 0.10882800608828005 0.010273972602739725 0.0441400304414003
0 0.4851598173515982 0.08751902587519025 0.0136986301369863 0.0745814307458143
14 0.08904109589041095 0.1111111111111111 0.0091324200913242 0.0365296803652968
0 0.2825342465753425 0.04794520547945205 0.012557077625570776 0.0593607305936073
10 0.2751141552511416 0.06012176560121765 0.05707762557077625 0.0258751902587519
0 0.07591324200913242 0.04794520547945205 0.017123287671232876 0.0745814307458143
3 0.2237442922374429 0.1400304414003044 0.3675799086757991 0.0395738203957382
0 0.3264840182648402 0.05251141552511415 0.01141552511415525 0.0532724505327245
0 0.15011415525114155 0.0639269406392694 0.019406392694063926 0.1004566210045662
16 0.1158675799086758 0.060882800608828 0.019406392694063926 0.1126331811263318
16 0.3824200913242009 0.030441400304414 0.01141552511415525 0.0578386605783866
0 0.22659817351598174 0.06773211567732115 0.019406392694063926 0.0806697108066971
0 0.0273972602739726 0.0852359208523592 0.0228310502283105 0.0821917808219178
16 0.4526255707762557 0.0471841704718417 0.012557077625570776 0.091324200913242
