3 0.4297945205479452 0.7579908675799086 0.8573059360730594 0.4840182648401826
2 0.672945205479452 0.2054794520547945 0.033105022831050226 0.0791476407914764
16 0.70662100456621 0.24733637747336376 0.04337899543378995 0.4885844748858447
16 0.553082191780822 0.3843226788432268 0.012557077625570776 0.1019786910197869
10 0.4052511415525114 0.4094368340943683 0.0502283105022831 0.0273972602739726
7 0.5388127853881278 0.4193302891933029 0.02968036529680365 0.0441400304414003
0 0.8458904109589042 0.18188736681887366 0.0228310502283105 0.3455098934550989
16 0.4834474885844749 0.363013698630137 0.021689497716894976 0.1872146118721461
10 0.3247716894977169 0.4223744292237443 0.04680365296803653 0.0319634703196347
10 0.3481735159817352 0.4170471841704718 0.045662100456621 0.030441400304414
0 0.9492009132420092 0.2701674277016743 0.030821917808219176 0.2602739726027397
16 0.1860730593607306 0.410958904109589 0.01598173515981735 0.1156773211567732
7 0.5707762557077626 0.4155251141552511 0.02511415525114155 0.0334855403348554
0 0.7442922374429224 0.2625570776255708 0.02054794520547945 0.1993911719939117
1 0.1461187214611872 0.3850837138508371 0.0136986301369863 0.030441400304414
10 0.2848173515981735 0.4284627092846271 0.06278538812785388 0.0319634703196347
16 0.1523972602739726 0.4375951293759513 0.012557077625570776 0.0776255707762557
0 0.6164383561643836 0.30441400304414 0.02054794520547945 0.1856925418569254
0 0.9703196347031964 0.2389649923896499 0.0228310502283105 0.1796042617960426
0 0.7248858447488584 0.3059360730593607 0.02511415525114155 0.1643835616438356
11 0.2391552511415525 0.4482496194824962 0.026255707762557076 0.0258751902587519
3 0.2671232876712329 0.4809741248097412 0.4360730593607306 0.0639269406392694
10 0.4931506849315068 0.3919330289193303 0.04794520547945205 0.0228310502283105
0 0.78824200913242 0.2899543378995434 0.019406392694063926 0.0958904109589041
7 0.18664383561643835 0.4550989345509893 0.026255707762557076 0.030441400304414
0 0.2180365296803653 0.4269406392694064 0.01141552511415525 0.0684931506849315
11 0.2054794520547945 0.4528158295281583 0.02511415525114155 0.0319634703196347
0 0.307648401826484 0.4124809741248097 0.010273972602739725 0.0487062404870624
0 0.3789954337899543 0.4079147640791476 0.0091324200913242 0.045662100456621
7 0.2568493150684932 0.4436834094368341 0.0182648401826484 0.0258751902587519
10 0.4406392694063927 0.4041095890410959 0.02968036529680365 0.0228310502283105
10 0.4554794520547945 0.4003044140030441 0.0319634703196347 0.0243531202435312
0 0.5742009132420092 0.3691019786910198 0.01141552511415525 0.0806697108066971
0 0.6718036529680366 0.3363774733637747 0.017123287671232876 0.060882800608828
5 0.5941780821917808 0.3074581430745814 0.019406392694063926 0.0273972602739726
5 0.5970319634703196 0.3378995433789954 0.02054794520547945 0.0273972602739726
10 0.583904109589041 0.3881278538812785 0.05593607305936073 0.0365296803652968
