3 0.5005707762557078 0.7138508371385084 0.9965753424657534 0.5722983257229832
16 0.17922374429223745 0.21385083713850836 0.02511415525114155 0.4246575342465753
2 0.19748858447488585 0.2207001522070015 0.02511415525114155 0.0669710806697108
14 0.6398401826484018 0.5007610350076104 0.021689497716894976 0.1796042617960426
14 0.22317351598173515 0.395738203957382 0.012557077625570776 0.0669710806697108
14 0.2802511415525114 0.4010654490106545 0.012557077625570776 0.0654490106544901
16 0.4765981735159817 0.13013698630136986 0.012557077625570776 0.1232876712328767
14 0.3327625570776256 0.3980213089802131 0.010273972602739725 0.0563165905631659
1 0.398972602739726 0.2792998477929985 0.012557077625570776 0.0289193302891933
10 0.9463470319634704 0.3538812785388128 0.10730593607305935 0.0563165905631659
16 0.7562785388127854 0.2754946727549467 0.014840182648401826 0.1430745814307458
6 0.4160958904109589 0.3515981735159817 0.014840182648401826 0.060882800608828
16 0.09874429223744292 0.2054794520547945 0.026255707762557076 0.4048706240487062
10 0.6421232876712328 0.3584474885844749 0.17465753424657535 0.0654490106544901
16 0.5507990867579908 0.13318112633181126 0.010273972602739725 0.1202435312024353
14 0.3447488584474886 0.3569254185692542 0.00684931506849315 0.0319634703196347
7 0.4571917808219178 0.3584474885844749 0.033105022831050226 0.0380517503805175
6 0.4069634703196347 0.3546423135464231 0.017123287671232876 0.0639269406392694
14 0.4840182648401826 0.3622526636225266 0.00684931506849315 0.0334855403348554
7 0.5005707762557078 0.3607305936073059 0.028538812785388126 0.0334855403348554
