3 0.5 0.7275494672754946 0.997716894977169 0.5418569254185692
7 0.5079908675799086 0.4155251141552511 0.0502283105022831 0.0639269406392694
6 0.9069634703196348 0.4140030441400304 0.03767123287671233 0.1278538812785388
2 0.8704337899543378 0.1126331811263318 0.033105022831050226 0.0943683409436834
1 0.5656392694063926 0.2404870624048706 0.030821917808219176 0.0943683409436834
3 0.8978310502283106 0.4535768645357686 0.204337899543379 0.0487062404870624
6 0.7551369863013698 0.4056316590563166 0.026255707762557076 0.0989345509893455
1 0.555365296803653 0.3112633181126332 0.021689497716894976 0.0441400304414003
6 0.7265981735159818 0.4003044140030441 0.023972602739726026 0.0943683409436834
16 0.7408675799086758 0.2496194824961948 0.0182648401826484 0.2252663622526636
16 0.5445205479452054 0.3112633181126332 0.02511415525114155 0.2633181126331811
6 0.6934931506849316 0.4079147640791476 0.026255707762557076 0.0943683409436834
7 0.4474885844748858 0.4147640791476408 0.0273972602739726 0.0624048706240487
0 0.7922374429223744 0.3538812785388128 0.01598173515981735 0.1202435312024353
16 0.2796803652968037 0.3683409436834094 0.01141552511415525 0.136986301369863
6 0.6797945205479452 0.4056316590563166 0.019406392694063926 0.0837138508371385
0 0.946917808219178 0.3660578386605784 0.010273972602739725 0.0624048706240487
16 0.3573059360730594 0.2222222222222222 0.0182648401826484 0.441400304414003
7 0.9046803652968036 0.4474885844748858 0.030821917808219176 0.0700152207001522
0 0.992579908675799 0.3698630136986301 0.012557077625570776 0.060882800608828
0 0.1512557077625571 0.3980213089802131 0.017123287671232876 0.0654490106544901
7 0.2071917808219178 0.4056316590563166 0.03995433789954338 0.0532724505327245
7 0.2437214611872146 0.4071537290715373 0.04223744292237443 0.0532724505327245
13 0.3202054794520548 0.4101978691019787 0.04680365296803653 0.0624048706240487
