3 0.2996575342465753 0.6613394216133942 0.5970319634703196 0.6773211567732116
6 0.07248858447488585 0.3333333333333333 0.06278538812785388 0.2313546423135464
6 0.15468036529680365 0.317351598173516 0.06278538812785388 0.2541856925418569
10 0.4920091324200913 0.24429223744292236 0.0502283105022831 0.0441400304414003
16 0.3139269406392694 0.1567732115677321 0.02054794520547945 0.273972602739726
6 0.9315068493150684 0.2534246575342466 0.045662100456621 0.1141552511415525
10 0.2865296803652968 0.2503805175038052 0.04337899543378995 0.0319634703196347
6 0.3772831050228311 0.2572298325722983 0.023972602739726026 0.0821917808219178
2 0.5993150684931506 0.1506849315068493 0.02054794520547945 0.0578386605783866
6 0.776255707762557 0.2450532724505327 0.02511415525114155 0.091324200913242
0 0.875 0.21689497716894976 0.04223744292237443 0.1933028919330289
6 0.454337899543379 0.2541856925418569 0.02054794520547945 0.0700152207001522
6 0.430365296803653 0.2511415525114155 0.02054794520547945 0.0639269406392694
11 0.2505707762557078 0.2770167427701674 0.03767123287671233 0.045662100456621
6 0.4046803652968037 0.2526636225266362 0.014840182648401826 0.0547945205479452
14 0.4315068493150685 0.2960426179604262 0.0091324200913242 0.0471841704718417
6 0.1997716894977169 0.302130898021309 0.03881278538812785 0.1506849315068493
14 0.476027397260274 0.2945205479452055 0.0091324200913242 0.0502283105022831
16 0.6170091324200914 0.18188736681887366 0.017123287671232876 0.2815829528158295
14 0.3430365296803653 0.2846270928462709 0.007990867579908675 0.0365296803652968
6 0.25 0.2617960426179604 0.02511415525114155 0.0517503805175038
10 0.08732876712328767 0.2595129375951294 0.08789954337899543 0.0502283105022831
16 0.021118721461187213 0.24124809741248096 0.010273972602739725 0.0593607305936073
7 0.012557077625570776 0.2595129375951294 0.0228310502283105 0.0319634703196347
3 0.2237442922374429 0.30441400304414 0.13926940639269406 0.0273972602739726
3 0.07077625570776255 0.302130898021309 0.13926940639269406 0.0441400304414003
6 0.4765981735159817 0.23972602739726026 0.017123287671232876 0.0593607305936073
14 0.3242009132420091 0.2861491628614916 0.0091324200913242 0.0365296803652968
8 0.3424657534246575 0.2328767123287671 0.05251141552511415 0.0487062404870624
