4 0.3803921568627451 0.7466911764705882 0.4176470588235294 0.5036764705882353
14 0.8387254901960784 0.1375 0.030392156862745098 0.06470588235294118
19 0.7901960784313725 0.12573529411764706 0.0392156862745098 0.08088235294117647
11 0.7328431372549019 0.04338235294117647 0.09117647058823529 0.07352941176470588
15 0.30392156862745096 0.10404411764705883 0.03725490196078431 0.04485294117647059
12 0.6176470588235294 0.02389705882352941 0.013725490196078431 0.01838235294117647
11 0.5892156862745098 0.011029411764705883 0.023529411764705882 0.020588235294117647
15 0.31519607843137254 0.09264705882352942 0.03823529411764706 0.041176470588235294
15 0.32598039215686275 0.0849264705882353 0.03823529411764706 0.0375
11 0.6955882352941176 0.021691176470588235 0.059803921568627454 0.04191176470588235
15 0.3392156862745098 0.07463235294117647 0.03725490196078431 0.0375
15 0.34901960784313724 0.06801470588235294 0.03529411764705882 0.03455882352941177
