3 0.5011415525114156 0.7207001522070016 0.997716894977169 0.558599695585997
2 0.5764840182648402 0.2450532724505327 0.0228310502283105 0.0487062404870624
0 0.2648401826484018 0.3089802130898021 0.0182648401826484 0.1461187214611872
0 0.7448630136986302 0.332572298325723 0.019406392694063926 0.1567732115677321
0 0.3595890410958904 0.3356164383561644 0.02511415525114155 0.1689497716894977
0 0.07363013698630137 0.3135464231354642 0.023972602739726026 0.1339421613394216
0 0.4463470319634703 0.3211567732115677 0.0182648401826484 0.1248097412480974
10 0.9794520547945206 0.3561643835616438 0.03881278538812785 0.0334855403348554
16 0.5684931506849316 0.3515981735159817 0.01141552511415525 0.1582952815829528
0 0.4628995433789954 0.3234398782343988 0.014840182648401826 0.1232876712328767
16 0.16666666666666666 0.2945205479452055 0.0182648401826484 0.2694063926940639
0 0.901255707762557 0.3378995433789954 0.012557077625570776 0.0852359208523592
0 0.0410958904109589 0.3257229832572298 0.03424657534246575 0.1887366818873668
16 0.8875570776255708 0.3158295281582953 0.017123287671232876 0.1963470319634703
16 0.9697488584474886 0.3333333333333333 0.012557077625570776 0.106544901065449
0 0.934931506849315 0.3242009132420091 0.0273972602739726 0.1643835616438356
7 0.8721461187214612 0.3767123287671233 0.0182648401826484 0.0441400304414003
0 0.317351598173516 0.3211567732115677 0.0182648401826484 0.1126331811263318
