3 0.5 0.7100456621004566 0.997716894977169 0.5799086757990868
10 0.6381278538812786 0.3515981735159817 0.1141552511415525 0.121765601217656
6 0.4623287671232877 0.3538812785388128 0.02054794520547945 0.0624048706240487
11 0.0976027397260274 0.4056316590563166 0.10159817351598173 0.0806697108066971
6 0.4931506849315068 0.350076103500761 0.0182648401826484 0.0639269406392694
16 0.5365296803652968 0.19863013698630136 0.0228310502283105 0.3942161339421613
10 0.8344748858447488 0.3158295281582953 0.07990867579908675 0.0563165905631659
7 0.5171232876712328 0.3789954337899543 0.02968036529680365 0.0547945205479452
10 0.908675799086758 0.3181126331811263 0.07077625570776255 0.0517503805175038
6 0.5656392694063926 0.3447488584474886 0.014840182648401826 0.0502283105022831
10 0.7876712328767124 0.3188736681887367 0.0365296803652968 0.0350076103500761
10 0.7488584474885844 0.3211567732115677 0.0410958904109589 0.0273972602739726
10 0.5570776255707762 0.3295281582952816 0.0182648401826484 0.0228310502283105
8 0.5724885844748858 0.3158295281582953 0.04452054794520548 0.0319634703196347
10 0.9954337899543378 0.3226788432267884 0.0091324200913242 0.0547945205479452
7 0.5662100456621004 0.3546423135464231 0.01598173515981735 0.0365296803652968
6 0.58162100456621 0.3287671232876712 0.012557077625570776 0.0213089802130898
11 0.5810502283105022 0.350076103500761 0.0136986301369863 0.0334855403348554
5 0.757420091324201 0.1689497716894977 0.021689497716894976 0.0273972602739726
16 0.5068493150684932 0.2831050228310502 0.0136986301369863 0.1187214611872146
16 0.5199771689497716 0.2100456621004566 0.014840182648401826 0.2831050228310502
