10 0.877283105022831 0.3744292237442922 0.2454337899543379 0.197869101978691
6 0.09931506849315068 0.6879756468797564 0.18036529680365296 0.6027397260273972
10 0.1067351598173516 0.3523592085235921 0.09018264840182648 0.0563165905631659
3 0.5005707762557078 0.7031963470319634 0.9965753424657534 0.5905631659056316
6 0.4469178082191781 0.3767123287671233 0.03767123287671233 0.1202435312024353
0 0.4651826484018265 0.3066971080669711 0.030821917808219176 0.1689497716894977
10 0.1478310502283105 0.3401826484018265 0.03538812785388128 0.0441400304414003
16 0.5747716894977168 0.2534246575342466 0.014840182648401826 0.2937595129375951
16 0.3938356164383562 0.2861491628614916 0.0182648401826484 0.2039573820395738
0 0.8116438356164384 0.2343987823439878 0.0228310502283105 0.2252663622526636
1 0.58162100456621 0.2503805175038052 0.019406392694063926 0.0502283105022831
3 0.19292237442922375 0.4025875190258752 0.3835616438356164 0.0380517503805175
0 0.3670091324200913 0.3165905631659056 0.017123287671232876 0.1278538812785388
6 0.4166666666666667 0.3356164383561644 0.01598173515981735 0.0593607305936073
16 0.605593607305936 0.2222222222222222 0.017123287671232876 0.3592085235920852
14 0.5485159817351598 0.3797564687975647 0.010273972602739725 0.0410958904109589
0 0.6255707762557078 0.2770167427701674 0.0228310502283105 0.243531202435312
9 0.2973744292237443 0.3318112633181126 0.06963470319634703 0.0578386605783866
2 0.2728310502283105 0.1735159817351598 0.0136986301369863 0.0365296803652968
16 0.3504566210045662 0.3112633181126332 0.01598173515981735 0.1293759512937595
14 0.490296803652968 0.3744292237442922 0.007990867579908675 0.0426179604261796
10 0.3824200913242009 0.3150684931506849 0.0182648401826484 0.0213089802130898
10 0.5707762557077626 0.3135464231354642 0.04337899543378995 0.0365296803652968
