3 0.565068493150685 0.7199391171993912 0.867579908675799 0.5570776255707762
1 0.3025114155251142 0.2070015220700152 0.02054794520547945 0.0578386605783866
16 0.3789954337899543 0.3097412480974125 0.0182648401826484 0.2024353120243531
0 0.7208904109589042 0.3127853881278539 0.021689497716894976 0.1293759512937595
16 0.0976027397260274 0.378234398782344 0.012557077625570776 0.0837138508371385
1 0.319634703196347 0.20928462709284626 0.0182648401826484 0.0624048706240487
10 0.3190639269406393 0.3789954337899543 0.030821917808219176 0.030441400304414
1 0.4560502283105023 0.2853881278538813 0.014840182648401826 0.0441400304414003
6 0.8618721461187214 0.3455098934550989 0.0228310502283105 0.0547945205479452
16 0.490296803652968 0.3698630136986301 0.010273972602739725 0.121765601217656
10 0.3418949771689498 0.3774733637747336 0.023972602739726026 0.0273972602739726
10 0.3744292237442922 0.3751902587519026 0.02511415525114155 0.0228310502283105
0 0.533675799086758 0.3340943683409437 0.012557077625570776 0.1080669710806697
16 0.672945205479452 0.3462709284627093 0.007990867579908675 0.0684931506849315
16 0.8162100456621004 0.2640791476407915 0.01598173515981735 0.2237442922374429
16 0.4069634703196347 0.3675799086757991 0.010273972602739725 0.0745814307458143
16 0.4583333333333333 0.3675799086757991 0.010273972602739725 0.1263318112633181
3 0.21118721461187215 0.4375951293759513 0.4200913242009132 0.0380517503805175
16 0.2756849315068493 0.2990867579908676 0.012557077625570776 0.1780821917808219
0 0.5085616438356164 0.3614916286149163 0.010273972602739725 0.0532724505327245
