3 0.3915525114155251 0.6879756468797564 0.7808219178082192 0.6210045662100456
11 0.5759132420091324 0.3774733637747336 0.11757990867579908 0.091324200913242
10 0.341324200913242 0.3143074581430746 0.0639269406392694 0.0441400304414003
7 0.9623287671232876 0.3584474885844749 0.07534246575342465 0.0898021308980213
16 0.02511415525114155 0.17579908675799086 0.045662100456621 0.3485540334855403
8 0.5302511415525114 0.2762557077625571 0.05136986301369863 0.0380517503805175
0 0.8276255707762558 0.2800608828006088 0.02054794520547945 0.1095890410958904
2 0.583904109589041 0.1659056316590563 0.021689497716894976 0.0639269406392694
16 0.6004566210045662 0.1735159817351598 0.01598173515981735 0.3409436834094368
2 0.4657534246575342 0.1354642313546423 0.0136986301369863 0.0426179604261796
2 0.4332191780821918 0.13926940639269406 0.014840182648401826 0.0410958904109589
5 0.2705479452054795 0.1598173515981735 0.0182648401826484 0.0273972602739726
6 0.5799086757990868 0.3607305936073059 0.0365296803652968 0.1308980213089802
16 0.3687214611872146 0.24885844748858446 0.01598173515981735 0.1628614916286149
6 0.06735159817351598 0.332572298325723 0.0136986301369863 0.0471841704718417
6 0.05251141552511415 0.3363774733637747 0.0136986301369863 0.045662100456621
0 0.18664383561643835 0.3006088280060883 0.014840182648401826 0.0624048706240487
7 0.920662100456621 0.3561643835616438 0.04680365296803653 0.0791476407914764
0 0.6889269406392694 0.2914764079147641 0.012557077625570776 0.0806697108066971
6 0.978310502283105 0.3264840182648402 0.04337899543378995 0.1354642313546423
0 0.2551369863013699 0.2990867579908676 0.010273972602739725 0.0532724505327245
6 0.09703196347031963 0.3318112633181126 0.01598173515981735 0.0487062404870624
0 0.1232876712328767 0.3082191780821918 0.0136986301369863 0.0745814307458143
1 0.5873287671232876 0.22146118721461186 0.019406392694063926 0.0410958904109589
6 0.1158675799086758 0.3295281582952816 0.012557077625570776 0.0441400304414003
6 0.08561643835616438 0.332572298325723 0.0136986301369863 0.0441400304414003
6 0.9560502283105022 0.3181126331811263 0.03767123287671233 0.106544901065449
0 0.3105022831050228 0.2952815829528158 0.0091324200913242 0.0365296803652968
16 0.5924657534246576 0.2815829528158295 0.0091324200913242 0.0852359208523592
3 0.2779680365296804 0.365296803652968 0.5536529680365296 0.0395738203957382
0 0.726027397260274 0.273972602739726 0.01141552511415525 0.0882800608828006
16 0.07134703196347032 0.1993911719939117 0.028538812785388126 0.2100456621004566
16 0.430365296803653 0.2252663622526636 0.01141552511415525 0.1126331811263318
