0 0.12745098039215685 0.16727941176470587 0.06470588235294118 0.33308823529411763
0 0.9720588235294118 0.18125 0.05196078431372549 0.14926470588235294
0 0.6813725490196079 0.13345588235294117 0.03725490196078431 0.12573529411764706
0 0.025490196078431372 0.20330882352941176 0.049019607843137254 0.2580882352941177
16 0.30245098039215684 0.06507352941176471 0.014705882352941176 0.09338235294117647
10 0.6313725490196078 0.17169117647058824 0.08431372549019608 0.028676470588235293
6 0.707843137254902 0.20625 0.03725490196078431 0.06102941176470588
10 0.052450980392156864 0.12867647058823528 0.09705882352941177 0.051470588235294115
0 0.4235294117647059 0.08272058823529412 0.058823529411764705 0.06985294117647059
6 0.1681372549019608 0.13419117647058823 0.028431372549019607 0.0375
6 0.15343137254901962 0.13419117647058823 0.020588235294117647 0.0375
9 0.3857843137254902 0.17058823529411765 0.3107843137254902 0.12352941176470589
11 0.6906862745098039 0.22316176470588237 0.09117647058823529 0.05808823529411765
6 0.9406862745098039 0.19595588235294117 0.030392156862745098 0.03455882352941177
10 0.567156862745098 0.16323529411764706 0.07352941176470588 0.026470588235294117
4 0.5004901960784314 0.7511029411764706 0.9990196078431373 0.49779411764705883
