3 0.5005707762557078 0.7602739726027398 0.9988584474885844 0.4794520547945205
16 0.6404109589041096 0.2549467275494673 0.02511415525114155 0.5038051750380518
10 0.9571917808219178 0.5053272450532724 0.08561643835616438 0.2070015220700152
0 0.23059360730593606 0.4033485540334855 0.0228310502283105 0.2100456621004566
1 0.6181506849315068 0.2838660578386606 0.028538812785388126 0.0654490106544901
6 0.4429223744292237 0.4383561643835616 0.0410958904109589 0.121765601217656
0 0.5159817351598174 0.3980213089802131 0.0319634703196347 0.2054794520547945
0 0.4023972602739726 0.3873668188736682 0.019406392694063926 0.1111111111111111
16 0.8658675799086758 0.4216133942161339 0.012557077625570776 0.1735159817351598
19 0.4355022831050228 0.4733637747336377 0.023972602739726026 0.060882800608828
0 0.8875570776255708 0.4101978691019787 0.023972602739726026 0.1780821917808219
0 0.12385844748858447 0.3904109589041096 0.017123287671232876 0.1324200913242009
6 0.4355022831050228 0.4741248097412481 0.023972602739726026 0.0593607305936073
6 0.4594748858447489 0.4383561643835616 0.033105022831050226 0.1095890410958904
