3 0.5062785388127854 0.6986301369863014 0.9828767123287672 0.6027397260273972
16 0.1232876712328767 0.19558599695585996 0.04337899543378995 0.3059360730593607
16 0.4172374429223744 0.1963470319634703 0.028538812785388126 0.380517503805175
2 0.9218036529680366 0.11643835616438356 0.033105022831050226 0.0806697108066971
2 0.6678082191780822 0.1354642313546423 0.0228310502283105 0.0700152207001522
2 0.519406392694064 0.24581430745814306 0.0182648401826484 0.0380517503805175
16 0.5833333333333334 0.2541856925418569 0.0136986301369863 0.2313546423135464
16 0.851027397260274 0.2899543378995434 0.014840182648401826 0.1202435312024353
16 0.5114155251141552 0.3242009132420091 0.0091324200913242 0.1126331811263318
3 0.7728310502283106 0.3850837138508371 0.454337899543379 0.045662100456621
0 0.027968036529680364 0.2808219178082192 0.021689497716894976 0.1080669710806697
5 0.8567351598173516 0.2549467275494673 0.019406392694063926 0.0289193302891933
