3 0.6187214611872146 0.7511415525114156 0.7602739726027398 0.4977168949771689
0 0.3304794520547945 0.3774733637747336 0.04223744292237443 0.2557077625570776
10 0.8184931506849316 0.4269406392694064 0.0730593607305936 0.0624048706240487
16 0.5542237442922374 0.3729071537290715 0.012557077625570776 0.2343987823439878
2 0.7488584474885844 0.3211567732115677 0.0182648401826484 0.0547945205479452
3 0.8396118721461188 0.487062404870624 0.3162100456621005 0.0517503805175038
2 0.5679223744292238 0.3013698630136986 0.017123287671232876 0.0487062404870624
0 0.9366438356164384 0.3873668188736682 0.014840182648401826 0.0715372907153729
16 0.714041095890411 0.3013698630136986 0.017123287671232876 0.3409436834094368
16 0.476027397260274 0.4056316590563166 0.01141552511415525 0.1872146118721461
16 0.7414383561643836 0.3904109589041096 0.010273972602739725 0.0745814307458143
1 0.5684931506849316 0.2998477929984779 0.0182648401826484 0.0487062404870624
16 0.9834474885844748 0.380517503805175 0.017123287671232876 0.1035007610350076
12 0.7471461187214612 0.4337899543378995 0.010273972602739725 0.0243531202435312
5 0.9115296803652968 0.2694063926940639 0.017123287671232876 0.030441400304414
10 0.716324200913242 0.4079147640791476 0.07876712328767123 0.0487062404870624
0 0.6455479452054794 0.3683409436834094 0.012557077625570776 0.060882800608828
16 0.565068493150685 0.363013698630137 0.0091324200913242 0.0776255707762557
