3 0.4377853881278539 0.7754946727549468 0.8732876712328768 0.4490106544901065
6 0.307648401826484 0.4383561643835616 0.05821917808219178 0.1887366818873668
16 0.8972602739726028 0.3911719939117199 0.02511415525114155 0.3622526636225266
6 0.09703196347031963 0.4079147640791476 0.0228310502283105 0.091324200913242
2 0.7831050228310502 0.17732115677321156 0.04337899543378995 0.1111111111111111
1 0.04794520547945205 0.2907153729071537 0.0228310502283105 0.0487062404870624
6 0.3487442922374429 0.439117199391172 0.03538812785388128 0.1628614916286149
2 0.0228310502283105 0.213089802130898 0.0365296803652968 0.1035007610350076
11 0.1495433789954338 0.4398782343987823 0.0776255707762557 0.0639269406392694
16 0.757420091324201 0.2785388127853881 0.030821917808219176 0.5449010654490106
3 0.1917808219178082 0.4977168949771689 0.3812785388127854 0.0730593607305936
6 0.22659817351598174 0.4117199391171994 0.023972602739726026 0.0684931506849315
2 0.4246575342465753 0.1643835616438356 0.04337899543378995 0.121765601217656
7 0.0182648401826484 0.4490106544901065 0.03424657534246575 0.0578386605783866
11 0.07134703196347032 0.4459665144596651 0.05593607305936073 0.060882800608828
16 0.03595890410958904 0.3828006088280061 0.012557077625570776 0.1506849315068493
6 0.2009132420091324 0.3904109589041096 0.02054794520547945 0.0350076103500761
11 0.21860730593607305 0.4337899543378995 0.05365296803652968 0.0547945205479452
16 0.007990867579908675 0.3713850837138508 0.0136986301369863 0.1308980213089802
6 0.14897260273972604 0.3881278538812785 0.030821917808219176 0.0517503805175038
6 0.06906392694063927 0.3904109589041096 0.030821917808219176 0.0532724505327245
6 0.03595890410958904 0.4140030441400304 0.019406392694063926 0.0943683409436834
0 0.3704337899543379 0.3470319634703196 0.021689497716894976 0.0791476407914764
