3 0.5 0.7929984779299848 0.997716894977169 0.4140030441400304
10 0.9138127853881278 0.5091324200913242 0.1723744292237443 0.1171993911719939
9 0.872716894977169 0.441400304414003 0.2545662100456621 0.2100456621004566
10 0.6986301369863014 0.4809741248097412 0.12557077625570776 0.1095890410958904
1 0.10787671232876712 0.3394216133942161 0.012557077625570776 0.0426179604261796
2 0.1404109589041096 0.3394216133942161 0.0136986301369863 0.0426179604261796
14 0.672945205479452 0.5197869101978692 0.012557077625570776 0.0654490106544901
14 0.158675799086758 0.5251141552511416 0.0091324200913242 0.0700152207001522
14 0.2871004566210046 0.528158295281583 0.010273972602739725 0.060882800608828
2 0.5125570776255708 0.4063926940639269 0.0136986301369863 0.030441400304414
14 0.3801369863013699 0.5372907153729072 0.01141552511415525 0.0791476407914764
14 0.4691780821917808 0.5342465753424658 0.01141552511415525 0.0700152207001522
14 0.3042237442922374 0.5312024353120244 0.010273972602739725 0.0700152207001522
14 0.5490867579908676 0.528158295281583 0.0091324200913242 0.060882800608828
16 0.4691780821917808 0.3424657534246575 0.0091324200913242 0.197869101978691
14 0.4292237442922374 0.4984779299847793 0.00684931506849315 0.0319634703196347
16 0.2910958904109589 0.317351598173516 0.01598173515981735 0.3942161339421613
14 0.5393835616438356 0.5243531202435312 0.010273972602739725 0.0532724505327245
16 0.5222602739726028 0.3972602739726027 0.012557077625570776 0.2343987823439878
14 0.4606164383561644 0.4984779299847793 0.005707762557077625 0.0319634703196347
3 0.11643835616438356 0.4946727549467275 0.14383561643835616 0.0182648401826484
16 0.21575342465753425 0.3812785388127854 0.01141552511415525 0.1719939117199391
7 0.3601598173515982 0.4885844748858447 0.04452054794520548 0.0395738203957382
3 0.4252283105022831 0.5372907153729072 0.3047945205479452 0.0547945205479452
16 0.5039954337899544 0.378234398782344 0.010273972602739725 0.1506849315068493
0 0.5861872146118722 0.3835616438356164 0.017123287671232876 0.1582952815829528
0 0.5639269406392694 0.3797564687975647 0.0182648401826484 0.1598173515981735
14 0.03367579908675799 0.4809741248097412 0.007990867579908675 0.0243531202435312
14 0.041666666666666664 0.4802130898021309 0.005707762557077625 0.0258751902587519
