3 0.4223744292237443 0.7663622526636226 0.8424657534246576 0.4672754946727549
6 0.5896118721461188 0.4984779299847793 0.021689497716894976 0.0654490106544901
6 0.5570776255707762 0.5053272450532724 0.01598173515981735 0.0547945205479452
1 0.1232876712328767 0.4124809741248097 0.01598173515981735 0.0517503805175038
0 0.24315068493150685 0.4353120243531202 0.02054794520547945 0.1248097412480974
1 0.464041095890411 0.4490106544901065 0.012557077625570776 0.0273972602739726
13 0.228310502283105 0.5144596651445966 0.0228310502283105 0.030441400304414
7 0.2825342465753425 0.5159817351598174 0.021689497716894976 0.030441400304414
16 0.09189497716894977 0.3828006088280061 0.014840182648401826 0.2876712328767123
7 0.1980593607305936 0.5167427701674278 0.026255707762557076 0.0289193302891933
16 0.2853881278538813 0.4832572298325723 0.00684931506849315 0.0593607305936073
16 0.11643835616438356 0.45662100456621 0.0136986301369863 0.1491628614916286
16 0.4674657534246575 0.4901065449010654 0.005707762557077625 0.0547945205479452
7 0.2642694063926941 0.5144596651445966 0.019406392694063926 0.030441400304414
0 0.07819634703196347 0.4817351598173516 0.014840182648401826 0.0806697108066971
7 0.2505707762557078 0.515220700152207 0.019406392694063926 0.0289193302891933
0 0.1797945205479452 0.4923896499238965 0.012557077625570776 0.0745814307458143
0 0.261986301369863 0.4025875190258752 0.019406392694063926 0.0806697108066971
