11 0.5936274509803922 0.09375 0.059803921568627454 0.05220588235294118
6 0.49117647058823527 0.08639705882352941 0.025490196078431372 0.05955882352941176
6 0.9602941176470589 0.10514705882352941 0.07549019607843137 0.12941176470588237
18 0.8970588235294118 0.10551470588235294 0.20588235294117646 0.1448529411764706
0 0.5549019607843138 0.07426470588235294 0.03725490196078431 0.14705882352941177
11 0.3872549019607843 0.0900735294117647 0.054901960784313725 0.03161764705882353
11 0.2553921568627451 0.08308823529411764 0.04607843137254902 0.026470588235294117
0 0.2563725490196078 0.06066176470588235 0.016666666666666666 0.09485294117647058
0 0.3715686274509804 0.06801470588235294 0.025490196078431372 0.11985294117647059
16 0.029411764705882353 0.16323529411764706 0.056862745098039215 0.1426470588235294
11 0.059803921568627454 0.15588235294117647 0.11764705882352941 0.09411764705882353
11 0.07401960784313726 0.14154411764705882 0.12058823529411765 0.08897058823529412
11 0.08725490196078431 0.1213235294117647 0.1 0.054411764705882354
0 0.059803921568627454 0.06764705882352941 0.045098039215686274 0.1338235294117647
15 0.807843137254902 0.15661764705882353 0.021568627450980392 0.01764705882352941
15 0.7127450980392157 0.14558823529411766 0.025490196078431372 0.01764705882352941
15 0.6279411764705882 0.13786764705882354 0.022549019607843137 0.019852941176470587
15 0.5058823529411764 0.12610294117647058 0.0196078431372549 0.016911764705882352
15 0.4583333333333333 0.11985294117647059 0.016666666666666666 0.016176470588235296
15 0.4068627450980392 0.1161764705882353 0.01568627450980392 0.013235294117647059
15 0.34019607843137256 0.10882352941176471 0.01568627450980392 0.013235294117647059
4 0.18137254901960784 0.2036764705882353 0.09607843137254903 0.16029411764705884
