3 0.4366438356164384 0.6963470319634704 0.8710045662100456 0.6073059360730594
16 0.3116438356164384 0.2853881278538813 0.02054794520547945 0.2115677321156773
0 0.17009132420091325 0.3150684931506849 0.02054794520547945 0.1461187214611872
0 0.3607305936073059 0.3188736681887367 0.02054794520547945 0.1263318112633181
16 0.8801369863013698 0.2557077625570776 0.02054794520547945 0.2070015220700152
16 0.13070776255707764 0.3097412480974125 0.023972602739726026 0.1750380517503805
0 0.4897260273972603 0.3257229832572298 0.0136986301369863 0.1126331811263318
10 0.6655251141552512 0.3447488584474886 0.0273972602739726 0.0167427701674277
7 0.3875570776255708 0.3698630136986301 0.03767123287671233 0.0365296803652968
6 0.9537671232876712 0.3523592085235921 0.019406392694063926 0.0563165905631659
0 0.2773972602739726 0.3181126331811263 0.01598173515981735 0.1156773211567732
0 0.5639269406392694 0.3318112633181126 0.01141552511415525 0.0791476407914764
16 0.5878995433789954 0.319634703196347 0.0091324200913242 0.106544901065449
1 0.4697488584474886 0.2831050228310502 0.012557077625570776 0.0273972602739726
16 0.8521689497716894 0.2709284627092846 0.014840182648401826 0.1765601217656012
16 0.4697488584474886 0.3417047184170472 0.007990867579908675 0.0867579908675799
0 0.5473744292237442 0.3340943683409437 0.010273972602739725 0.0593607305936073
0 0.978310502283105 0.3295281582952816 0.0136986301369863 0.0654490106544901
0 0.5810502283105022 0.3333333333333333 0.0091324200913242 0.0700152207001522
3 0.7562785388127854 0.3866057838660578 0.4874429223744292 0.0334855403348554
0 0.5256849315068494 0.332572298325723 0.007990867579908675 0.0441400304414003
