3 0.4891552511415525 0.7549467275494672 0.9714611872146118 0.4901065449010654
6 0.2699771689497717 0.6103500761035008 0.13812785388127855 0.4687975646879756
6 0.6386986301369864 0.6834094368340944 0.11529680365296803 0.532724505327245
6 0.4160958904109589 0.5920852359208524 0.1267123287671233 0.4322678843226788
11 0.11301369863013698 0.4733637747336377 0.0776255707762557 0.0669710806697108
6 0.4743150684931507 0.4840182648401826 0.04680365296803653 0.182648401826484
10 0.5205479452054794 0.4452054794520548 0.05707762557077625 0.0441400304414003
0 0.1695205479452055 0.4216133942161339 0.033105022831050226 0.197869101978691
10 0.603310502283105 0.4550989345509893 0.04680365296803653 0.0639269406392694
0 0.3921232876712329 0.3828006088280061 0.021689497716894976 0.1111111111111111
2 0.6723744292237442 0.3622526636225266 0.01598173515981735 0.0426179604261796
0 0.7345890410958904 0.4155251141552511 0.017123287671232876 0.091324200913242
6 0.8852739726027398 0.4375951293759513 0.017123287671232876 0.0532724505327245
2 0.442351598173516 0.3546423135464231 0.017123287671232876 0.0395738203957382
6 0.7454337899543378 0.4406392694063927 0.01598173515981735 0.0471841704718417
10 0.4389269406392694 0.4360730593607306 0.026255707762557076 0.0289193302891933
8 0.9697488584474886 0.4071537290715373 0.06050228310502283 0.2754946727549467
6 0.803082191780822 0.4360730593607306 0.014840182648401826 0.0502283105022831
0 0.6284246575342466 0.4010654490106545 0.012557077625570776 0.0441400304414003
6 0.8521689497716894 0.441400304414003 0.014840182648401826 0.0487062404870624
0 0.5799086757990868 0.4147640791476408 0.01141552511415525 0.0593607305936073
6 0.3784246575342466 0.4292237442922374 0.017123287671232876 0.030441400304414
6 0.3493150684931507 0.4375951293759513 0.01141552511415525 0.0410958904109589
16 0.6906392694063926 0.3850837138508371 0.0091324200913242 0.136986301369863
16 0.8984018264840182 0.4094368340943683 0.0091324200913242 0.106544901065449
16 0.4469178082191781 0.4140030441400304 0.007990867579908675 0.076103500761035
6 0.8350456621004566 0.439117199391172 0.014840182648401826 0.0410958904109589
7 0.7168949771689498 0.4474885844748858 0.01598173515981735 0.0273972602739726
3 0.6495433789954338 0.4771689497716895 0.3013698630136986 0.0410958904109589
6 0.78824200913242 0.4360730593607306 0.014840182648401826 0.0441400304414003
6 0.5616438356164384 0.4353120243531202 0.0091324200913242 0.0273972602739726
5 0.6700913242009132 0.3873668188736682 0.0136986301369863 0.0197869101978691
1 0.8938356164383562 0.3751902587519026 0.0136986301369863 0.0258751902587519
2 0.906392694063927 0.3744292237442922 0.0136986301369863 0.0213089802130898
