3 0.5005707762557078 0.6894977168949772 0.9988584474885844 0.6179604261796042
9 0.2962328767123288 0.3105022831050228 0.3595890410958904 0.2557077625570776
16 0.0656392694063927 0.2694063926940639 0.021689497716894976 0.1704718417047184
6 0.5827625570776256 0.3371385083713851 0.03767123287671233 0.0928462709284627
16 0.9492009132420092 0.1856925418569254 0.03538812785388128 0.3592085235920852
2 0.10730593607305935 0.18036529680365296 0.0182648401826484 0.0502283105022831
14 0.8886986301369864 0.3607305936073059 0.012557077625570776 0.0700152207001522
1 0.6484018264840182 0.2389649923896499 0.01598173515981735 0.0395738203957382
16 0.6603881278538812 0.2800608828006088 0.010273972602739725 0.136986301369863
2 0.2808219178082192 0.18036529680365296 0.01598173515981735 0.0410958904109589
18 0.5958904109589042 0.3713850837138508 0.1095890410958904 0.0700152207001522
1 0.06107305936073059 0.2808219178082192 0.014840182648401826 0.0258751902587519
18 0.4611872146118721 0.3751902587519026 0.0684931506849315 0.0624048706240487
3 0.06278538812785388 0.3637747336377473 0.1232876712328767 0.0243531202435312
11 0.4606164383561644 0.3744292237442922 0.06735159817351598 0.0639269406392694
