3 0.29337899543379 0.728310502283105 0.5844748858447488 0.528158295281583
6 0.3407534246575342 0.4360730593607306 0.019406392694063926 0.0745814307458143
10 0.773972602739726 0.4657534246575342 0.23515981735159816 0.1035007610350076
10 0.6575342465753424 0.4505327245053272 0.1506849315068493 0.076103500761035
6 0.3784246575342466 0.4383561643835616 0.017123287671232876 0.0700152207001522
6 0.363013698630137 0.4360730593607306 0.0182648401826484 0.0745814307458143
6 0.037100456621004564 0.6035007610350076 0.07191780821917808 0.4063926940639269
2 0.18949771689497716 0.2709284627092846 0.01598173515981735 0.0487062404870624
1 0.1735159817351598 0.2709284627092846 0.01598173515981735 0.0487062404870624
6 0.317351598173516 0.4337899543378995 0.0182648401826484 0.0639269406392694
14 0.5468036529680366 0.4931506849315068 0.01141552511415525 0.0578386605783866
16 0.4160958904109589 0.3683409436834094 0.010273972602739725 0.182648401826484
5 0.2420091324200913 0.30441400304414 0.0136986301369863 0.0243531202435312
6 0.2808219178082192 0.4246575342465753 0.0136986301369863 0.0547945205479452
6 0.24429223744292236 0.426179604261796 0.01598173515981735 0.0578386605783866
16 0.06164383561643835 0.3378995433789954 0.0136986301369863 0.1278538812785388
6 0.2551369863013699 0.4246575342465753 0.014840182648401826 0.060882800608828
6 0.2711187214611872 0.423896499238965 0.010273972602739725 0.0532724505327245
6 0.03595890410958904 0.4855403348554033 0.06963470319634703 0.2191780821917808
2 0.4081050228310502 0.3637747336377473 0.012557077625570776 0.030441400304414
10 0.934931506849315 0.4307458143074581 0.13013698630136986 0.030441400304414
6 0.305365296803653 0.4307458143074581 0.014840182648401826 0.0578386605783866
10 0.6124429223744292 0.4467275494672755 0.10844748858447488 0.0654490106544901
16 0.2511415525114155 0.2450532724505327 0.01598173515981735 0.2800608828006088
3 0.14440639269406394 0.4520547945205479 0.1906392694063927 0.030441400304414
6 0.23515981735159816 0.4246575342465753 0.0136986301369863 0.0517503805175038
6 0.295662100456621 0.423896499238965 0.0136986301369863 0.0502283105022831
16 0.11358447488584475 0.3515981735159817 0.007990867579908675 0.106544901065449
10 0.1740867579908676 0.410958904109589 0.030821917808219176 0.0334855403348554
10 0.20319634703196346 0.4117199391171994 0.0319634703196347 0.0289193302891933
