3 0.5005707762557078 0.7648401826484018 0.9988584474885844 0.4703196347031963
6 0.4800228310502283 0.4703196347031963 0.04223744292237443 0.167427701674277
11 0.83675799086758 0.5144596651445966 0.05707762557077625 0.1308980213089802
2 0.3675799086757991 0.3143074581430746 0.0273972602739726 0.0593607305936073
0 0.4041095890410959 0.4117199391171994 0.0228310502283105 0.2115677321156773
16 0.3624429223744292 0.4322678843226788 0.017123287671232876 0.1796042617960426
6 0.8373287671232876 0.4619482496194825 0.05136986301369863 0.1050228310502283
16 0.7288812785388128 0.2450532724505327 0.023972602739726026 0.4687975646879756
16 0.9052511415525114 0.410958904109589 0.0136986301369863 0.0943683409436834
3 0.877283105022831 0.4840182648401826 0.2454337899543379 0.0395738203957382
11 0.646689497716895 0.4170471841704718 0.019406392694063926 0.0213089802130898
16 0.08105022831050228 0.4003044140030441 0.0182648401826484 0.2313546423135464
1 0.9942922374429224 0.3485540334855403 0.01141552511415525 0.0426179604261796
16 0.5850456621004566 0.3721461187214612 0.014840182648401826 0.1811263318112633
16 0.8561643835616438 0.3888888888888889 0.01141552511415525 0.0837138508371385
16 0.6809360730593608 0.4117199391171994 0.017123287671232876 0.0928462709284627
16 0.9960045662100456 0.4170471841704718 0.007990867579908675 0.0974124809741248
16 0.7049086757990868 0.4101978691019787 0.010273972602739725 0.0989345509893455
