3 0.70662100456621 0.7298325722983258 0.58675799086758 0.5403348554033486
10 0.8681506849315068 0.4003044140030441 0.04680365296803653 0.0243531202435312
13 0.4235159817351598 0.4322678843226788 0.03424657534246575 0.0365296803652968
11 0.7871004566210046 0.4452054794520548 0.033105022831050226 0.0502283105022831
6 0.5399543378995434 0.4208523592085236 0.01598173515981735 0.0593607305936073
16 0.2791095890410959 0.3333333333333333 0.012557077625570776 0.2343987823439878
10 0.9492009132420092 0.4018264840182648 0.07191780821917808 0.0273972602739726
2 0.559931506849315 0.3409436834094368 0.010273972602739725 0.030441400304414
3 0.8007990867579908 0.4512937595129376 0.3984018264840183 0.0289193302891933
16 0.4657534246575342 0.3264840182648402 0.0136986301369863 0.1933028919330289
10 0.2962328767123288 0.4033485540334855 0.05365296803652968 0.0426179604261796
0 0.6067351598173516 0.3751902587519026 0.014840182648401826 0.1171993911719939
16 0.11529680365296803 0.2907153729071537 0.01598173515981735 0.2770167427701674
6 0.7853881278538812 0.4147640791476408 0.02511415525114155 0.0441400304414003
6 0.4257990867579909 0.3987823439878234 0.0136986301369863 0.0273972602739726
16 0.5873287671232876 0.3607305936073059 0.010273972602739725 0.1339421613394216
16 0.5633561643835616 0.4056316590563166 0.007990867579908675 0.0928462709284627
16 0.4840182648401826 0.3508371385083714 0.0091324200913242 0.1415525114155251
0 0.06335616438356165 0.3424657534246575 0.014840182648401826 0.1887366818873668
14 0.1050228310502283 0.4124809741248097 0.00684931506849315 0.030441400304414
16 0.5445205479452054 0.3508371385083714 0.00684931506849315 0.0806697108066971
10 0.6484018264840182 0.3987823439878234 0.02054794520547945 0.0121765601217656
14 0.2454337899543379 0.4193302891933029 0.00684931506849315 0.0289193302891933
14 0.0091324200913242 0.4071537290715373 0.00684931506849315 0.0258751902587519
16 0.3635844748858447 0.3668188736681887 0.007990867579908675 0.091324200913242
14 0.0319634703196347 0.4094368340943683 0.00684931506849315 0.0243531202435312
14 0.18550228310502284 0.4132420091324201 0.005707762557077625 0.0319634703196347
10 0.7328767123287672 0.4010654490106545 0.02968036529680365 0.0136986301369863
14 0.055365296803652965 0.4079147640791476 0.005707762557077625 0.0273972602739726
14 0.079337899543379 0.410958904109589 0.005707762557077625 0.030441400304414
14 0.21289954337899544 0.4117199391171994 0.005707762557077625 0.0258751902587519
16 0.6147260273972602 0.3683409436834094 0.007990867579908675 0.1278538812785388
10 0.70662100456621 0.3995433789954338 0.02511415525114155 0.0167427701674277
1 0.22659817351598174 0.197869101978691 0.026255707762557076 0.0791476407914764
