3 0.5781963470319634 0.6917808219178082 0.843607305936073 0.6164383561643836
10 0.8921232876712328 0.3531202435312024 0.21575342465753425 0.1430745814307458
10 0.6940639269406392 0.350076103500761 0.1780821917808219 0.0943683409436834
0 0.1415525114155251 0.3028919330289193 0.0273972602739726 0.1248097412480974
0 0.4611872146118721 0.3074581430745814 0.02054794520547945 0.1308980213089802
1 0.2151826484018265 0.2343987823439878 0.017123287671232876 0.0365296803652968
0 0.3059360730593607 0.2937595129375951 0.02054794520547945 0.1156773211567732
0 0.3972602739726027 0.2899543378995434 0.0182648401826484 0.1171993911719939
16 0.2060502283105023 0.286910197869102 0.010273972602739725 0.1689497716894977
7 0.039383561643835614 0.3493150684931507 0.023972602739726026 0.0502283105022831
0 0.6301369863013698 0.2983257229832572 0.01598173515981735 0.0852359208523592
0 0.5633561643835616 0.2983257229832572 0.014840182648401826 0.0974124809741248
14 0.70662100456621 0.3706240487062405 0.01141552511415525 0.0532724505327245
0 0.7374429223744292 0.2785388127853881 0.0136986301369863 0.0517503805175038
16 0.04794520547945205 0.2876712328767123 0.01598173515981735 0.167427701674277
0 0.5228310502283106 0.2968036529680365 0.0182648401826484 0.0974124809741248
16 0.9509132420091324 0.14840182648401826 0.0182648401826484 0.2907153729071537
0 0.7819634703196348 0.2846270928462709 0.0136986301369863 0.0791476407914764
