13 0.7899543378995434 0.4254185692541857 0.045662100456621 0.0745814307458143
14 0.4195205479452055 0.8576864535768646 0.06278538812785388 0.2815829528158295
10 0.3002283105022831 0.3660578386605784 0.136986301369863 0.0867579908675799
2 0.2682648401826484 0.2100456621004566 0.02511415525114155 0.0578386605783866
16 0.2802511415525114 0.334855403348554 0.017123287671232876 0.1917808219178082
16 0.1495433789954338 0.21385083713850836 0.0273972602739726 0.4216133942161339
16 0.0410958904109589 0.18645357686453576 0.0228310502283105 0.3668188736681887
14 0.1997716894977169 0.4216133942161339 0.01141552511415525 0.0700152207001522
14 0.15182648401826485 0.4124809741248097 0.01141552511415525 0.0669710806697108
10 0.5079908675799086 0.3645357686453577 0.1552511415525114 0.0563165905631659
16 0.7385844748858448 0.4961948249619482 0.091324200913242 0.989345509893455
14 0.18207762557077625 0.3896499238964992 0.010273972602739725 0.0578386605783866
16 0.555365296803653 0.3143074581430746 0.017123287671232876 0.1963470319634703
6 0.6501141552511416 0.5418569254185692 0.1312785388127854 0.4231354642313546
14 0.03824200913242009 0.3637747336377473 0.007990867579908675 0.0334855403348554
10 0.9292237442922374 0.3713850837138508 0.1415525114155251 0.0395738203957382
14 0.2345890410958904 0.3904109589041096 0.007990867579908675 0.0532724505327245
3 0.08789954337899543 0.3919330289193303 0.1735159817351598 0.0258751902587519
14 0.019406392694063926 0.3614916286149163 0.00684931506849315 0.0350076103500761
3 0.3886986301369863 0.730593607305936 0.7751141552511416 0.5388127853881278
16 0.1997716894977169 0.2968036529680365 0.0091324200913242 0.106544901065449
10 0.7134703196347032 0.3691019786910198 0.15296803652968036 0.0441400304414003
10 0.7905251141552512 0.3531202435312024 0.03995433789954338 0.0213089802130898
7 0.615296803652968 0.426179604261796 0.04794520547945205 0.0639269406392694
