3 0.5 0.6856925418569254 0.997716894977169 0.6286149162861492
11 0.028538812785388126 0.4452054794520548 0.0547945205479452 0.1476407914764079
1 0.9914383561643836 0.2298325722983257 0.017123287671232876 0.0578386605783866
1 0.4863013698630137 0.2686453576864536 0.01141552511415525 0.0289193302891933
16 0.4703196347031963 0.24277016742770166 0.01141552511415525 0.1933028919330289
16 0.5182648401826484 0.3203957382039574 0.00684931506849315 0.0806697108066971
1 0.4052511415525114 0.243531202435312 0.02054794520547945 0.0547945205479452
16 0.1980593607305936 0.2831050228310502 0.010273972602739725 0.136986301369863
16 0.8995433789954338 0.2724505327245053 0.01598173515981735 0.1582952815829528
16 0.4035388127853881 0.1872146118721461 0.017123287671232876 0.3561643835616438
16 0.980593607305936 0.30441400304414 0.0091324200913242 0.091324200913242
16 0.4868721461187215 0.3264840182648402 0.007990867579908675 0.0776255707762557
10 0.4360730593607306 0.3280060882800609 0.0410958904109589 0.0258751902587519
15 0.4937214611872146 0.3554033485540335 0.017123287671232876 0.0167427701674277
15 0.541095890410959 0.3546423135464231 0.0182648401826484 0.0182648401826484
15 0.5856164383561644 0.3538812785388128 0.0182648401826484 0.0197869101978691
15 0.6312785388127854 0.3515981735159817 0.0182648401826484 0.0182648401826484
15 0.680365296803653 0.3515981735159817 0.02054794520547945 0.0182648401826484
15 0.791095890410959 0.3470319634703196 0.02054794520547945 0.0213089802130898
15 0.8361872146118722 0.3455098934550989 0.023972602739726026 0.0182648401826484
15 0.882420091324201 0.3439878234398782 0.02054794520547945 0.0213089802130898
