3 0.5730593607305936 0.7077625570776256 0.8538812785388128 0.578386605783866
6 0.9457762557077626 0.4703196347031963 0.10159817351598173 0.3439878234398782
3 0.0867579908675799 0.8812785388127854 0.17123287671232876 0.2343987823439878
10 0.20376712328767124 0.3523592085235921 0.06278538812785388 0.0593607305936073
10 0.305365296803653 0.3576864535768645 0.04908675799086758 0.0487062404870624
0 0.6952054794520548 0.3097412480974125 0.0273972602739726 0.1902587519025875
0 0.3710045662100457 0.3257229832572298 0.02511415525114155 0.1278538812785388
16 0.541095890410959 0.3394216133942161 0.01141552511415525 0.1339421613394216
0 0.45662100456621 0.317351598173516 0.0365296803652968 0.1628614916286149
10 0.2636986301369863 0.3470319634703196 0.0319634703196347 0.0365296803652968
2 0.2751141552511416 0.20319634703196346 0.0228310502283105 0.0532724505327245
6 0.4132420091324201 0.3554033485540335 0.0182648401826484 0.0684931506849315
6 0.5222602739726028 0.3607305936073059 0.021689497716894976 0.091324200913242
2 0.5371004566210046 0.2480974124809741 0.019406392694063926 0.045662100456621
6 0.5582191780821918 0.3538812785388128 0.0228310502283105 0.0715372907153729
6 0.444634703196347 0.3523592085235921 0.017123287671232876 0.0654490106544901
0 0.3361872146118721 0.3318112633181126 0.014840182648401826 0.0943683409436834
6 0.4280821917808219 0.3538812785388128 0.01598173515981735 0.0624048706240487
3 0.23858447488584475 0.4155251141552511 0.4748858447488584 0.0395738203957382
0 0.06164383561643835 0.3378995433789954 0.01141552511415525 0.0700152207001522
0 0.1358447488584475 0.334855403348554 0.01141552511415525 0.0547945205479452
10 0.01141552511415525 0.3439878234398782 0.02054794520547945 0.0334855403348554
0 0.3487442922374429 0.3249619482496195 0.014840182648401826 0.1050228310502283
