3 0.3744292237442922 0.7747336377473364 0.7465753424657534 0.4505327245053272
16 0.7226027397260274 0.4063926940639269 0.02511415525114155 0.2191780821917808
0 0.8059360730593608 0.3264840182648402 0.03424657534246575 0.3515981735159817
0 0.15468036529680365 0.469558599695586 0.030821917808219176 0.1385083713850837
6 0.1284246575342466 0.4573820395738204 0.012557077625570776 0.0654490106544901
6 0.11757990867579908 0.4596651445966514 0.0182648401826484 0.076103500761035
0 0.06792237442922375 0.4680365296803653 0.021689497716894976 0.1293759512937595
13 0.07534246575342465 0.502283105022831 0.0365296803652968 0.0700152207001522
16 0.5787671232876712 0.2884322678843227 0.0182648401826484 0.1111111111111111
1 0.6855022831050228 0.20624048706240486 0.03538812785388128 0.0898021308980213
