3 0.5005707762557078 0.6491628614916286 0.9988584474885844 0.6986301369863014
10 0.8527397260273972 0.2450532724505327 0.2374429223744292 0.1156773211567732
16 0.18835616438356165 0.1689497716894977 0.03424657534246575 0.2526636225266362
10 0.0958904109589041 0.2557077625570776 0.0365296803652968 0.0334855403348554
0 0.6478310502283106 0.1902587519025875 0.023972602739726026 0.1613394216133942
16 0.3150684931506849 0.1491628614916286 0.03424657534246575 0.2952815829528158
10 0.053082191780821915 0.2511415525114155 0.030821917808219176 0.0243531202435312
16 0.773972602739726 0.17427701674277016 0.01598173515981735 0.1324200913242009
16 0.4788812785388128 0.1917808219178082 0.019406392694063926 0.197869101978691
2 0.4646118721461187 0.1537290715372907 0.0182648401826484 0.0426179604261796
0 0.9897260273972602 0.182648401826484 0.02054794520547945 0.15220700152207
3 0.05593607305936073 0.2998477929984779 0.1095890410958904 0.0243531202435312
16 0.12442922374429223 0.23059360730593606 0.0182648401826484 0.1080669710806697
10 0.012557077625570776 0.258751902587519 0.0228310502283105 0.0243531202435312
10 0.02454337899543379 0.2549467275494673 0.021689497716894976 0.0258751902587519
16 0.3270547945205479 0.1050228310502283 0.03538812785388128 0.2070015220700152
