3 0.5005707762557078 0.726027397260274 0.9988584474885844 0.547945205479452
6 0.6735159817351598 0.3447488584474886 0.0365296803652968 0.1506849315068493
2 0.66837899543379 0.06012176560121765 0.05136986301369863 0.1171993911719939
7 0.9703196347031964 0.3424657534246575 0.0593607305936073 0.0852359208523592
6 0.7722602739726028 0.3561643835616438 0.06735159817351598 0.1796042617960426
2 0.632420091324201 0.16210045662100456 0.0319634703196347 0.0776255707762557
11 0.09360730593607305 0.3691019786910198 0.17579908675799086 0.1354642313546423
6 0.9720319634703196 0.3051750380517504 0.04908675799086758 0.1080669710806697
6 0.06792237442922375 0.3188736681887367 0.04908675799086758 0.1111111111111111
16 0.4286529680365297 0.2207001522070015 0.026255707762557076 0.4322678843226788
16 0.651255707762557 0.2701674277016743 0.019406392694063926 0.2968036529680365
7 0.9235159817351598 0.3051750380517504 0.0273972602739726 0.0502283105022831
16 0.7271689497716894 0.24885844748858446 0.0136986301369863 0.1232876712328767
11 0.757420091324201 0.3675799086757991 0.1358447488584475 0.0989345509893455
6 0.9257990867579908 0.2770167427701674 0.0273972602739726 0.0943683409436834
16 0.7157534246575342 0.2770167427701674 0.01141552511415525 0.0730593607305936
5 0.7557077625570776 0.17275494672754946 0.04794520547945205 0.0684931506849315
5 0.8504566210045662 0.17123287671232876 0.02054794520547945 0.0289193302891933
5 0.8744292237442922 0.16971080669710806 0.0228310502283105 0.0289193302891933
5 0.8972602739726028 0.167427701674277 0.02054794520547945 0.030441400304414
5 0.922945205479452 0.16514459665144596 0.021689497716894976 0.0319634703196347
