3 0.4001141552511416 0.741248097412481 0.797945205479452 0.517503805175038
6 0.5878995433789954 0.4611872146118721 0.05251141552511415 0.1643835616438356
0 0.2756849315068493 0.3432267884322679 0.030821917808219176 0.1872146118721461
10 0.0319634703196347 0.380517503805175 0.06164383561643835 0.0334855403348554
0 0.896689497716895 0.3333333333333333 0.028538812785388126 0.1552511415525114
1 0.795662100456621 0.2777777777777778 0.0228310502283105 0.0532724505327245
16 0.9509132420091324 0.3576864535768645 0.0273972602739726 0.243531202435312
0 0.8401826484018264 0.3576864535768645 0.02511415525114155 0.2313546423135464
0 0.6883561643835616 0.3310502283105023 0.0182648401826484 0.0958904109589041
14 0.7945205479452054 0.4459665144596651 0.0091324200913242 0.0578386605783866
0 0.9726027397260274 0.3447488584474886 0.0182648401826484 0.0989345509893455
16 0.8082191780821918 0.3508371385083714 0.02054794520547945 0.2480974124809741
0 0.15639269406392695 0.3531202435312024 0.02054794520547945 0.1400304414003044
14 0.6501141552511416 0.4375951293759513 0.010273972602739725 0.0532724505327245
0 0.7134703196347032 0.332572298325723 0.01598173515981735 0.0898021308980213
0 0.3647260273972603 0.332572298325723 0.014840182648401826 0.1019786910197869
0 0.0730593607305936 0.3622526636225266 0.0182648401826484 0.0943683409436834
0 0.863013698630137 0.3302891933028919 0.01598173515981735 0.1004566210045662
14 0.5091324200913242 0.4208523592085236 0.0091324200913242 0.0471841704718417
3 0.02910958904109589 0.4193302891933029 0.05593607305936073 0.0228310502283105
0 0.0930365296803653 0.3599695585996956 0.017123287671232876 0.1080669710806697
0 0.5291095890410958 0.3850837138508371 0.021689497716894976 0.1248097412480974
0 0.4834474885844749 0.3675799086757991 0.017123287671232876 0.1689497716894977
0 0.4429223744292237 0.3302891933028919 0.0091324200913242 0.0821917808219178
7 0.5462328767123288 0.4299847792998478 0.04452054794520548 0.0532724505327245
0 0.3858447488584475 0.3302891933028919 0.01141552511415525 0.1126331811263318
14 0.08047945205479452 0.3995433789954338 0.007990867579908675 0.0289193302891933
