3 0.6883561643835616 0.6742770167427702 0.6232876712328768 0.6118721461187214
10 0.19463470319634704 0.3789954337899543 0.3299086757990868 0.1400304414003044
14 0.4594748858447489 0.3386605783866058 0.010273972602739725 0.0624048706240487
14 0.6215753424657534 0.3249619482496195 0.010273972602739725 0.0684931506849315
14 0.5376712328767124 0.3333333333333333 0.01141552511415525 0.060882800608828
9 0.2682648401826484 0.3150684931506849 0.0319634703196347 0.0334855403348554
0 0.8447488584474886 0.2617960426179604 0.0136986301369863 0.0578386605783866
0 0.615296803652968 0.2754946727549467 0.01141552511415525 0.0730593607305936
0 0.9606164383561644 0.2450532724505327 0.012557077625570776 0.0730593607305936
2 0.555365296803653 0.2503805175038052 0.010273972602739725 0.0258751902587519
0 0.4897260273972603 0.2929984779299848 0.01141552511415525 0.0776255707762557
16 0.3641552511415525 0.21689497716894976 0.01598173515981735 0.1902587519025875
3 0.58162100456621 0.3493150684931507 0.2134703196347032 0.0289193302891933
16 0.5616438356164384 0.19101978691019786 0.01598173515981735 0.2876712328767123
0 0.716324200913242 0.2671232876712329 0.010273972602739725 0.0806697108066971
16 0.7454337899543378 0.15296803652968036 0.01598173515981735 0.2998477929984779
