3 0.5005707762557078 0.73896499238965 0.9988584474885844 0.5220700152207002
10 0.5970319634703196 0.4558599695585997 0.3789954337899543 0.1719939117199391
10 0.23401826484018265 0.4429223744292237 0.2534246575342466 0.1248097412480974
1 0.2534246575342466 0.1719939117199391 0.0273972602739726 0.0791476407914764
8 0.23573059360730594 0.3508371385083714 0.1358447488584475 0.0806697108066971
1 0.6484018264840182 0.3120243531202435 0.02054794520547945 0.0517503805175038
6 0.83675799086758 0.4292237442922374 0.0228310502283105 0.1035007610350076
6 0.09417808219178082 0.408675799086758 0.023972602739726026 0.0867579908675799
2 0.6432648401826484 0.2298325722983257 0.028538812785388126 0.106544901065449
6 0.3487442922374429 0.3926940639269406 0.019406392694063926 0.0517503805175038
16 0.4908675799086758 0.20624048706240486 0.0182648401826484 0.4003044140030441
3 0.0639269406392694 0.4573820395738204 0.1141552511415525 0.0380517503805175
6 0.17579908675799086 0.3789954337899543 0.0182648401826484 0.0334855403348554
16 0.6575342465753424 0.2678843226788432 0.0136986301369863 0.2009132420091324
7 0.9166666666666666 0.4611872146118721 0.06621004566210045 0.0700152207001522
6 0.4686073059360731 0.393455098934551 0.012557077625570776 0.0410958904109589
16 0.3487442922374429 0.2785388127853881 0.017123287671232876 0.1948249619482496
7 0.3658675799086758 0.4231354642313546 0.03767123287671233 0.0426179604261796
0 0.02968036529680365 0.3767123287671233 0.0136986301369863 0.0867579908675799
10 0.011986301369863013 0.4573820395738204 0.021689497716894976 0.1050228310502283
7 0.872716894977169 0.4627092846270928 0.030821917808219176 0.0700152207001522
16 0.3367579908675799 0.3660578386605784 0.0091324200913242 0.0684931506849315
16 0.9942922374429224 0.4322678843226788 0.01141552511415525 0.1339421613394216
0 0.10616438356164383 0.3706240487062405 0.0136986301369863 0.0684931506849315
15 0.4235159817351598 0.4193302891933029 0.01141552511415525 0.0197869101978691
15 0.4320776255707763 0.4216133942161339 0.012557077625570776 0.0243531202435312
15 0.4452054794520548 0.4208523592085236 0.0136986301369863 0.0167427701674277
15 0.785958904109589 0.4482496194824962 0.021689497716894976 0.0319634703196347
0 0.8167808219178082 0.4193302891933029 0.026255707762557076 0.1293759512937595
7 0.9537671232876712 0.4627092846270928 0.04908675799086758 0.076103500761035
11 0.978310502283105 0.45662100456621 0.04337899543378995 0.0791476407914764
