3 0.3304794520547945 0.6872146118721462 0.658675799086758 0.6255707762557078
10 0.9263698630136986 0.3089802130898021 0.14726027397260275 0.0669710806697108
6 0.5513698630136986 0.3264840182648402 0.0228310502283105 0.0776255707762557
16 0.3253424657534247 0.256468797564688 0.01598173515981735 0.1811263318112633
16 0.4292237442922374 0.1719939117199391 0.0228310502283105 0.3409436834094368
2 0.6541095890410958 0.23820395738203956 0.0182648401826484 0.0380517503805175
16 0.3921232876712329 0.2937595129375951 0.014840182648401826 0.1278538812785388
14 0.8242009132420092 0.3386605783866058 0.00684931506849315 0.0410958904109589
16 0.6615296803652968 0.3105022831050228 0.010273972602739725 0.106544901065449
16 0.6809360730593608 0.18188736681887366 0.017123287671232876 0.3607305936073059
0 0.3458904109589041 0.302130898021309 0.0136986301369863 0.0654490106544901
16 0.8755707762557078 0.2648401826484018 0.0182648401826484 0.1887366818873668
16 0.9166666666666666 0.2359208523592085 0.0091324200913242 0.091324200913242
14 0.9492009132420092 0.3340943683409437 0.010273972602739725 0.0410958904109589
14 0.8852739726027398 0.3378995433789954 0.010273972602739725 0.0426179604261796
16 0.11358447488584475 0.3036529680365297 0.012557077625570776 0.0684931506849315
10 0.9811643835616438 0.286910197869102 0.03767123287671233 0.0532724505327245
16 0.7608447488584474 0.2039573820395738 0.014840182648401826 0.319634703196347
3 0.1598173515981735 0.363013698630137 0.317351598173516 0.0289193302891933
16 0.03824200913242009 0.302130898021309 0.010273972602739725 0.0715372907153729
19 0.6135844748858448 0.3424657534246575 0.017123287671232876 0.0426179604261796
