3 0.5490867579908676 0.6704718417047184 0.9018264840182648 0.6590563165905632
10 0.875 0.2998477929984779 0.25 0.2343987823439878
0 0.4594748858447489 0.2648401826484018 0.019406392694063926 0.1430745814307458
0 0.2842465753424658 0.2732115677321157 0.0228310502283105 0.1598173515981735
16 0.09360730593607305 0.3127853881278539 0.0136986301369863 0.1111111111111111
7 0.4885844748858447 0.3264840182648402 0.06164383561643835 0.0471841704718417
16 0.1860730593607306 0.20471841704718416 0.03424657534246575 0.3059360730593607
16 0.3692922374429224 0.23820395738203956 0.019406392694063926 0.2115677321156773
1 0.557648401826484 0.16971080669710806 0.019406392694063926 0.0593607305936073
5 0.0502283105022831 0.17123287671232876 0.02968036529680365 0.0471841704718417
16 0.05821917808219178 0.2853881278538813 0.0273972602739726 0.1750380517503805
6 0.4897260273972603 0.3013698630136986 0.02968036529680365 0.0669710806697108
7 0.04509132420091324 0.3424657534246575 0.028538812785388126 0.0517503805175038
7 0.014840182648401826 0.3401826484018265 0.0273972602739726 0.0563165905631659
0 0.7391552511415526 0.2534246575342466 0.012557077625570776 0.0715372907153729
0 0.5958904109589042 0.2549467275494673 0.01598173515981735 0.1202435312024353
3 0.672945205479452 0.3226788432267884 0.158675799086758 0.030441400304414
16 0.04509132420091324 0.1887366818873668 0.03538812785388128 0.365296803652968
16 0.5565068493150684 0.2610350076103501 0.012557077625570776 0.1263318112633181
16 0.5376712328767124 0.23668188736681886 0.01141552511415525 0.1811263318112633
9 0.5810502283105022 0.2640791476407915 0.0410958904109589 0.0684931506849315
14 0.5256849315068494 0.3089802130898021 0.005707762557077625 0.0334855403348554
10 0.09474885844748858 0.2846270928462709 0.14383561643835616 0.045662100456621
