3 0.5005707762557078 0.6613394216133942 0.9988584474885844 0.6773211567732116
10 0.8190639269406392 0.2846270928462709 0.3595890410958904 0.1735159817351598
10 0.6204337899543378 0.2465753424657534 0.13812785388127855 0.0852359208523592
10 0.3858447488584475 0.2534246575342466 0.12557077625570776 0.0654490106544901
10 0.2871004566210046 0.2534246575342466 0.05593607305936073 0.0502283105022831
6 0.09075342465753425 0.2732115677321157 0.019406392694063926 0.0715372907153729
1 0.6518264840182648 0.1293759512937595 0.02054794520547945 0.0547945205479452
16 0.14897260273972604 0.1552511415525114 0.03767123287671233 0.2983257229832572
16 0.9845890410958904 0.167427701674277 0.019406392694063926 0.1156773211567732
0 0.843607305936073 0.1354642313546423 0.02968036529680365 0.136986301369863
12 0.41837899543379 0.2747336377473364 0.014840182648401826 0.0319634703196347
16 0.6649543378995434 0.14079147640791476 0.017123287671232876 0.2724505327245053
0 0.22031963470319635 0.23363774733637746 0.01598173515981735 0.0867579908675799
6 0.1158675799086758 0.2694063926940639 0.019406392694063926 0.0639269406392694
12 0.4743150684931507 0.2762557077625571 0.014840182648401826 0.0319634703196347
14 0.617579908675799 0.2823439878234399 0.0091324200913242 0.0563165905631659
6 0.1461187214611872 0.2671232876712329 0.0182648401826484 0.0654490106544901
14 0.4914383561643836 0.2846270928462709 0.010273972602739725 0.045662100456621
10 0.1386986301369863 0.2519025875190259 0.06050228310502283 0.0380517503805175
16 0.9657534246575342 0.16210045662100456 0.0136986301369863 0.1111111111111111
10 0.1934931506849315 0.2480974124809741 0.03538812785388128 0.0273972602739726
5 0.1404109589041096 0.13622526636225266 0.02054794520547945 0.0350076103500761
9 0.2465753424657534 0.2374429223744292 0.0730593607305936 0.0669710806697108
5 0.021118721461187213 0.09969558599695585 0.033105022831050226 0.0380517503805175
