3 0.5821917808219178 0.7777777777777778 0.8333333333333334 0.4444444444444444
11 0.22317351598173515 0.5296803652968036 0.05136986301369863 0.0426179604261796
10 0.17009132420091325 0.4939117199391172 0.0319634703196347 0.0319634703196347
11 0.5502283105022832 0.5395738203957382 0.04794520547945205 0.0410958904109589
16 0.716324200913242 0.4528158295281583 0.012557077625570776 0.1933028919330289
6 0.2009132420091324 0.5076103500761036 0.01598173515981735 0.0563165905631659
0 0.7888127853881278 0.5045662100456622 0.0136986301369863 0.0989345509893455
6 0.553082191780822 0.5266362252663622 0.019406392694063926 0.0547945205479452
2 0.1432648401826484 0.3820395738203957 0.010273972602739725 0.0273972602739726
6 0.365296803652968 0.5251141552511416 0.02511415525114155 0.0730593607305936
16 0.4235159817351598 0.3295281582952816 0.02054794520547945 0.4155251141552511
2 0.2705479452054795 0.4063926940639269 0.01141552511415525 0.030441400304414
6 0.22488584474885845 0.512937595129376 0.02054794520547945 0.0487062404870624
16 0.45662100456621 0.4992389649923896 0.00684931506849315 0.0852359208523592
2 0.1860730593607306 0.3820395738203957 0.01141552511415525 0.0273972602739726
0 0.9571917808219178 0.5060882800608828 0.017123287671232876 0.1080669710806697
7 0.3641552511415525 0.547945205479452 0.0319634703196347 0.0487062404870624
2 0.4577625570776256 0.4444444444444444 0.0136986301369863 0.0273972602739726
10 0.985730593607306 0.5646879756468798 0.028538812785388126 0.0700152207001522
16 0.06621004566210045 0.4528158295281583 0.00684931506849315 0.0958904109589041
0 0.6101598173515982 0.4969558599695586 0.012557077625570776 0.0958904109589041
16 0.648972602739726 0.3523592085235921 0.017123287671232876 0.4033485540334855
16 0.2905251141552511 0.3820395738203957 0.012557077625570776 0.2709284627092846
16 0.2374429223744292 0.4535768645357686 0.00684931506849315 0.0974124809741248
14 0.7688356164383562 0.541095890410959 0.007990867579908675 0.0289193302891933
6 0.6866438356164384 0.5220700152207002 0.026255707762557076 0.0639269406392694
16 0.2106164383561644 0.4360730593607306 0.007990867579908675 0.1141552511415525
16 0.2522831050228311 0.393455098934551 0.01141552511415525 0.2115677321156773
0 0.3944063926940639 0.4878234398782344 0.012557077625570776 0.0898021308980213
16 0.3236301369863014 0.3698630136986301 0.014840182648401826 0.30441400304414
14 0.4840182648401826 0.5365296803652968 0.00684931506849315 0.0289193302891933
2 0.2665525114155251 0.5905631659056316 0.030821917808219176 0.0821917808219178
0 0.3356164383561644 0.4916286149162861 0.0136986301369863 0.0730593607305936
14 0.5176940639269406 0.5365296803652968 0.005707762557077625 0.0289193302891933
5 0.15924657534246575 0.3820395738203957 0.014840182648401826 0.0213089802130898
5 0.1740867579908676 0.3820395738203957 0.014840182648401826 0.0213089802130898
