10 0.9315068493150684 0.1004566210045662 0.136986301369863 0.1552511415525114
3 0.5 0.5882800608828006 0.997716894977169 0.8234398782343988
16 0.4486301369863014 0.0791476407914764 0.0182648401826484 0.1552511415525114
16 0.7054794520547946 0.0791476407914764 0.0182648401826484 0.1552511415525114
16 0.1552511415525114 0.06925418569254185 0.01598173515981735 0.0989345509893455
16 0.0410958904109589 0.06316590563165905 0.02054794520547945 0.1202435312024353
0 0.18664383561643835 0.0715372907153729 0.014840182648401826 0.0882800608828006
0 0.8087899543378996 0.07077625570776255 0.019406392694063926 0.1385083713850837
16 0.5964611872146118 0.0791476407914764 0.019406392694063926 0.1552511415525114
16 0.5416666666666666 0.07534246575342465 0.019406392694063926 0.1476407914764079
3 0.16837899543378995 0.1461187214611872 0.3344748858447489 0.030441400304414
16 0.4023972602739726 0.0471841704718417 0.014840182648401826 0.091324200913242
0 0.307648401826484 0.07686453576864535 0.012557077625570776 0.0624048706240487
10 0.8344748858447488 0.07229832572298325 0.0867579908675799 0.0563165905631659
16 0.3829908675799087 0.0502283105022831 0.012557077625570776 0.0669710806697108
16 0.3698630136986301 0.04490106544901065 0.01141552511415525 0.0745814307458143
