3 0.5559360730593608 0.771689497716895 0.8858447488584474 0.45662100456621
10 0.03424657534246575 0.4687975646879756 0.06621004566210045 0.045662100456621
0 0.7699771689497716 0.4353120243531202 0.023972602739726026 0.2039573820395738
1 0.5005707762557078 0.3660578386605784 0.017123287671232876 0.0441400304414003
16 0.4914383561643836 0.4330289193302892 0.012557077625570776 0.1993911719939117
13 0.8761415525114156 0.5167427701674278 0.04680365296803653 0.0593607305936073
7 0.3624429223744292 0.4977168949771689 0.028538812785388126 0.0487062404870624
7 0.3396118721461187 0.5007610350076104 0.05821917808219178 0.045662100456621
7 0.2876712328767123 0.4977168949771689 0.04337899543378995 0.0426179604261796
7 0.4417808219178082 0.5 0.06621004566210045 0.0532724505327245
0 0.2631278538812785 0.4231354642313546 0.019406392694063926 0.1430745814307458
16 0.9138127853881278 0.4436834094368341 0.017123287671232876 0.2176560121765601
0 0.2271689497716895 0.4520547945205479 0.01598173515981735 0.1035007610350076
7 0.2454337899543379 0.4916286149162861 0.02968036529680365 0.0365296803652968
16 0.2796803652968037 0.3911719939117199 0.0136986301369863 0.2404870624048706
0 0.2945205479452055 0.4429223744292237 0.01598173515981735 0.0791476407914764
16 0.20034246575342465 0.4193302891933029 0.007990867579908675 0.0958904109589041
0 0.3253424657534247 0.4193302891933029 0.0091324200913242 0.0471841704718417
16 0.03538812785388128 0.3645357686453577 0.01141552511415525 0.1506849315068493
3 0.10787671232876712 0.4992389649923896 0.1997716894977169 0.0243531202435312
16 0.17751141552511415 0.4315068493150685 0.010273972602739725 0.0928462709284627
