10 0.03595890410958904 0.4337899543378995 0.06963470319634703 0.0700152207001522
3 0.6523972602739726 0.7625570776255708 0.6952054794520548 0.4748858447488584
6 0.610730593607306 0.4878234398782344 0.04794520547945205 0.1293759512937595
16 0.3892694063926941 0.317351598173516 0.02054794520547945 0.3759512937595129
1 0.0821917808219178 0.20624048706240486 0.0228310502283105 0.0654490106544901
16 0.6763698630136986 0.24277016742770166 0.030821917808219176 0.4824961948249619
1 0.4058219178082192 0.3036529680365297 0.021689497716894976 0.0502283105022831
3 0.0702054794520548 0.4824961948249619 0.13812785388127855 0.0334855403348554
16 0.9851598173515982 0.4277016742770167 0.01141552511415525 0.1643835616438356
16 0.1740867579908676 0.3546423135464231 0.014840182648401826 0.2465753424657534
16 0.2517123287671233 0.2983257229832572 0.017123287671232876 0.3165905631659056
0 0.7756849315068494 0.3767123287671233 0.014840182648401826 0.1202435312024353
0 0.307648401826484 0.3987823439878234 0.010273972602739725 0.076103500761035
16 0.18835616438356165 0.4101978691019787 0.0136986301369863 0.1445966514459665
0 0.4874429223744292 0.3888888888888889 0.0136986301369863 0.0745814307458143
13 0.6592465753424658 0.4802130898021309 0.03767123287671233 0.0745814307458143
8 0.19121004566210045 0.4101978691019787 0.10844748858447488 0.0989345509893455
8 0.2762557077625571 0.4071537290715373 0.05707762557077625 0.0563165905631659
0 0.4023972602739726 0.4033485540334855 0.014840182648401826 0.1187214611872146
0 0.6027397260273972 0.3949771689497717 0.01598173515981735 0.1080669710806697
0 0.3761415525114155 0.3736681887366819 0.010273972602739725 0.1019786910197869
0 0.4429223744292237 0.3812785388127854 0.0136986301369863 0.0776255707762557
