6 0.09246575342465753 0.7214611872146118 0.182648401826484 0.4931506849315068
16 0.6335616438356164 0.2831050228310502 0.0273972602739726 0.5570776255707762
11 0.16552511415525115 0.7831050228310502 0.3287671232876712 0.4307458143074581
10 0.5234018264840182 0.4779299847792998 0.2134703196347032 0.0943683409436834
2 0.6147260273972602 0.2747336377473364 0.028538812785388126 0.0745814307458143
13 0.2916666666666667 0.54337899543379 0.04223744292237443 0.091324200913242
3 0.3858447488584475 0.7960426179604262 0.7488584474885844 0.4079147640791476
0 0.9657534246575342 0.3165905631659056 0.045662100456621 0.2861491628614916
6 0.8624429223744292 0.7207001522070016 0.2728310502283105 0.5494672754946728
10 0.10273972602739725 0.4984779299847793 0.17579908675799086 0.0745814307458143
10 0.829337899543379 0.4170471841704718 0.16095890410958905 0.030441400304414
15 0.20947488584474885 0.5007610350076104 0.017123287671232876 0.0365296803652968
15 0.2391552511415525 0.5 0.017123287671232876 0.0350076103500761
