6 0.24019607843137256 0.17830882352941177 0.0392156862745098 0.04338235294117647
16 0.1 0.11911764705882352 0.027450980392156862 0.09705882352941177
6 0.19558823529411765 0.16911764705882354 0.03235294117647059 0.03529411764705882
11 0.19558823529411765 0.19154411764705884 0.03431372549019608 0.04044117647058824
0 0.1377450980392157 0.11985294117647059 0.030392156862745098 0.07941176470588235
0 0.05196078431372549 0.13198529411764706 0.027450980392156862 0.07867647058823529
0 0.2019607843137255 0.13161764705882353 0.021568627450980392 0.04852941176470588
11 0.2872549019607843 0.18345588235294116 0.021568627450980392 0.027205882352941177
6 0.4264705882352941 0.20698529411764705 0.01764705882352941 0.025735294117647058
6 0.28823529411764703 0.16801470588235295 0.025490196078431372 0.03161764705882353
11 0.23970588235294119 0.20183823529411765 0.03431372549019608 0.04191176470588235
16 0.6656862745098039 0.2202205882352941 0.054901960784313725 0.2566176470588235
4 0.41911764705882354 0.6334558823529411 0.6401960784313725 0.11544117647058824
4 0.4053921568627451 0.5283088235294118 0.44607843137254904 0.04779411764705882
4 0.4004901960784314 0.46691176470588236 0.3519607843137255 0.03529411764705882
4 0.3985294117647059 0.4264705882352941 0.2950980392156863 0.03676470588235294
4 0.4034313725490196 0.3466911764705882 0.09901960784313725 0.19926470588235295
4 0.47352941176470587 0.7860294117647059 0.35490196078431374 0.4279411764705882
16 0.6039215686274509 0.2661764705882353 0.023529411764705882 0.09852941176470588
0 0.4970588235294118 0.15919117647058822 0.023529411764705882 0.04779411764705882
10 0.19901960784313724 0.14926470588235294 0.0392156862745098 0.020588235294117647
