3 0.4098173515981735 0.697869101978691 0.817351598173516 0.604261796042618
10 0.9429223744292238 0.3926940639269406 0.1141552511415525 0.0882800608828006
10 0.6992009132420092 0.3828006088280061 0.1815068493150685 0.0867579908675799
16 0.853310502283105 0.2176560121765601 0.04680365296803653 0.426179604261796
16 0.6312785388127854 0.2534246575342466 0.0228310502283105 0.2359208523592085
2 0.1375570776255708 0.1872146118721461 0.019406392694063926 0.0517503805175038
0 0.490296803652968 0.3386605783866058 0.014840182648401826 0.1019786910197869
2 0.3778538812785388 0.2815829528158295 0.0136986301369863 0.0334855403348554
16 0.3310502283105023 0.2100456621004566 0.01598173515981735 0.3470319634703196
0 0.7174657534246576 0.3013698630136986 0.014840182648401826 0.076103500761035
16 0.3807077625570776 0.3462709284627093 0.007990867579908675 0.0898021308980213
16 0.464041095890411 0.2009132420091324 0.017123287671232876 0.395738203957382
16 0.4075342465753425 0.20319634703196346 0.01598173515981735 0.3698630136986301
0 0.2625570776255708 0.3371385083713851 0.01141552511415525 0.0806697108066971
16 0.2100456621004566 0.3105022831050228 0.0091324200913242 0.1308980213089802
9 0.1461187214611872 0.3280060882800609 0.0547945205479452 0.0350076103500761
16 0.819634703196347 0.3470319634703196 0.0136986301369863 0.1400304414003044
16 0.10559360730593607 0.2656012176560122 0.010273972602739725 0.0989345509893455
0 0.946917808219178 0.3211567732115677 0.014840182648401826 0.0821917808219178
3 0.1278538812785388 0.3850837138508371 0.2534246575342466 0.0334855403348554
8 0.22146118721461186 0.3287671232876712 0.0547945205479452 0.045662100456621
10 0.565068493150685 0.3417047184170472 0.0410958904109589 0.0228310502283105
