3 0.6940639269406392 0.7427701674277016 0.6118721461187214 0.5114155251141552
10 0.872716894977169 0.510654490106545 0.2545662100456621 0.2876712328767123
10 0.07591324200913242 0.4277016742770167 0.06050228310502283 0.045662100456621
8 0.1341324200913242 0.4010654490106545 0.05821917808219178 0.0471841704718417
6 0.5702054794520548 0.4459665144596651 0.026255707762557076 0.0821917808219178
11 0.4075342465753425 0.4589041095890411 0.0684931506849315 0.0563165905631659
10 0.5462328767123288 0.4124809741248097 0.05593607305936073 0.0547945205479452
10 0.4948630136986301 0.4185692541856925 0.05365296803652968 0.045662100456621
11 0.5662100456621004 0.4634703196347032 0.0730593607305936 0.0563165905631659
10 0.353310502283105 0.4155251141552511 0.05136986301369863 0.0517503805175038
6 0.6164383561643836 0.4429223744292237 0.02511415525114155 0.0882800608828006
11 0.6672374429223744 0.4467275494672755 0.021689497716894976 0.0563165905631659
6 0.6375570776255708 0.4406392694063927 0.021689497716894976 0.0867579908675799
10 0.021118721461187213 0.4223744292237443 0.03995433789954338 0.0350076103500761
7 0.13184931506849315 0.4444444444444444 0.014840182648401826 0.0334855403348554
10 0.6809360730593608 0.4140030441400304 0.06050228310502283 0.0547945205479452
11 0.6992009132420092 0.4444444444444444 0.023972602739726026 0.060882800608828
15 0.511986301369863 0.4604261796042618 0.017123287671232876 0.0228310502283105
15 0.3299086757990868 0.4589041095890411 0.01598173515981735 0.0258751902587519
7 0.7311643835616438 0.4535768645357686 0.026255707762557076 0.045662100456621
6 0.13184931506849315 0.426179604261796 0.017123287671232876 0.045662100456621
6 0.4121004566210046 0.4436834094368341 0.0319634703196347 0.0745814307458143
16 0.3801369863013699 0.3181126331811263 0.01598173515981735 0.2526636225266362
1 0.6090182648401826 0.3363774733637747 0.017123287671232876 0.0365296803652968
10 0.15011415525114155 0.4193302891933029 0.030821917808219176 0.0289193302891933
15 0.2528538812785388 0.4528158295281583 0.014840182648401826 0.0228310502283105
14 0.4469178082191781 0.454337899543379 0.007990867579908675 0.0410958904109589
15 0.2853881278538813 0.4589041095890411 0.0136986301369863 0.0258751902587519
10 0.613013698630137 0.410958904109589 0.0502283105022831 0.0426179604261796
16 0.3972602739726027 0.22754946727549466 0.02054794520547945 0.4155251141552511
10 0.4297945205479452 0.4200913242009132 0.05821917808219178 0.045662100456621
15 0.22945205479452055 0.4512937595129376 0.0136986301369863 0.0228310502283105
16 0.6187214611872146 0.3378995433789954 0.0136986301369863 0.2161339421613394
16 0.19006849315068494 0.3995433789954338 0.007990867579908675 0.0776255707762557
16 0.182648401826484 0.4056316590563166 0.0091324200913242 0.0745814307458143
3 0.08105022831050228 0.454337899543379 0.1598173515981735 0.0228310502283105
15 0.20947488584474885 0.4528158295281583 0.012557077625570776 0.0197869101978691
6 0.7682648401826484 0.4018264840182648 0.02054794520547945 0.0395738203957382
14 0.1780821917808219 0.4421613394216134 0.00684931506849315 0.0258751902587519
0 0.21118721461187215 0.3919330289193303 0.01141552511415525 0.0624048706240487
12 0.19406392694063926 0.4490106544901065 0.01141552511415525 0.0213089802130898
5 0.0656392694063927 0.2732115677321157 0.028538812785388126 0.0319634703196347
