3 0.6398401826484018 0.6575342465753424 0.7203196347031964 0.684931506849315
10 0.2796803652968037 0.2945205479452055 0.23515981735159816 0.1080669710806697
1 0.158675799086758 0.14535768645357686 0.02511415525114155 0.0532724505327245
16 0.3921232876712329 0.1385083713850837 0.021689497716894976 0.273972602739726
10 0.13184931506849315 0.3006088280060883 0.2614155251141553 0.1202435312024353
10 0.1558219178082192 0.4292237442922374 0.3093607305936073 0.2922374429223744
16 0.146689497716895 0.13926940639269406 0.03995433789954338 0.2724505327245053
9 0.7037671232876712 0.2207001522070015 0.04452054794520548 0.0395738203957382
14 0.4355022831050228 0.2937595129375951 0.007990867579908675 0.045662100456621
1 0.6980593607305936 0.13622526636225266 0.010273972602739725 0.0289193302891933
16 0.4840182648401826 0.17123287671232876 0.01141552511415525 0.1628614916286149
6 0.3755707762557078 0.2579908675799087 0.01141552511415525 0.0258751902587519
11 0.4280821917808219 0.2785388127853881 0.0365296803652968 0.0334855403348554
6 0.4257990867579909 0.2656012176560122 0.02054794520547945 0.0441400304414003
1 0.23230593607305935 0.2222222222222222 0.012557077625570776 0.030441400304414
16 0.7990867579908676 0.15144596651445966 0.0091324200913242 0.1689497716894977
5 0.6438356164383562 0.1415525114155251 0.01598173515981735 0.0213089802130898
16 0.9394977168949772 0.1141552511415525 0.01598173515981735 0.2161339421613394
