3 0.3710045662100457 0.791476407914764 0.7397260273972602 0.4170471841704718
2 0.5930365296803652 0.4193302891933029 0.017123287671232876 0.0441400304414003
1 0.11358447488584475 0.1339421613394216 0.04908675799086758 0.1248097412480974
0 0.2602739726027397 0.4984779299847793 0.0182648401826484 0.1385083713850837
0 0.043949771689497714 0.3706240487062405 0.021689497716894976 0.2359208523592085
0 0.09874429223744292 0.3980213089802131 0.017123287671232876 0.1841704718417047
14 0.4160958904109589 0.5487062404870624 0.007990867579908675 0.0410958904109589
14 0.5199771689497716 0.5570776255707762 0.010273972602739725 0.0487062404870624
14 0.4657534246575342 0.5517503805175038 0.0091324200913242 0.0380517503805175
16 0.19406392694063926 0.410958904109589 0.01598173515981735 0.3257229832572298
16 0.8110730593607306 0.4307458143074581 0.014840182648401826 0.2039573820395738
14 0.5679223744292238 0.556316590563166 0.007990867579908675 0.0502283105022831
10 0.5525114155251142 0.4901065449010654 0.0273972602739726 0.0243531202435312
3 0.9092465753424658 0.5494672754946728 0.1815068493150685 0.0334855403348554
5 0.9708904109589042 0.4292237442922374 0.017123287671232876 0.0213089802130898
16 0.617579908675799 0.2975646879756469 0.0228310502283105 0.573820395738204
16 0.17180365296803654 0.5357686453576864 0.010273972602739725 0.121765601217656
16 0.6050228310502284 0.4748858447488584 0.0091324200913242 0.1917808219178082
16 0.791095890410959 0.4535768645357686 0.0091324200913242 0.1095890410958904
5 0.9714611872146118 0.4550989345509893 0.01598173515981735 0.0243531202435312
0 0.8978310502283106 0.4223744292237443 0.014840182648401826 0.1476407914764079
16 0.4349315068493151 0.317351598173516 0.0136986301369863 0.3637747336377473
0 0.5656392694063926 0.4908675799086758 0.007990867579908675 0.0532724505327245
10 0.58162100456621 0.4946727549467275 0.021689497716894976 0.015220700152207
16 0.968607305936073 0.5 0.007990867579908675 0.0624048706240487
5 0.9697488584474886 0.3888888888888889 0.014840182648401826 0.0197869101978691
5 0.9708904109589042 0.4094368340943683 0.017123287671232876 0.0182648401826484
