3 0.5 0.6864535768645358 0.997716894977169 0.624048706240487
11 0.7083333333333334 0.3789954337899543 0.2636986301369863 0.213089802130898
11 0.2802511415525114 0.5068493150684932 0.4006849315068493 0.3226788432267884
16 0.5365296803652968 0.1796042617960426 0.05251141552511415 0.3561643835616438
13 0.8470319634703196 0.2960426179604262 0.0730593607305936 0.0958904109589041
6 0.7071917808219178 0.3211567732115677 0.11073059360730593 0.228310502283105
16 0.882420091324201 0.13013698630136986 0.03424657534246575 0.2541856925418569
6 0.2528538812785388 0.469558599695586 0.16552511415525115 0.4977168949771689
2 0.6501141552511416 0.1050228310502283 0.033105022831050226 0.0791476407914764
6 0.8984018264840182 0.23515981735159816 0.0273972602739726 0.0867579908675799
6 0.8447488584474886 0.2207001522070015 0.03424657534246575 0.0578386605783866
11 0.978310502283105 0.3097412480974125 0.04337899543378995 0.0928462709284627
16 0.9509132420091324 0.18949771689497716 0.02511415525114155 0.1598173515981735
16 0.6678082191780822 0.1552511415525114 0.0182648401826484 0.2343987823439878
6 0.985730593607306 0.2663622526636225 0.028538812785388126 0.1278538812785388
16 0.990296803652968 0.16362252663622526 0.017123287671232876 0.1232876712328767
10 0.9549086757990868 0.2343987823439878 0.04680365296803653 0.0578386605783866
6 0.1786529680365297 0.2625570776255708 0.03538812785388128 0.1141552511415525
