3 0.5005707762557078 0.7313546423135464 0.9988584474885844 0.5372907153729072
6 0.898972602739726 0.3592085235920852 0.033105022831050226 0.1095890410958904
16 0.666095890410959 0.21841704718417046 0.028538812785388126 0.4307458143074581
6 0.8732876712328768 0.3554033485540335 0.0319634703196347 0.1111111111111111
1 0.656392694063927 0.15449010654490106 0.02968036529680365 0.0806697108066971
0 0.7791095890410958 0.2968036529680365 0.023972602739726026 0.2313546423135464
16 0.8658675799086758 0.2328767123287671 0.033105022831050226 0.2861491628614916
0 0.8247716894977168 0.3074581430745814 0.017123287671232876 0.1187214611872146
3 0.9480593607305936 0.4033485540334855 0.10159817351598173 0.0487062404870624
0 0.24029680365296804 0.20624048706240486 0.021689497716894976 0.2176560121765601
0 0.1769406392694064 0.2115677321156773 0.03424657534246575 0.3409436834094368
0 0.7488584474885844 0.2983257229832572 0.0182648401826484 0.0974124809741248
