3 0.5017123287671232 0.7054794520547946 0.9965753424657534 0.589041095890411
16 0.9406392694063926 0.2526636225266362 0.02511415525114155 0.3013698630136986
11 0.5468036529680366 0.395738203957382 0.07077625570776255 0.0578386605783866
1 0.9257990867579908 0.1628614916286149 0.0319634703196347 0.0974124809741248
6 0.545662100456621 0.3721461187214612 0.02968036529680365 0.0806697108066971
2 0.95662100456621 0.2374429223744292 0.02054794520547945 0.0487062404870624
13 0.0639269406392694 0.3698630136986301 0.0273972602739726 0.0365296803652968
16 0.07420091324200913 0.2694063926940639 0.02054794520547945 0.2191780821917808
16 0.1341324200913242 0.2085235920852359 0.028538812785388126 0.319634703196347
16 0.5485159817351598 0.1796042617960426 0.010273972602739725 0.1856925418569254
16 0.0930365296803653 0.2853881278538813 0.017123287671232876 0.1872146118721461
16 0.535958904109589 0.20471841704718416 0.010273972602739725 0.1445966514459665
16 0.2831050228310502 0.2983257229832572 0.0091324200913242 0.106544901065449
3 0.2608447488584475 0.4048706240487062 0.519406392694064 0.0334855403348554
