3 0.5005707762557078 0.7366818873668188 0.9988584474885844 0.5266362252663622
10 0.8670091324200914 0.3858447488584475 0.05593607305936073 0.0380517503805175
7 0.2916666666666667 0.4337899543378995 0.04223744292237443 0.076103500761035
7 0.09189497716894977 0.4398782343987823 0.06050228310502283 0.0639269406392694
2 0.45662100456621 0.2648401826484018 0.0228310502283105 0.0578386605783866
16 0.4383561643835616 0.2503805175038052 0.02511415525114155 0.4581430745814307
0 0.9594748858447488 0.3645357686453577 0.019406392694063926 0.0715372907153729
3 0.8407534246575342 0.4459665144596651 0.3162100456621005 0.0487062404870624
0 0.571917808219178 0.3774733637747336 0.02054794520547945 0.1613394216133942
10 0.7408675799086758 0.3843226788432268 0.03424657534246575 0.0289193302891933
0 0.7037671232876712 0.3759512937595129 0.017123287671232876 0.1126331811263318
16 0.5542237442922374 0.273972602739726 0.017123287671232876 0.3835616438356164
7 0.15468036529680365 0.4330289193302892 0.06735159817351598 0.0654490106544901
2 0.7831050228310502 0.13926940639269406 0.02511415525114155 0.0593607305936073
14 0.6546803652968036 0.426179604261796 0.010273972602739725 0.0487062404870624
16 0.672945205479452 0.3432267884322679 0.012557077625570776 0.1993911719939117
10 0.9914383561643836 0.3873668188736682 0.014840182648401826 0.0532724505327245
0 0.6529680365296804 0.3675799086757991 0.01141552511415525 0.0745814307458143
0 0.6906392694063926 0.3751902587519026 0.01598173515981735 0.1293759512937595
