3 0.410958904109589 0.6940639269406392 0.821917808219178 0.60882800608828
10 0.9337899543378996 0.3439878234398782 0.1324200913242009 0.106544901065449
10 0.07420091324200913 0.380517503805175 0.14840182648401826 0.0821917808219178
11 0.3938356164383562 0.3866057838660578 0.0776255707762557 0.0578386605783866
6 0.8179223744292238 0.3272450532724505 0.019406392694063926 0.0730593607305936
16 0.9178082191780822 0.1598173515981735 0.02511415525114155 0.3165905631659056
14 0.4589041095890411 0.3698630136986301 0.0091324200913242 0.0487062404870624
0 0.09817351598173515 0.3036529680365297 0.0136986301369863 0.0806697108066971
14 0.7277397260273972 0.3599695585996956 0.010273972602739725 0.0471841704718417
0 0.6535388127853882 0.2899543378995434 0.014840182648401826 0.1811263318112633
14 0.8601598173515982 0.3378995433789954 0.010273972602739725 0.0578386605783866
16 0.2996575342465753 0.19558599695585996 0.026255707762557076 0.3881278538812785
14 0.7871004566210046 0.3546423135464231 0.007990867579908675 0.0426179604261796
0 0.9748858447488584 0.2572298325722983 0.0136986301369863 0.0669710806697108
6 0.3984018264840183 0.3675799086757991 0.03424657534246575 0.0745814307458143
0 0.3732876712328767 0.30441400304414 0.0136986301369863 0.0943683409436834
16 0.4349315068493151 0.256468797564688 0.0136986301369863 0.1872146118721461
