3 0.5005707762557078 0.7496194824961948 0.9988584474885844 0.5007610350076104
11 0.21860730593607305 0.4908675799086758 0.10388127853881278 0.0837138508371385
6 0.22031963470319635 0.4665144596651446 0.045662100456621 0.0958904109589041
6 0.1158675799086758 0.4710806697108067 0.033105022831050226 0.1080669710806697
7 0.3584474885844749 0.4642313546423135 0.045662100456621 0.0517503805175038
6 0.6261415525114156 0.4421613394216134 0.023972602739726026 0.0928462709284627
0 0.4606164383561644 0.393455098934551 0.028538812785388126 0.1902587519025875
6 0.533675799086758 0.4474885844748858 0.023972602739726026 0.0882800608828006
6 0.553082191780822 0.4512937595129376 0.021689497716894976 0.0837138508371385
6 0.6004566210045662 0.4383561643835616 0.0228310502283105 0.0882800608828006
0 0.21289954337899544 0.3751902587519026 0.03538812785388128 0.1111111111111111
1 0.6124429223744292 0.334855403348554 0.017123287671232876 0.0395738203957382
7 0.5918949771689498 0.4634703196347032 0.03767123287671233 0.0502283105022831
0 0.569634703196347 0.3645357686453577 0.0182648401826484 0.1050228310502283
0 0.3453196347031963 0.3546423135464231 0.023972602739726026 0.1126331811263318
0 0.9389269406392694 0.3554033485540335 0.023972602739726026 0.1141552511415525
16 0.6232876712328768 0.3599695585996956 0.01141552511415525 0.1080669710806697
0 0.5393835616438356 0.3363774733637747 0.017123287671232876 0.1095890410958904
0 0.8538812785388128 0.3713850837138508 0.02054794520547945 0.0852359208523592
16 0.1786529680365297 0.2313546423135464 0.026255707762557076 0.45662100456621
16 0.726027397260274 0.3318112633181126 0.01598173515981735 0.3013698630136986
0 0.4891552511415525 0.3569254185692542 0.017123287671232876 0.1293759512937595
