10 0.2985159817351598 0.3439878234398782 0.2134703196347032 0.1156773211567732
10 0.7151826484018264 0.3645357686453577 0.09474885844748858 0.0593607305936073
10 0.7985159817351598 0.3569254185692542 0.08105022831050228 0.0441400304414003
10 0.3824200913242009 0.3447488584474886 0.091324200913242 0.0776255707762557
2 0.958904109589041 0.2519025875190259 0.0091324200913242 0.0289193302891933
3 0.6906392694063926 0.6788432267884322 0.6187214611872146 0.5966514459665144
2 0.9480593607305936 0.2511415525114155 0.012557077625570776 0.0273972602739726
10 0.05194063926940639 0.3439878234398782 0.030821917808219176 0.060882800608828
10 0.4434931506849315 0.3455098934550989 0.07420091324200913 0.0791476407914764
16 0.5507990867579908 0.2777777777777778 0.012557077625570776 0.1872146118721461
16 0.6695205479452054 0.2907153729071537 0.012557077625570776 0.1400304414003044
7 0.569634703196347 0.3576864535768645 0.03424657534246575 0.030441400304414
6 0.6084474885844748 0.3447488584474886 0.0136986301369863 0.0410958904109589
16 0.9828767123287672 0.3028919330289193 0.01141552511415525 0.0974124809741248
5 0.2254566210045662 0.21385083713850836 0.010273972602739725 0.0258751902587519
5 0.22488584474885845 0.2420091324200913 0.01141552511415525 0.0273972602739726
