3 0.5005707762557078 0.7808219178082192 0.9965753424657534 0.4353120243531202
2 0.747716894977169 0.14840182648401826 0.0410958904109589 0.1111111111111111
1 0.6204337899543378 0.4056316590563166 0.012557077625570776 0.0380517503805175
1 0.4315068493150685 0.4512937595129376 0.01141552511415525 0.0228310502283105
16 0.670662100456621 0.3972602739726027 0.014840182648401826 0.2861491628614916
14 0.4434931506849315 0.5357686453576864 0.007990867579908675 0.0487062404870624
16 0.9023972602739726 0.423896499238965 0.010273972602739725 0.2267884322678843
16 0.4389269406392694 0.4832572298325723 0.007990867579908675 0.1080669710806697
14 0.3984018264840183 0.5365296803652968 0.0091324200913242 0.0471841704718417
16 0.7916666666666666 0.378234398782344 0.012557077625570776 0.2846270928462709
16 0.615296803652968 0.45662100456621 0.0091324200913242 0.167427701674277
14 0.4309360730593607 0.5350076103500762 0.007990867579908675 0.0441400304414003
14 0.3687214611872146 0.5251141552511416 0.00684931506849315 0.0273972602739726
14 0.3481735159817352 0.5243531202435312 0.00684931506849315 0.0289193302891933
16 0.030251141552511414 0.3485540334855403 0.014840182648401826 0.3622526636225266
0 0.8618721461187214 0.4931506849315068 0.0091324200913242 0.060882800608828
0 0.13356164383561644 0.4855403348554033 0.0091324200913242 0.0852359208523592
0 0.2762557077625571 0.487062404870624 0.0091324200913242 0.0852359208523592
14 0.3915525114155251 0.532724505327245 0.00684931506849315 0.045662100456621
5 0.7368721461187214 0.17275494672754946 0.028538812785388126 0.0624048706240487
0 0.9646118721461188 0.4893455098934551 0.0136986301369863 0.0715372907153729
16 0.8921232876712328 0.4535768645357686 0.010273972602739725 0.1400304414003044
