10 0.6992009132420092 0.3843226788432268 0.19292237442922375 0.0958904109589041
10 0.9235159817351598 0.3926940639269406 0.15296803652968036 0.0791476407914764
6 0.4554794520547945 0.3812785388127854 0.0273972602739726 0.0593607305936073
1 0.339041095890411 0.2922374429223744 0.0136986301369863 0.0365296803652968
11 0.4509132420091324 0.393455098934551 0.0593607305936073 0.0410958904109589
16 0.3453196347031963 0.3561643835616438 0.007990867579908675 0.091324200913242
0 0.3761415525114155 0.3295281582952816 0.014840182648401826 0.1263318112633181
0 0.19863013698630136 0.319634703196347 0.0182648401826484 0.1613394216133942
0 0.4817351598173516 0.3356164383561644 0.0136986301369863 0.1111111111111111
0 0.8082191780821918 0.3272450532724505 0.02054794520547945 0.1339421613394216
16 0.91324200913242 0.243531202435312 0.0410958904109589 0.4840182648401826
16 0.5114155251141552 0.20319634703196346 0.01598173515981735 0.3911719939117199
3 0.4514840182648402 0.7054794520547946 0.9006849315068494 0.589041095890411
