10 0.6187214611872146 0.6506849315068494 0.5662100456621004 0.2724505327245053
10 0.06963470319634703 0.5974124809741248 0.136986301369863 0.1811263318112633
7 0.18835616438356165 0.5532724505327246 0.0730593607305936 0.0624048706240487
3 0.851027397260274 0.5471841704718418 0.2979452054794521 0.0319634703196347
10 0.8287671232876712 0.5007610350076104 0.07077625570776255 0.0730593607305936
0 0.1432648401826484 0.4627092846270928 0.028538812785388126 0.2100456621004566
0 0.6843607305936074 0.4573820395738204 0.023972602739726026 0.1598173515981735
6 0.3447488584474886 0.5076103500761036 0.02511415525114155 0.0898021308980213
6 0.18949771689497716 0.5296803652968036 0.03881278538812785 0.0974124809741248
0 0.910958904109589 0.4550989345509893 0.01141552511415525 0.0700152207001522
1 0.4058219178082192 0.4063926940639269 0.019406392694063926 0.045662100456621
16 0.396689497716895 0.4010654490106545 0.017123287671232876 0.3211567732115677
6 0.660958904109589 0.5091324200913242 0.01598173515981735 0.0471841704718417
7 0.2990867579908676 0.5372907153729072 0.03424657534246575 0.060882800608828
6 0.2117579908675799 0.528158295281583 0.033105022831050226 0.060882800608828
0 0.8481735159817352 0.4505327245053272 0.01598173515981735 0.0578386605783866
10 0.78824200913242 0.4916286149162861 0.04223744292237443 0.0487062404870624
16 0.259703196347032 0.4802130898021309 0.012557077625570776 0.1689497716894977
3 0.601027397260274 0.8310502283105022 0.797945205479452 0.3287671232876712
10 0.723744292237443 0.4863013698630137 0.04337899543378995 0.0441400304414003
0 0.4686073059360731 0.4459665144596651 0.026255707762557076 0.15220700152207
6 0.6278538812785388 0.4977168949771689 0.0136986301369863 0.0395738203957382
16 0.6546803652968036 0.4094368340943683 0.014840182648401826 0.2313546423135464
13 0.06735159817351598 0.5403348554033486 0.05251141552511415 0.045662100456621
6 0.7174657534246576 0.5182648401826484 0.023972602739726026 0.0837138508371385
16 0.3618721461187215 0.3683409436834094 0.0182648401826484 0.3866057838660578
6 0.7819634703196348 0.5038051750380518 0.0273972602739726 0.0669710806697108
0 0.5953196347031964 0.4573820395738204 0.012557077625570776 0.0745814307458143
6 0.4589041095890411 0.5030441400304414 0.02511415525114155 0.0624048706240487
8 0.5901826484018264 0.4703196347031963 0.0273972602739726 0.0365296803652968
6 0.70662100456621 0.515220700152207 0.02511415525114155 0.0806697108066971
