3 0.5005707762557078 0.7656012176560122 0.9988584474885844 0.4687975646879756
7 0.16723744292237444 0.4520547945205479 0.1312785388127854 0.1187214611872146
7 0.797945205479452 0.4878234398782344 0.13013698630136986 0.1141552511415525
16 0.6113013698630136 0.2480974124809741 0.05136986301369863 0.4901065449010654
7 0.04280821917808219 0.4550989345509893 0.08105022831050228 0.106544901065449
6 0.7973744292237442 0.4406392694063927 0.07191780821917808 0.1659056316590563
6 0.341324200913242 0.3995433789954338 0.0547945205479452 0.1506849315068493
6 0.5616438356164384 0.4132420091324201 0.04794520547945205 0.1415525114155251
2 0.6678082191780822 0.10730593607305935 0.05707762557077625 0.1689497716894977
16 0.7083333333333334 0.2572298325722983 0.03767123287671233 0.502283105022831
2 0.66837899543379 0.2267884322678843 0.030821917808219176 0.076103500761035
0 0.2728310502283105 0.3120243531202435 0.04794520547945205 0.3987823439878234
6 0.5342465753424658 0.4124809741248097 0.0410958904109589 0.1248097412480974
0 0.7648401826484018 0.2914764079147641 0.03424657534246575 0.1902587519025875
6 0.682648401826484 0.4284627092846271 0.0319634703196347 0.1415525114155251
16 0.6792237442922374 0.3843226788432268 0.02054794520547945 0.2450532724505327
6 0.9731735159817352 0.4101978691019787 0.03767123287671233 0.1202435312024353
