6 0.4668949771689498 0.2633181126331811 0.03881278538812785 0.1552511415525114
16 0.747716894977169 0.1796042617960426 0.02511415525114155 0.2252663622526636
3 0.4126712328767123 0.6461187214611872 0.8230593607305936 0.7077625570776256
2 0.3641552511415525 0.04337899543378995 0.0182648401826484 0.0532724505327245
2 0.3932648401826484 0.04185692541856925 0.019406392694063926 0.0563165905631659
16 0.579337899543379 0.1415525114155251 0.017123287671232876 0.2800608828006088
2 0.7340182648401826 0.11643835616438356 0.02511415525114155 0.0502283105022831
16 0.2334474885844749 0.106544901065449 0.019406392694063926 0.2009132420091324
16 0.4931506849315068 0.13622526636225266 0.01598173515981735 0.2663622526636225
16 0.6421232876712328 0.09360730593607305 0.017123287671232876 0.1841704718417047
9 0.4377853881278539 0.20624048706240486 0.03995433789954338 0.0776255707762557
0 0.9845890410958904 0.17427701674277016 0.030821917808219176 0.2267884322678843
0 0.2659817351598174 0.1902587519025875 0.0136986301369863 0.060882800608828
16 0.1506849315068493 0.1993911719939117 0.01141552511415525 0.091324200913242
15 0.012557077625570776 0.243531202435312 0.0136986301369863 0.0182648401826484
3 0.3099315068493151 0.2579908675799087 0.2842465753424658 0.0258751902587519
