3 0.7174657534246576 0.7420091324200914 0.565068493150685 0.5159817351598174
10 0.1324200913242009 0.5296803652968036 0.2625570776255708 0.3439878234398782
6 0.20376712328767124 0.4178082191780822 0.03767123287671233 0.0867579908675799
13 0.2888127853881279 0.4520547945205479 0.05707762557077625 0.0669710806697108
6 0.6501141552511416 0.5319634703196348 0.10616438356164383 0.3515981735159817
16 0.4240867579908676 0.3226788432267884 0.023972602739726026 0.3135464231354642
1 0.4343607305936073 0.2975646879756469 0.021689497716894976 0.0502283105022831
10 0.617579908675799 0.4056316590563166 0.15296803652968036 0.0837138508371385
10 0.553082191780822 0.3888888888888889 0.07191780821917808 0.0471841704718417
16 0.9195205479452054 0.2511415525114155 0.028538812785388126 0.3744292237442922
10 0.7557077625570776 0.3980213089802131 0.06164383561643835 0.0441400304414003
15 0.877283105022831 0.4444444444444444 0.014840182648401826 0.0243531202435312
11 0.7060502283105022 0.4604261796042618 0.06963470319634703 0.0776255707762557
6 0.8042237442922374 0.4315068493150685 0.03538812785388128 0.0867579908675799
2 0.898972602739726 0.30441400304414 0.017123287671232876 0.0426179604261796
15 0.8453196347031964 0.4459665144596651 0.017123287671232876 0.0243531202435312
6 0.6929223744292238 0.4345509893455099 0.04337899543378995 0.0989345509893455
15 0.8978310502283106 0.4375951293759513 0.017123287671232876 0.0228310502283105
16 0.351027397260274 0.2420091324200913 0.019406392694063926 0.4809741248097412
16 0.894406392694064 0.3759512937595129 0.010273972602739725 0.091324200913242
14 0.5319634703196348 0.4604261796042618 0.0091324200913242 0.0502283105022831
15 0.759703196347032 0.454337899543379 0.019406392694063926 0.0289193302891933
7 0.7990867579908676 0.45662100456621 0.05707762557077625 0.0517503805175038
10 0.8476027397260274 0.3904109589041096 0.04908675799086758 0.0289193302891933
10 0.723744292237443 0.3949771689497717 0.0365296803652968 0.0289193302891933
12 0.5644977168949772 0.4368340943683409 0.014840182648401826 0.0395738203957382
10 0.8829908675799086 0.393455098934551 0.04680365296803653 0.0319634703196347
0 0.928082191780822 0.3675799086757991 0.0136986301369863 0.0806697108066971
0 0.019406392694063926 0.3036529680365297 0.03424657534246575 0.1598173515981735
0 0.3207762557077626 0.3127853881278539 0.04794520547945205 0.1902587519025875
