3 0.5005707762557078 0.7701674277016742 0.9988584474885844 0.4596651445966514
13 0.11187214611872145 0.5197869101978692 0.0502283105022831 0.0593607305936073
10 0.8207762557077626 0.4733637747336377 0.0410958904109589 0.030441400304414
2 0.6712328767123288 0.3721461187214612 0.02054794520547945 0.0593607305936073
10 0.8732876712328768 0.4779299847792998 0.0593607305936073 0.0365296803652968
0 0.1969178082191781 0.4520547945205479 0.028538812785388126 0.197869101978691
10 0.6934931506849316 0.4703196347031963 0.03767123287671233 0.0395738203957382
2 0.5747716894977168 0.4101978691019787 0.012557077625570776 0.0380517503805175
0 0.6718036529680366 0.45662100456621 0.021689497716894976 0.1095890410958904
16 0.06735159817351598 0.4779299847792998 0.01141552511415525 0.136986301369863
6 0.519406392694064 0.4908675799086758 0.02054794520547945 0.0593607305936073
0 0.4121004566210046 0.4079147640791476 0.02511415525114155 0.258751902587519
6 0.03824200913242009 0.4901065449010654 0.023972602739726026 0.091324200913242
6 0.54337899543379 0.4832572298325723 0.02054794520547945 0.0745814307458143
16 0.58162100456621 0.4535768645357686 0.010273972602739725 0.136986301369863
16 0.2825342465753425 0.4573820395738204 0.012557077625570776 0.1780821917808219
0 0.884703196347032 0.4368340943683409 0.0136986301369863 0.0517503805175038
6 0.6113013698630136 0.4703196347031963 0.012557077625570776 0.0395738203957382
0 0.6358447488584474 0.4436834094368341 0.0136986301369863 0.1293759512937595
16 0.3647260273972603 0.4185692541856925 0.012557077625570776 0.2374429223744292
7 0.9765981735159818 0.4824961948249619 0.019406392694063926 0.0365296803652968
0 0.9269406392694064 0.4474885844748858 0.0136986301369863 0.0882800608828006
0 0.9891552511415526 0.4512937595129376 0.014840182648401826 0.0867579908675799
0 0.6523972602739726 0.4421613394216134 0.014840182648401826 0.1232876712328767
0 0.6244292237442922 0.4482496194824962 0.01141552511415525 0.0958904109589041
3 0.7968036529680366 0.5350076103500762 0.4063926940639269 0.0502283105022831
