6 0.44019607843137254 0.3665441176470588 0.10784313725490197 0.2595588235294118
6 0.37058823529411766 0.32573529411764707 0.047058823529411764 0.09411764705882353
6 0.2269607843137255 0.3386029411764706 0.10098039215686275 0.13455882352941176
0 0.5583333333333333 0.2514705882352941 0.04803921568627451 0.11764705882352941
6 0.1588235294117647 0.3261029411764706 0.054901960784313725 0.09338235294117647
16 0.3813725490196078 0.2426470588235294 0.023529411764705882 0.11323529411764706
0 0.9813725490196078 0.225 0.03529411764705882 0.11029411764705882
6 0.31176470588235294 0.31691176470588234 0.03333333333333333 0.06764705882352941
16 0.3215686274509804 0.2661764705882353 0.013725490196078431 0.04264705882352941
7 0.307843137254902 0.33198529411764705 0.07647058823529412 0.04632352941176471
6 0.3348039215686274 0.3261029411764706 0.03823529411764706 0.08014705882352942
2 0.4303921568627451 0.2161764705882353 0.027450980392156862 0.03823529411764706
7 0.15490196078431373 0.34448529411764706 0.058823529411764705 0.07426470588235294
3 0.5004901960784314 0.6727941176470589 0.9990196078431373 0.6544117647058824
11 0.22892156862745097 0.37536764705882353 0.06764705882352941 0.07867647058823529
13 0.6426470588235295 0.3014705882352941 0.059803921568627454 0.041176470588235294
