7 0.16225490196078432 0.28823529411764703 0.32254901960784316 0.24411764705882352
11 0.4441176470588235 0.11985294117647059 0.052941176470588235 0.075
0 0.7269607843137255 0.17095588235294118 0.09313725490196079 0.3316176470588235
13 0.27941176470588236 0.11433823529411764 0.07058823529411765 0.07573529411764705
11 0.5813725490196079 0.14522058823529413 0.09607843137254903 0.11397058823529412
6 0.5818627450980393 0.11654411764705883 0.0892156862745098 0.11838235294117647
11 0.3946078431372549 0.09191176470588236 0.03235294117647059 0.039705882352941174
0 0.4308823529411765 0.03161764705882353 0.018627450980392157 0.061764705882352944
16 0.3622549019607843 0.09632352941176471 0.03235294117647059 0.19117647058823528
0 0.18823529411764706 0.054411764705882354 0.01764705882352941 0.06323529411764706
11 0.3235294117647059 0.09595588235294118 0.03333333333333333 0.04485294117647059
0 0.21274509803921568 0.060294117647058824 0.029411764705882353 0.08235294117647059
10 0.49558823529411766 0.061764705882352944 0.06764705882352941 0.025
6 0.44313725490196076 0.09301470588235294 0.050980392156862744 0.07426470588235294
0 0.5642156862745098 0.03897058823529412 0.04411764705882353 0.07647058823529412
16 0.5009803921568627 0.03786764705882353 0.021568627450980392 0.07426470588235294
4 0.5112745098039215 0.42720588235294116 0.3872549019607843 0.34705882352941175
10 0.5965686274509804 0.052941176470588235 0.14215686274509803 0.06764705882352941
0 0.2803921568627451 0.041176470588235294 0.029411764705882353 0.08088235294117647
6 0.32254901960784316 0.07647058823529412 0.03333333333333333 0.04852941176470588
0 0.16715686274509803 0.04852941176470588 0.020588235294117647 0.054411764705882354
6 0.5975490196078431 0.06911764705882353 0.028431372549019607 0.03823529411764706
11 0.22941176470588234 0.06544117647058824 0.013725490196078431 0.01764705882352941
0 0.37254901960784315 0.03161764705882353 0.01568627450980392 0.060294117647058824
6 0.39362745098039215 0.06948529411764706 0.026470588235294117 0.03602941176470588
11 0.25833333333333336 0.075 0.020588235294117647 0.023529411764705882
11 0.246078431372549 0.06838235294117648 0.013725490196078431 0.01764705882352941
16 0.45637254901960783 0.03529411764705882 0.016666666666666666 0.06911764705882353
6 0.257843137254902 0.06102941176470588 0.01764705882352941 0.022058823529411766
6 0.22745098039215686 0.05919117647058823 0.013725490196078431 0.021323529411764706
16 0.8019607843137255 0.43272058823529413 0.396078431372549 0.8639705882352942
7 0.16176470588235295 0.20477941176470588 0.3215686274509804 0.17279411764705882
7 0.21029411764705883 0.1974264705882353 0.2852941176470588 0.14044117647058824
6 0.30637254901960786 0.061764705882352944 0.016666666666666666 0.016176470588235296
11 0.3073529411764706 0.07757352941176471 0.016666666666666666 0.028676470588235293
6 0.24558823529411763 0.05625 0.012745098039215686 0.016911764705882352
10 0.4308823529411765 0.054044117647058826 0.059803921568627454 0.030147058823529412
