3 0.3595890410958904 0.7427701674277016 0.7168949771689498 0.5144596651445966
10 0.9406392694063926 0.4893455098934551 0.1187214611872146 0.0898021308980213
6 0.055365296803652965 0.4398782343987823 0.026255707762557076 0.0700152207001522
11 0.15753424657534246 0.4596651445966514 0.0593607305936073 0.045662100456621
11 0.6204337899543378 0.4817351598173516 0.05593607305936073 0.0471841704718417
6 0.5245433789954338 0.4558599695585997 0.021689497716894976 0.0624048706240487
11 0.3378995433789954 0.4703196347031963 0.08904109589041095 0.0639269406392694
11 0.742579908675799 0.4809741248097412 0.05136986301369863 0.0487062404870624
6 0.6894977168949772 0.4589041095890411 0.01598173515981735 0.0654490106544901
11 0.23116438356164384 0.4550989345509893 0.04223744292237443 0.0395738203957382
6 0.670662100456621 0.4573820395738204 0.017123287671232876 0.0654490106544901
7 0.5205479452054794 0.4786910197869102 0.0547945205479452 0.0441400304414003
6 0.15924657534246575 0.4497716894977169 0.023972602739726026 0.0624048706240487
7 0.05593607305936073 0.4604261796042618 0.0593607305936073 0.0471841704718417
6 0.420662100456621 0.4474885844748858 0.014840182648401826 0.060882800608828
11 0.2751141552511416 0.4627092846270928 0.0593607305936073 0.045662100456621
6 0.3424657534246575 0.4497716894977169 0.0319634703196347 0.0806697108066971
6 0.6232876712328768 0.4642313546423135 0.0228310502283105 0.0700152207001522
11 0.7853881278538812 0.4863013698630137 0.0593607305936073 0.0441400304414003
6 0.2791095890410959 0.4497716894977169 0.019406392694063926 0.0684931506849315
11 0.0182648401826484 0.4520547945205479 0.03424657534246575 0.045662100456621
6 0.0136986301369863 0.4383561643835616 0.02054794520547945 0.0578386605783866
6 0.7928082191780822 0.471841704718417 0.021689497716894976 0.0700152207001522
1 0.5656392694063926 0.3767123287671233 0.010273972602739725 0.0289193302891933
11 0.4674657534246575 0.4665144596651446 0.05365296803652968 0.0410958904109589
6 0.23687214611872145 0.4436834094368341 0.021689497716894976 0.0532724505327245
16 0.7773972602739726 0.3668188736681887 0.0136986301369863 0.1917808219178082
10 0.2134703196347032 0.4254185692541857 0.04794520547945205 0.0319634703196347
6 0.4708904109589041 0.4550989345509893 0.021689497716894976 0.060882800608828
16 0.488013698630137 0.378234398782344 0.010273972602739725 0.1385083713850837
16 0.5416666666666666 0.3675799086757991 0.014840182648401826 0.1659056316590563
6 0.4343607305936073 0.4474885844748858 0.012557077625570776 0.0487062404870624
16 0.559931506849315 0.4193302891933029 0.007990867579908675 0.1232876712328767
10 0.990296803652968 0.5038051750380518 0.019406392694063926 0.0882800608828006
6 0.7545662100456622 0.4672754946727549 0.0182648401826484 0.0639269406392694
14 0.8042237442922374 0.4893455098934551 0.010273972602739725 0.0410958904109589
16 0.5005707762557078 0.2785388127853881 0.014840182648401826 0.350076103500761
16 0.5804794520547946 0.3013698630136986 0.014840182648401826 0.3592085235920852
0 0.690068493150685 0.4063926940639269 0.014840182648401826 0.076103500761035
10 0.08618721461187215 0.4200913242009132 0.04908675799086758 0.0182648401826484
10 0.9166666666666666 0.4741248097412481 0.16666666666666666 0.0958904109589041
10 0.3122146118721461 0.4216133942161339 0.03767123287671233 0.0213089802130898
