3 0.5005707762557078 0.6590563165905632 0.9988584474885844 0.6818873668188736
6 0.4115296803652968 0.3812785388127854 0.07191780821917808 0.2846270928462709
6 0.2602739726027397 0.3356164383561644 0.0730593607305936 0.1963470319634703
10 0.1278538812785388 0.3036529680365297 0.2191780821917808 0.1019786910197869
11 0.7688356164383562 0.4345509893455099 0.14269406392694065 0.2115677321156773
6 0.4834474885844749 0.3280060882800609 0.04680365296803653 0.1841704718417047
6 0.5742009132420092 0.2770167427701674 0.0273972602739726 0.1035007610350076
6 0.7602739726027398 0.3622526636225266 0.10273972602739725 0.228310502283105
10 0.8875570776255708 0.2732115677321157 0.06735159817351598 0.0684931506849315
6 0.928082191780822 0.3059360730593607 0.0410958904109589 0.1187214611872146
0 0.3875570776255708 0.21537290715372906 0.019406392694063926 0.0958904109589041
11 0.9223744292237442 0.3356164383561644 0.0593607305936073 0.0867579908675799
10 0.791095890410959 0.2777777777777778 0.045662100456621 0.0471841704718417
7 0.3396118721461187 0.2937595129375951 0.017123287671232876 0.0365296803652968
6 0.9788812785388128 0.3150684931506849 0.04223744292237443 0.1461187214611872
11 0.833904109589041 0.302130898021309 0.04223744292237443 0.0502283105022831
7 0.3721461187214612 0.2945205479452055 0.01598173515981735 0.0319634703196347
16 0.9275114155251142 0.20624048706240486 0.010273972602739725 0.0715372907153729
2 0.6084474885844748 0.2252663622526636 0.01141552511415525 0.0273972602739726
6 0.8287671232876712 0.2815829528158295 0.02968036529680365 0.0730593607305936
6 0.5542237442922374 0.2861491628614916 0.014840182648401826 0.0669710806697108
16 0.9429223744292238 0.20624048706240486 0.01141552511415525 0.0776255707762557
11 0.6992009132420092 0.2990867579908676 0.026255707762557076 0.0319634703196347
16 0.4606164383561644 0.22146118721461186 0.010273972602739725 0.1445966514459665
11 0.9703196347031964 0.3493150684931507 0.0593607305936073 0.1019786910197869
6 0.5399543378995434 0.2861491628614916 0.01598173515981735 0.0639269406392694
10 0.04052511415525114 0.2945205479452055 0.07876712328767123 0.0745814307458143
6 0.5993150684931506 0.2831050228310502 0.0182648401826484 0.0730593607305936
16 0.2968036529680365 0.23515981735159816 0.0136986301369863 0.1567732115677321
2 0.6592465753424658 0.1704718417047184 0.012557077625570776 0.0395738203957382
16 0.6135844748858448 0.2420091324200913 0.007990867579908675 0.0730593607305936
6 0.5205479452054794 0.2861491628614916 0.0136986301369863 0.0578386605783866
0 0.18949771689497716 0.22754946727549466 0.0182648401826484 0.0745814307458143
6 0.5068493150684932 0.2899543378995434 0.01598173515981735 0.0715372907153729
11 0.7311643835616438 0.2968036529680365 0.019406392694063926 0.0334855403348554
6 0.6478310502283106 0.2823439878234399 0.014840182648401826 0.0684931506849315
7 0.6135844748858448 0.2960426179604262 0.023972602739726026 0.0258751902587519
14 0.3184931506849315 0.3006088280060883 0.00684931506849315 0.0380517503805175
16 0.4383561643835616 0.2465753424657534 0.0091324200913242 0.0730593607305936
7 0.646689497716895 0.2990867579908676 0.012557077625570776 0.0380517503805175
14 0.3047945205479452 0.3006088280060883 0.0091324200913242 0.0350076103500761
6 0.3886986301369863 0.2770167427701674 0.021689497716894976 0.0426179604261796
5 0.773972602739726 0.18645357686453576 0.0136986301369863 0.0228310502283105
6 0.7323059360730594 0.2694063926940639 0.019406392694063926 0.0334855403348554
6 0.5439497716894978 0.2975646879756469 0.012557077625570776 0.0410958904109589
16 0.634703196347032 0.15449010654490106 0.0182648401826484 0.3059360730593607
11 0.6757990867579908 0.2922374429223744 0.0182648401826484 0.0365296803652968
6 0.6775114155251142 0.2686453576864536 0.019406392694063926 0.0228310502283105
