3 0.5028538812785388 0.7990867579908676 0.9920091324200914 0.4018264840182648
11 0.12100456621004566 0.5525114155251142 0.1324200913242009 0.106544901065449
2 0.9509132420091324 0.3036529680365297 0.0182648401826484 0.0441400304414003
6 0.3070776255707763 0.5403348554033486 0.03881278538812785 0.1400304414003044
2 0.9914383561643836 0.3059360730593607 0.014840182648401826 0.0426179604261796
16 0.12271689497716895 0.3089802130898021 0.023972602739726026 0.4444444444444444
6 0.3304794520547945 0.547945205479452 0.03767123287671233 0.1400304414003044
2 0.5507990867579908 0.3242009132420091 0.023972602739726026 0.0639269406392694
16 0.4509132420091324 0.2815829528158295 0.0228310502283105 0.547945205479452
16 0.5633561643835616 0.4200913242009132 0.019406392694063926 0.2983257229832572
0 0.648972602739726 0.4558599695585997 0.028538812785388126 0.1567732115677321
0 0.6889269406392694 0.4406392694063927 0.028538812785388126 0.2237442922374429
3 0.8453196347031964 0.5114155251141552 0.3093607305936073 0.0334855403348554
16 0.7003424657534246 0.2503805175038052 0.017123287671232876 0.1598173515981735
0 0.6164383561643836 0.4277016742770167 0.0182648401826484 0.0852359208523592
10 0.714041095890411 0.4589041095890411 0.021689497716894976 0.0258751902587519
6 0.9514840182648402 0.4741248097412481 0.010273972602739725 0.0350076103500761
6 0.170662100456621 0.4710806697108067 0.033105022831050226 0.0532724505327245
6 0.3202054794520548 0.4421613394216134 0.023972602739726026 0.0471841704718417
16 0.5970319634703196 0.4368340943683409 0.01598173515981735 0.1582952815829528
11 0.6164383561643836 0.4908675799086758 0.02968036529680365 0.0502283105022831
