3 0.4172374429223744 0.634703196347032 0.8321917808219178 0.730593607305936
10 0.4046803652968037 0.2252663622526636 0.07420091324200913 0.0487062404870624
16 0.1723744292237443 0.1811263318112633 0.0228310502283105 0.1643835616438356
16 0.6700913242009132 0.12709284627092846 0.01598173515981735 0.2511415525114155
2 0.19577625570776255 0.06621004566210045 0.019406392694063926 0.0502283105022831
7 0.78824200913242 0.21537290715372906 0.06278538812785388 0.0624048706240487
2 0.5371004566210046 0.02359208523592085 0.021689497716894976 0.0441400304414003
16 0.7585616438356164 0.1917808219178082 0.012557077625570776 0.1308980213089802
2 0.7471461187214612 0.10121765601217655 0.021689497716894976 0.0532724505327245
16 0.3007990867579909 0.20167427701674276 0.012557077625570776 0.0837138508371385
13 0.3350456621004566 0.2313546423135464 0.019406392694063926 0.0243531202435312
16 0.14554794520547945 0.21841704718417046 0.014840182648401826 0.0928462709284627
3 0.3984018264840183 0.2610350076103501 0.410958904109589 0.0289193302891933
16 0.3150684931506849 0.14231354642313546 0.0136986301369863 0.1415525114155251
16 0.617579908675799 0.11948249619482496 0.0182648401826484 0.2359208523592085
16 0.006278538812785388 0.18036529680365296 0.010273972602739725 0.0745814307458143
16 0.4583333333333333 0.1339421613394216 0.021689497716894976 0.2009132420091324
