3 0.6164383561643836 0.7656012176560122 0.7671232876712328 0.4657534246575342
11 0.8036529680365296 0.5197869101978692 0.0730593607305936 0.0624048706240487
10 0.636986301369863 0.4885844748858447 0.0502283105022831 0.0426179604261796
6 0.8042237442922374 0.4984779299847793 0.028538812785388126 0.0745814307458143
10 0.6078767123287672 0.4809741248097412 0.033105022831050226 0.0395738203957382
1 0.7442922374429224 0.3295281582952816 0.0136986301369863 0.0380517503805175
1 0.7551369863013698 0.3302891933028919 0.012557077625570776 0.0365296803652968
0 0.8886986301369864 0.4642313546423135 0.012557077625570776 0.0821917808219178
3 0.7568493150684932 0.517503805175038 0.3767123287671233 0.0213089802130898
1 0.5285388127853882 0.4132420091324201 0.01141552511415525 0.0289193302891933
0 0.5108447488584474 0.4604261796042618 0.014840182648401826 0.0776255707762557
10 0.660958904109589 0.4771689497716895 0.02968036529680365 0.0289193302891933
16 0.8573059360730594 0.3896499238964992 0.01141552511415525 0.2222222222222222
16 0.5348173515981736 0.4520547945205479 0.007990867579908675 0.1248097412480974
14 0.5273972602739726 0.5007610350076104 0.00684931506849315 0.030441400304414
14 0.54337899543379 0.4954337899543379 0.00684931506849315 0.0410958904109589
0 0.15753424657534246 0.3561643835616438 0.0182648401826484 0.1400304414003044
0 0.757420091324201 0.4627092846270928 0.014840182648401826 0.060882800608828
0 0.2705479452054795 0.3455098934550989 0.0182648401826484 0.1278538812785388
10 0.5256849315068494 0.471841704718417 0.021689497716894976 0.030441400304414
0 0.4514840182648402 0.45662100456621 0.017123287671232876 0.0791476407914764
