3 0.5005707762557078 0.6750380517503806 0.9965753424657534 0.649923896499239
16 0.1598173515981735 0.1567732115677321 0.03881278538812785 0.2861491628614916
2 0.6906392694063926 0.0928462709284627 0.02511415525114155 0.0669710806697108
2 0.9463470319634704 0.0684931506849315 0.02968036529680365 0.076103500761035
6 0.5570776255707762 0.3013698630136986 0.02511415525114155 0.1004566210045662
6 0.7128995433789954 0.2952815829528158 0.023972602739726026 0.0700152207001522
16 0.032534246575342464 0.16666666666666666 0.033105022831050226 0.2633181126331811
16 0.4366438356164384 0.16971080669710806 0.023972602739726026 0.3363774733637747
2 0.5353881278538812 0.2009132420091324 0.0136986301369863 0.0334855403348554
16 0.5291095890410958 0.2762557077625571 0.010273972602739725 0.1111111111111111
3 0.776255707762557 0.3409436834094368 0.4474885844748858 0.0365296803652968
16 0.6050228310502284 0.2100456621004566 0.0136986301369863 0.2222222222222222
16 0.8875570776255708 0.24733637747336376 0.017123287671232876 0.1202435312024353
7 0.7123287671232876 0.319634703196347 0.0182648401826484 0.0487062404870624
0 0.6386986301369864 0.2724505327245053 0.010273972602739725 0.0547945205479452
5 0.8932648401826484 0.2085235920852359 0.021689497716894976 0.0273972602739726
16 0.6558219178082192 0.2686453576864536 0.007990867579908675 0.0806697108066971
7 0.8356164383561644 0.2907153729071537 0.02968036529680365 0.0243531202435312
0 0.19920091324200914 0.213089802130898 0.014840182648401826 0.0700152207001522
17 0.4560502283105023 0.3272450532724505 0.023972602739726026 0.030441400304414
