3 0.5 0.7031963470319634 0.997716894977169 0.593607305936073
0 0.1278538812785388 0.2374429223744292 0.04337899543378995 0.2557077625570776
1 0.4628995433789954 0.2115677321156773 0.021689497716894976 0.0547945205479452
16 0.4503424657534247 0.1948249619482496 0.019406392694063926 0.3866057838660578
0 0.702054794520548 0.2747336377473364 0.0273972602739726 0.2267884322678843
0 0.9257990867579908 0.3089802130898021 0.02054794520547945 0.136986301369863
14 0.5616438356164384 0.3789954337899543 0.01141552511415525 0.0517503805175038
14 0.502283105022831 0.3774733637747336 0.01141552511415525 0.0578386605783866
16 0.04337899543378995 0.2732115677321157 0.0182648401826484 0.1719939117199391
14 0.9634703196347032 0.3751902587519026 0.01141552511415525 0.0410958904109589
11 0.9200913242009132 0.8432267884322678 0.1598173515981735 0.3135464231354642
