3 0.5 0.6940639269406392 0.997716894977169 0.6118721461187214
10 0.06164383561643835 0.3797564687975647 0.12100456621004566 0.2298325722983257
6 0.644406392694064 0.3470319634703196 0.04680365296803653 0.1643835616438356
16 0.3567351598173516 0.2732115677321157 0.019406392694063926 0.1872146118721461
13 0.2996575342465753 0.3310502283105023 0.05365296803652968 0.0624048706240487
10 0.6775114155251142 0.3181126331811263 0.16095890410958905 0.0821917808219178
15 0.7037671232876712 0.3668188736681887 0.019406392694063926 0.0273972602739726
16 0.4280821917808219 0.2176560121765601 0.0182648401826484 0.30441400304414
15 0.7785388127853882 0.3675799086757991 0.0182648401826484 0.0258751902587519
15 0.8333333333333334 0.3675799086757991 0.02054794520547945 0.0258751902587519
15 0.8858447488584474 0.3683409436834094 0.02054794520547945 0.0273972602739726
1 0.4366438356164384 0.19710806697108066 0.019406392694063926 0.0502283105022831
0 0.07990867579908675 0.2054794520547945 0.02968036529680365 0.2009132420091324
15 0.9680365296803652 0.3698630136986301 0.0182648401826484 0.030441400304414
19 0.1558219178082192 0.332572298325723 0.021689497716894976 0.0471841704718417
10 0.8356164383561644 0.3211567732115677 0.0365296803652968 0.0395738203957382
14 0.5256849315068494 0.3576864535768645 0.007990867579908675 0.0487062404870624
10 0.867579908675799 0.3181126331811263 0.0730593607305936 0.0487062404870624
10 0.6215753424657534 0.3028919330289193 0.07876712328767123 0.0639269406392694
15 0.932648401826484 0.3706240487062405 0.0182648401826484 0.0289193302891933
14 0.6204337899543378 0.3614916286149163 0.010273972602739725 0.0441400304414003
6 0.01769406392694064 0.2724505327245053 0.023972602739726026 0.0517503805175038
12 0.5953196347031964 0.3371385083713851 0.014840182648401826 0.0410958904109589
7 0.1341324200913242 0.3203957382039574 0.028538812785388126 0.0684931506849315
10 0.8202054794520548 0.3127853881278539 0.04908675799086758 0.0350076103500761
10 0.7899543378995434 0.3135464231354642 0.0365296803652968 0.030441400304414
