10 0.855593607305936 0.3158295281582953 0.21118721461187215 0.1324200913242009
6 0.2699771689497717 0.3310502283105023 0.03767123287671233 0.1019786910197869
16 0.6952054794520548 0.18340943683409436 0.02511415525114155 0.3607305936073059
3 0.6021689497716894 0.6864535768645358 0.795662100456621 0.6270928462709284
1 0.19577625570776255 0.19254185692541856 0.014840182648401826 0.0441400304414003
6 0.16837899543378995 0.3097412480974125 0.023972602739726026 0.0898021308980213
11 0.3692922374429224 0.3538812785388128 0.07876712328767123 0.0654490106544901
16 0.781392694063927 0.16971080669710806 0.026255707762557076 0.2815829528158295
16 0.7408675799086758 0.1796042617960426 0.02511415525114155 0.3470319634703196
11 0.5998858447488584 0.3439878234398782 0.03995433789954338 0.0700152207001522
5 0.09646118721461187 0.2252663622526636 0.021689497716894976 0.030441400304414
6 0.3715753424657534 0.3318112633181126 0.026255707762557076 0.106544901065449
1 0.010844748858447488 0.1126331811263318 0.019406392694063926 0.0669710806697108
6 0.3253424657534247 0.3013698630136986 0.0228310502283105 0.0882800608828006
16 0.1877853881278539 0.2831050228310502 0.014840182648401826 0.1339421613394216
6 0.4058219178082192 0.286910197869102 0.019406392694063926 0.0532724505327245
7 0.13527397260273974 0.3242009132420091 0.05365296803652968 0.045662100456621
3 0.11929223744292237 0.3767123287671233 0.2363013698630137 0.0471841704718417
6 0.4160958904109589 0.2572298325722983 0.021689497716894976 0.0426179604261796
6 0.03367579908675799 0.2975646879756469 0.019406392694063926 0.0350076103500761
6 0.5662100456621004 0.2678843226788432 0.02511415525114155 0.0700152207001522
16 0.8304794520547946 0.24429223744292236 0.010273972602739725 0.0624048706240487
16 0.1187214611872146 0.16666666666666666 0.0273972602739726 0.2176560121765601
16 0.09703196347031963 0.19558599695585996 0.0228310502283105 0.1598173515981735
7 0.10844748858447488 0.317351598173516 0.0273972602739726 0.0502283105022831
6 0.6021689497716894 0.3203957382039574 0.03538812785388128 0.0989345509893455
11 0.03538812785388128 0.3165905631659056 0.0182648401826484 0.0334855403348554
0 0.030821917808219176 0.24885844748858446 0.0136986301369863 0.0745814307458143
16 0.8961187214611872 0.20624048706240486 0.01598173515981735 0.1232876712328767
0 0.17294520547945205 0.23668188736681886 0.012557077625570776 0.0898021308980213
0 0.1569634703196347 0.243531202435312 0.012557077625570776 0.060882800608828
7 0.9726027397260274 0.3120243531202435 0.0319634703196347 0.060882800608828
16 0.7271689497716894 0.17732115677321156 0.01598173515981735 0.3515981735159817
7 0.7168949771689498 0.3356164383561644 0.0228310502283105 0.0624048706240487
7 0.6974885844748858 0.3356164383561644 0.02511415525114155 0.0532724505327245
7 0.6655251141552512 0.3356164383561644 0.0410958904109589 0.0624048706240487
7 0.6289954337899544 0.3219178082191781 0.0228310502283105 0.0502283105022831
7 0.4195205479452055 0.3318112633181126 0.033105022831050226 0.0547945205479452
7 0.4383561643835616 0.3310502283105023 0.02511415525114155 0.0624048706240487
7 0.4560502283105023 0.334855403348554 0.021689497716894976 0.0487062404870624
7 0.4765981735159817 0.3272450532724505 0.033105022831050226 0.0547945205479452
11 0.5011415525114156 0.3272450532724505 0.03424657534246575 0.0578386605783866
11 0.5399543378995434 0.3394216133942161 0.0730593607305936 0.076103500761035
6 0.5485159817351598 0.3287671232876712 0.026255707762557076 0.1126331811263318
6 0.21289954337899544 0.2960426179604262 0.017123287671232876 0.0441400304414003
