10 0.4121004566210046 0.4216133942161339 0.18493150684931506 0.0974124809741248
10 0.7391552511415526 0.4353120243531202 0.16552511415525115 0.0669710806697108
1 0.3515981735159817 0.2404870624048706 0.0182648401826484 0.0547945205479452
0 0.6558219178082192 0.3926940639269406 0.023972602739726026 0.1035007610350076
3 0.4874429223744292 0.6902587519025876 0.8972602739726028 0.4824961948249619
1 0.21404109589041095 0.23820395738203956 0.021689497716894976 0.0563165905631659
11 0.6078767123287672 0.4345509893455099 0.04452054794520548 0.0350076103500761
0 0.807648401826484 0.3850837138508371 0.017123287671232876 0.0730593607305936
16 0.942351598173516 0.4977168949771689 0.11529680365296803 0.9923896499238964
16 0.285958904109589 0.3424657534246575 0.012557077625570776 0.1948249619482496
16 0.5353881278538812 0.3850837138508371 0.0091324200913242 0.1126331811263318
14 0.7328767123287672 0.4505327245053272 0.01141552511415525 0.060882800608828
1 0.5291095890410958 0.3515981735159817 0.012557077625570776 0.0273972602739726
6 0.6101598173515982 0.4231354642313546 0.019406392694063926 0.045662100456621
2 0.7031963470319634 0.06773211567732115 0.0319634703196347 0.1111111111111111
11 0.565068493150685 0.4360730593607306 0.0410958904109589 0.0350076103500761
10 0.014840182648401826 0.4208523592085236 0.0273972602739726 0.0684931506849315
16 0.19748858447488585 0.3949771689497717 0.00684931506849315 0.0745814307458143
6 0.5405251141552512 0.4155251141552511 0.012557077625570776 0.0517503805175038
13 0.6352739726027398 0.4292237442922374 0.023972602739726026 0.030441400304414
6 0.565068493150685 0.4231354642313546 0.0182648401826484 0.045662100456621
0 0.2888127853881279 0.395738203957382 0.01598173515981735 0.0821917808219178
6 0.5547945205479452 0.4132420091324201 0.0136986301369863 0.0441400304414003
2 0.723744292237443 0.05251141552511415 0.03424657534246575 0.1019786910197869
