11 0.4691780821917808 0.4726027397260274 0.23515981735159816 0.1902587519025875
6 0.8898401826484018 0.363013698630137 0.06050228310502283 0.2085235920852359
6 0.6210045662100456 0.3736681887366819 0.0639269406392694 0.2663622526636225
16 0.6718036529680366 0.2252663622526636 0.04680365296803653 0.4474885844748858
6 0.043949771689497714 0.410958904109589 0.05593607305936073 0.182648401826484
6 0.8321917808219178 0.3683409436834094 0.06164383561643835 0.2343987823439878
6 0.5582191780821918 0.3272450532724505 0.04337899543378995 0.1156773211567732
1 0.7317351598173516 0.12100456621004566 0.03881278538812785 0.0989345509893455
11 0.05878995433789954 0.4421613394216134 0.11529680365296803 0.1050228310502283
6 0.478310502283105 0.3949771689497717 0.1232876712328767 0.2450532724505327
6 0.319634703196347 0.3211567732115677 0.0410958904109589 0.121765601217656
0 0.944634703196347 0.23211567732115676 0.023972602739726026 0.1689497716894977
6 0.583904109589041 0.3432267884322679 0.033105022831050226 0.1567732115677321
16 0.704337899543379 0.2998477929984779 0.02511415525114155 0.2709284627092846
6 0.7916666666666666 0.3485540334855403 0.03538812785388128 0.1917808219178082
3 0.896689497716895 0.4079147640791476 0.20662100456621005 0.0974124809741248
6 0.5308219178082192 0.3485540334855403 0.03424657534246575 0.1582952815829528
3 0.7334474885844748 0.7351598173515982 0.5331050228310502 0.5296803652968036
11 0.3470319634703196 0.4307458143074581 0.1004566210045662 0.1187214611872146
11 0.7442922374429224 0.3424657534246575 0.0228310502283105 0.0700152207001522
7 0.7711187214611872 0.3698630136986301 0.030821917808219176 0.1004566210045662
6 0.7100456621004566 0.3318112633181126 0.0410958904109589 0.2009132420091324
6 0.9166666666666666 0.2998477929984779 0.0228310502283105 0.060882800608828
6 0.4012557077625571 0.3211567732115677 0.05593607305936073 0.0639269406392694
6 0.4868721461187215 0.3112633181126332 0.04680365296803653 0.1111111111111111
