1 0.10931372549019608 0.09963235294117648 0.024509803921568627 0.03897058823529412
10 0.11029411764705882 0.21875 0.03823529411764706 0.027205882352941177
2 0.19411764705882353 0.09779411764705882 0.025490196078431372 0.03823529411764706
6 0.42990196078431375 0.21360294117647058 0.022549019607843137 0.04485294117647059
11 0.2784313725490196 0.24963235294117647 0.029411764705882353 0.0375
2 0.2691176470588235 0.09411764705882353 0.022549019607843137 0.039705882352941174
11 0.16715686274509803 0.23051470588235295 0.024509803921568627 0.021323529411764706
11 0.2446078431372549 0.23897058823529413 0.022549019607843137 0.025
16 0.3681372549019608 0.17573529411764705 0.014705882352941176 0.08235294117647059
6 0.2769607843137255 0.23088235294117648 0.030392156862745098 0.04411764705882353
6 0.5651960784313725 0.21213235294117647 0.024509803921568627 0.04632352941176471
6 0.5911764705882353 0.21176470588235294 0.023529411764705882 0.047058823529411764
1 0.23137254901960785 0.09375 0.023529411764705882 0.0375
5 0.14705882352941177 0.1 0.021568627450980392 0.020588235294117647
11 0.021568627450980392 0.2988970588235294 0.041176470588235294 0.09338235294117647
6 0.16568627450980392 0.21691176470588236 0.021568627450980392 0.022058823529411766
11 0.30637254901960786 0.22169117647058822 0.018627450980392157 0.01838235294117647
6 0.24019607843137256 0.22205882352941175 0.025490196078431372 0.026470588235294117
10 0.009313725490196078 0.21580882352941178 0.016666666666666666 0.028676470588235293
16 0.55 0.14301470588235293 0.0196078431372549 0.21544117647058825
6 0.30490196078431375 0.2113970588235294 0.01764705882352941 0.022794117647058822
6 0.40147058823529413 0.20294117647058824 0.012745098039215686 0.01911764705882353
7 0.3911764705882353 0.23198529411764707 0.047058823529411764 0.02426470588235294
11 0.22401960784313726 0.2301470588235294 0.016666666666666666 0.01764705882352941
6 0.22205882352941175 0.21544117647058825 0.014705882352941176 0.020588235294117647
9 0.0642156862745098 0.22169117647058822 0.07549019607843137 0.04044117647058824
2 0.5142156862745098 0.15808823529411764 0.016666666666666666 0.026470588235294117
6 0.6186274509803922 0.225 0.021568627450980392 0.033823529411764704
0 0.6504901960784314 0.19301470588235295 0.022549019607843137 0.09485294117647058
3 0.5004901960784314 0.5683823529411764 0.9990196078431373 0.6264705882352941
16 0.703921568627451 0.18676470588235294 0.011764705882352941 0.03823529411764706
5 0.17107843137254902 0.1 0.022549019607843137 0.01911764705882353
