11 0.7941176470588235 0.3011029411764706 0.11568627450980393 0.10661764705882353
10 0.7186274509803922 0.21102941176470588 0.058823529411764705 0.01911764705882353
16 0.2068627450980392 0.09411764705882353 0.0392156862745098 0.18676470588235294
6 0.5406862745098039 0.21654411764705883 0.024509803921568627 0.0375
6 0.5 0.2202205882352941 0.029411764705882353 0.04779411764705882
6 0.8009803921568628 0.2746323529411765 0.07647058823529412 0.10661764705882353
16 0.2965686274509804 0.09632352941176471 0.020588235294117647 0.19117647058823528
8 0.5009803921568627 0.18235294117647058 0.045098039215686274 0.029411764705882353
11 0.4598039215686274 0.21911764705882353 0.021568627450980392 0.027941176470588237
6 0.4602941176470588 0.20772058823529413 0.024509803921568627 0.03161764705882353
10 0.41274509803921566 0.19264705882352942 0.029411764705882353 0.013235294117647059
6 0.4323529411764706 0.19852941176470587 0.013725490196078431 0.01764705882352941
11 0.49901960784313726 0.23272058823529412 0.027450980392156862 0.03602941176470588
11 0.9715686274509804 0.3191176470588235 0.056862745098039215 0.09705882352941177
16 0.44607843137254904 0.13897058823529412 0.011764705882352941 0.11764705882352941
11 0.43137254901960786 0.20845588235294119 0.013725490196078431 0.016911764705882352
11 0.5397058823529411 0.22720588235294117 0.022549019607843137 0.029411764705882353
4 0.3509803921568627 0.6261029411764706 0.4627450980392157 0.7477941176470588
11 0.3813725490196078 0.2011029411764706 0.00980392156862745 0.011029411764705883
6 0.38088235294117645 0.19375 0.008823529411764706 0.008088235294117648
10 0.5764705882352941 0.20036764705882354 0.01764705882352941 0.0125
8 0.9700980392156863 0.2139705882352941 0.059803921568627454 0.025
