3 0.4965753424657534 0.7808219178082192 0.9908675799086758 0.4353120243531202
13 0.3030821917808219 0.5091324200913242 0.04452054794520548 0.0928462709284627
16 0.6501141552511416 0.271689497716895 0.028538812785388126 0.5342465753424658
10 0.5353881278538812 0.4520547945205479 0.21689497716894976 0.0943683409436834
10 0.10616438356164383 0.4634703196347032 0.1963470319634703 0.0806697108066971
1 0.6307077625570776 0.2420091324200913 0.030821917808219176 0.076103500761035
14 0.910958904109589 0.5799086757990868 0.0228310502283105 0.1400304414003044
10 0.8441780821917808 0.3919330289193303 0.15182648401826485 0.0319634703196347
0 0.9788812785388128 0.3759512937595129 0.03995433789954338 0.5418569254185692
15 0.22203196347031964 0.4672754946727549 0.017123287671232876 0.0334855403348554
15 0.2505707762557078 0.4657534246575342 0.014840182648401826 0.0334855403348554
