3 0.5 0.7884322678843226 0.997716894977169 0.4231354642313546
10 0.11015981735159817 0.4878234398782344 0.1952054794520548 0.0593607305936073
14 0.8961187214611872 0.5517503805175038 0.02054794520547945 0.0806697108066971
1 0.19406392694063926 0.2884322678843227 0.0182648401826484 0.0502283105022831
1 0.3789954337899543 0.3584474885844749 0.02054794520547945 0.0502283105022831
10 0.01598173515981735 0.4619482496194825 0.02968036529680365 0.0563165905631659
14 0.785958904109589 0.5471841704718418 0.014840182648401826 0.0745814307458143
16 0.795662100456621 0.4657534246575342 0.01598173515981735 0.2404870624048706
14 0.4731735159817352 0.5357686453576864 0.010273972602739725 0.0578386605783866
16 0.365296803652968 0.4048706240487062 0.0136986301369863 0.1948249619482496
16 0.2642694063926941 0.4292237442922374 0.017123287671232876 0.273972602739726
