3 0.5005707762557078 0.7336377473363774 0.9965753424657534 0.532724505327245
10 0.7973744292237442 0.4193302891933029 0.09474885844748858 0.0928462709284627
7 0.20776255707762556 0.4292237442922374 0.0547945205479452 0.060882800608828
10 0.976027397260274 0.3904109589041096 0.04794520547945205 0.0410958904109589
16 0.1906392694063927 0.2648401826484018 0.02511415525114155 0.395738203957382
10 0.8938356164383562 0.3873668188736682 0.04794520547945205 0.0319634703196347
10 0.680365296803653 0.3919330289193303 0.0365296803652968 0.0319634703196347
16 0.11815068493150685 0.3797564687975647 0.012557077625570776 0.1598173515981735
0 0.6061643835616438 0.3637747336377473 0.0228310502283105 0.1248097412480974
0 0.5730593607305936 0.3706240487062405 0.01598173515981735 0.0898021308980213
10 0.8498858447488584 0.3850837138508371 0.033105022831050226 0.030441400304414
10 0.7517123287671232 0.3835616438356164 0.033105022831050226 0.0273972602739726
0 0.555365296803653 0.3706240487062405 0.012557077625570776 0.0776255707762557
10 0.651255707762557 0.380517503805175 0.017123287671232876 0.0182648401826484
10 0.6341324200913242 0.3812785388127854 0.026255707762557076 0.0228310502283105
10 0.6992009132420092 0.3843226788432268 0.021689497716894976 0.0228310502283105
16 0.5964611872146118 0.213089802130898 0.019406392694063926 0.4231354642313546
