3 0.5085616438356164 0.7777777777777778 0.9828767123287672 0.4444444444444444
6 0.3059360730593607 0.4946727549467275 0.0228310502283105 0.0791476407914764
6 0.08333333333333333 0.4878234398782344 0.02511415525114155 0.0684931506849315
10 0.9537671232876712 0.5753424657534246 0.09246575342465753 0.1400304414003044
0 0.5251141552511416 0.423896499238965 0.0273972602739726 0.2511415525114155
11 0.24486301369863014 0.5030441400304414 0.028538812785388126 0.0471841704718417
0 0.8453196347031964 0.439117199391172 0.028538812785388126 0.1750380517503805
1 0.1267123287671233 0.2557077625570776 0.02511415525114155 0.0669710806697108
0 0.3567351598173516 0.4528158295281583 0.026255707762557076 0.1567732115677321
1 0.4457762557077626 0.4063926940639269 0.019406392694063926 0.0426179604261796
7 0.08447488584474885 0.5091324200913242 0.0502283105022831 0.0471841704718417
5 0.24429223744292236 0.19101978691019786 0.0410958904109589 0.0654490106544901
16 0.4537671232876712 0.3949771689497717 0.017123287671232876 0.3028919330289193
10 0.3190639269406393 0.469558599695586 0.023972602739726026 0.0258751902587519
6 0.4138127853881279 0.4802130898021309 0.017123287671232876 0.0624048706240487
0 0.12385844748858447 0.4512937595129376 0.012557077625570776 0.0806697108066971
6 0.19121004566210045 0.4672754946727549 0.010273972602739725 0.030441400304414
3 0.1752283105022831 0.5426179604261796 0.3481735159817352 0.0380517503805175
6 0.432648401826484 0.4733637747336377 0.0136986301369863 0.0426179604261796
19 0.057648401826484015 0.4893455098934551 0.012557077625570776 0.0258751902587519
6 0.24600456621004566 0.4878234398782344 0.023972602739726026 0.0563165905631659
0 0.3841324200913242 0.4474885844748858 0.017123287671232876 0.1339421613394216
16 0.8179223744292238 0.441400304414003 0.010273972602739725 0.1430745814307458
6 0.4452054794520548 0.4733637747336377 0.01141552511415525 0.0395738203957382
6 0.4657534246575342 0.471841704718417 0.01141552511415525 0.0426179604261796
16 0.07077625570776255 0.4170471841704718 0.01141552511415525 0.1430745814307458
7 0.3807077625570776 0.4977168949771689 0.023972602739726026 0.0365296803652968
13 0.014269406392694063 0.4908675799086758 0.021689497716894976 0.0289193302891933
16 0.1980593607305936 0.439117199391172 0.010273972602739725 0.0898021308980213
16 0.10901826484018265 0.3668188736681887 0.014840182648401826 0.258751902587519
10 0.3949771689497717 0.4596651445966514 0.0136986301369863 0.015220700152207
16 0.2317351598173516 0.4421613394216134 0.0091324200913242 0.0745814307458143
