8 0.8190639269406392 0.3759512937595129 0.3618721461187215 0.167427701674277
11 0.021118721461187213 0.4672754946727549 0.03995433789954338 0.0395738203957382
16 0.09417808219178082 0.3637747336377473 0.021689497716894976 0.167427701674277
16 0.1786529680365297 0.3409436834094368 0.017123287671232876 0.2496194824961948
6 0.4897260273972603 0.426179604261796 0.0136986301369863 0.0517503805175038
10 0.5268264840182648 0.4284627092846271 0.07420091324200913 0.0380517503805175
6 0.4674657534246575 0.4277016742770167 0.014840182648401826 0.0487062404870624
2 0.3761415525114155 0.3257229832572298 0.019406392694063926 0.045662100456621
16 0.6672374429223744 0.2701674277016743 0.023972602739726026 0.4094368340943683
10 0.13070776255707764 0.4436834094368341 0.07648401826484018 0.0380517503805175
3 0.4195205479452055 0.6263318112633182 0.83675799086758 0.2633181126331811
16 0.3692922374429224 0.3873668188736682 0.012557077625570776 0.1902587519025875
6 0.01598173515981735 0.4512937595129376 0.0182648401826484 0.0502283105022831
6 0.1449771689497717 0.441400304414003 0.01598173515981735 0.0395738203957382
16 0.6204337899543378 0.3051750380517504 0.017123287671232876 0.3607305936073059
16 0.7288812785388128 0.22754946727549466 0.023972602739726026 0.4490106544901065
12 0.5941780821917808 0.4550989345509893 0.014840182648401826 0.0273972602739726
6 0.5222602739726028 0.4292237442922374 0.010273972602739725 0.0395738203957382
10 0.432648401826484 0.4254185692541857 0.02968036529680365 0.0228310502283105
2 0.10730593607305935 0.3866057838660578 0.01141552511415525 0.030441400304414
14 0.17294520547945205 0.4680365296803653 0.007990867579908675 0.0410958904109589
7 0.1432648401826484 0.45662100456621 0.026255707762557076 0.0273972602739726
14 0.1598173515981735 0.4710806697108067 0.0091324200913242 0.0441400304414003
14 0.19577625570776255 0.4687975646879756 0.007990867579908675 0.0426179604261796
14 0.1843607305936073 0.4703196347031963 0.007990867579908675 0.0426179604261796
6 0.8527397260273972 0.4124809741248097 0.02511415525114155 0.0821917808219178
6 0.7990867579908676 0.4231354642313546 0.0319634703196347 0.0821917808219178
11 0.08447488584474885 0.4520547945205479 0.02054794520547945 0.0273972602739726
4 0.2180365296803653 0.9140030441400304 0.2534246575342466 0.1719939117199391
16 0.8287671232876712 0.378234398782344 0.01598173515981735 0.1689497716894977
