3 0.5005707762557078 0.7511415525114156 0.9988584474885844 0.4977168949771689
6 0.7014840182648402 0.471841704718417 0.026255707762557076 0.0943683409436834
0 0.6164383561643836 0.4277016742770167 0.0182648401826484 0.121765601217656
0 0.4275114155251142 0.4277016742770167 0.019406392694063926 0.1308980213089802
0 0.8116438356164384 0.4033485540334855 0.0136986301369863 0.1095890410958904
2 0.8567351598173516 0.23515981735159816 0.021689497716894976 0.0563165905631659
0 0.23573059360730594 0.4200913242009132 0.017123287671232876 0.0943683409436834
16 0.9337899543378996 0.3546423135464231 0.01598173515981735 0.2374429223744292
16 0.2842465753424658 0.3417047184170472 0.01598173515981735 0.3120243531202435
16 0.4651826484018265 0.4155251141552511 0.010273972602739725 0.15220700152207
2 0.4748858447488584 0.3706240487062405 0.01598173515981735 0.0410958904109589
0 0.06107305936073059 0.4345509893455099 0.017123287671232876 0.0745814307458143
16 0.33162100456621 0.2952815829528158 0.019406392694063926 0.4079147640791476
