3 0.5005707762557078 0.697869101978691 0.9988584474885844 0.6012176560121766
10 0.3841324200913242 0.363013698630137 0.2271689497716895 0.1019786910197869
6 0.6484018264840182 0.3356164383561644 0.03424657534246575 0.1111111111111111
10 0.03424657534246575 0.3409436834094368 0.06621004566210045 0.0578386605783866
11 0.553082191780822 0.4079147640791476 0.06735159817351598 0.1187214611872146
0 0.7220319634703196 0.2770167427701674 0.023972602739726026 0.228310502283105
6 0.5399543378995434 0.3668188736681887 0.05251141552511415 0.1339421613394216
1 0.6192922374429224 0.2374429223744292 0.019406392694063926 0.0487062404870624
1 0.2910958904109589 0.1476407914764079 0.02054794520547945 0.060882800608828
3 0.14098173515981735 0.3911719939117199 0.2796803652968037 0.0395738203957382
10 0.3213470319634703 0.319634703196347 0.023972602739726026 0.0243531202435312
0 0.4857305936073059 0.2792998477929985 0.026255707762557076 0.1476407914764079
0 0.3829908675799087 0.2777777777777778 0.017123287671232876 0.0684931506849315
16 0.6084474885844748 0.24429223744292236 0.01141552511415525 0.2907153729071537
10 0.09817351598173515 0.3295281582952816 0.06621004566210045 0.0502283105022831
0 0.014840182648401826 0.2846270928462709 0.01598173515981735 0.060882800608828
10 0.1598173515981735 0.3272450532724505 0.06164383561643835 0.0334855403348554
16 0.5964611872146118 0.3219178082191781 0.010273972602739725 0.1293759512937595
16 0.3692922374429224 0.23515981735159816 0.014840182648401826 0.1537290715372907
10 0.2813926940639269 0.3165905631659056 0.028538812785388126 0.0213089802130898
10 0.20662100456621005 0.3272450532724505 0.045662100456621 0.0426179604261796
10 0.24143835616438356 0.3242009132420091 0.033105022831050226 0.0334855403348554
5 0.3675799086757991 0.2389649923896499 0.02054794520547945 0.030441400304414
6 0.4577625570776256 0.3105022831050228 0.02054794520547945 0.0365296803652968
