3 0.5251141552511416 0.7321156773211568 0.9429223744292238 0.5357686453576864
6 0.490296803652968 0.3668188736681887 0.08105022831050228 0.2039573820395738
16 0.432648401826484 0.20167427701674276 0.0319634703196347 0.3911719939117199
11 0.11301369863013698 0.6704718417047184 0.2237442922374429 0.4063926940639269
6 0.3818493150684932 0.3318112633181126 0.028538812785388126 0.0943683409436834
11 0.577054794520548 0.4748858447488584 0.20662100456621005 0.2009132420091324
6 0.5970319634703196 0.4315068493150685 0.08904109589041095 0.2937595129375951
1 0.4948630136986301 0.18493150684931506 0.030821917808219176 0.0806697108066971
6 0.694634703196347 0.3972602739726027 0.07876712328767123 0.2222222222222222
10 0.079337899543379 0.3363774733637747 0.04908675799086758 0.0334855403348554
0 0.307648401826484 0.2914764079147641 0.05821917808219178 0.2785388127853881
11 0.716324200913242 0.4299847792998478 0.1358447488584475 0.1293759512937595
7 0.45662100456621 0.4528158295281583 0.1461187214611872 0.1476407914764079
16 0.2271689497716895 0.2625570776255708 0.02511415525114155 0.1719939117199391
5 0.125 0.2633181126331811 0.03995433789954338 0.045662100456621
2 0.10331050228310502 0.1887366818873668 0.033105022831050226 0.0943683409436834
6 0.3281963470319635 0.3280060882800609 0.014840182648401826 0.0502283105022831
0 0.19121004566210045 0.3013698630136986 0.033105022831050226 0.1004566210045662
16 0.15639269406392695 0.3318112633181126 0.02054794520547945 0.1491628614916286
6 0.048515981735159815 0.5859969558599696 0.09474885844748858 0.5114155251141552
0 0.8498858447488584 0.2656012176560122 0.04908675799086758 0.3363774733637747
5 0.4531963470319635 0.12709284627092846 0.0319634703196347 0.0837138508371385
16 0.4794520547945205 0.19710806697108066 0.0182648401826484 0.1506849315068493
16 0.136986301369863 0.3401826484018265 0.0228310502283105 0.1202435312024353
3 0.08047945205479452 0.3774733637747336 0.06735159817351598 0.0243531202435312
16 0.17009132420091325 0.3074581430745814 0.02054794520547945 0.0974124809741248
7 0.228310502283105 0.3576864535768645 0.0182648401826484 0.0426179604261796
6 0.5690639269406392 0.2998477929984779 0.03538812785388128 0.0974124809741248
16 0.4537671232876712 0.2777777777777778 0.019406392694063926 0.1719939117199391
16 0.3213470319634703 0.2450532724505327 0.019406392694063926 0.1187214611872146
