3 0.5291095890410958 0.7633181126331812 0.932648401826484 0.4733637747336377
10 0.039383561643835614 0.5730593607305936 0.07648401826484018 0.1537290715372907
9 0.7545662100456622 0.4703196347031963 0.06621004566210045 0.0578386605783866
9 0.966324200913242 0.4665144596651446 0.06735159817351598 0.1019786910197869
16 0.4434931506849315 0.4277016742770167 0.012557077625570776 0.1856925418569254
6 0.5079908675799086 0.4840182648401826 0.01141552511415525 0.045662100456621
11 0.1386986301369863 0.5144596651445966 0.03767123287671233 0.0395738203957382
11 0.4606164383561644 0.5068493150684932 0.04223744292237443 0.0334855403348554
2 0.4823059360730594 0.4231354642313546 0.010273972602739725 0.0273972602739726
16 0.1889269406392694 0.4277016742770167 0.012557077625570776 0.2161339421613394
11 0.2134703196347032 0.512937595129376 0.0365296803652968 0.0395738203957382
6 0.4600456621004566 0.4946727549467275 0.01598173515981735 0.045662100456621
16 0.319634703196347 0.3302891933028919 0.0182648401826484 0.3987823439878234
5 0.9189497716894978 0.4337899543378995 0.0136986301369863 0.0182648401826484
16 0.4937214611872146 0.3569254185692542 0.012557077625570776 0.2694063926940639
16 0.8590182648401826 0.4383561643835616 0.007990867579908675 0.1095890410958904
16 0.5742009132420092 0.3866057838660578 0.01141552511415525 0.2313546423135464
16 0.2437214611872146 0.380517503805175 0.010273972602739725 0.2983257229832572
16 0.6232876712328768 0.4398782343987823 0.00684931506849315 0.1095890410958904
14 0.5445205479452054 0.5060882800608828 0.00684931506849315 0.0228310502283105
10 0.7985159817351598 0.484779299847793 0.026255707762557076 0.0228310502283105
14 0.526255707762557 0.5053272450532724 0.00684931506849315 0.0243531202435312
10 0.6552511415525114 0.4786910197869102 0.0228310502283105 0.0197869101978691
3 0.7100456621004566 0.4961948249619482 0.1324200913242009 0.015220700152207
16 0.8807077625570776 0.4429223744292237 0.005707762557077625 0.1035007610350076
10 0.5918949771689498 0.4802130898021309 0.019406392694063926 0.0167427701674277
11 0.0702054794520548 0.5114155251141552 0.05593607305936073 0.045662100456621
11 0.2625570776255708 0.5083713850837138 0.04794520547945205 0.0517503805175038
16 0.4754566210045662 0.4581430745814307 0.005707762557077625 0.121765601217656
2 0.9480593607305936 0.3850837138508371 0.012557077625570776 0.030441400304414
16 0.8247716894977168 0.4353120243531202 0.007990867579908675 0.0852359208523592
