10 0.7505707762557078 0.3850837138508371 0.2705479452054795 0.1095890410958904
10 0.06335616438356165 0.3729071537290715 0.12442922374429223 0.1643835616438356
6 0.4069634703196347 0.3729071537290715 0.06050228310502283 0.1948249619482496
10 0.9018264840182648 0.3759512937595129 0.1278538812785388 0.1004566210045662
6 0.3527397260273973 0.3675799086757991 0.045662100456621 0.1659056316590563
11 0.20833333333333334 0.3538812785388128 0.06050228310502283 0.0471841704718417
17 0.9577625570776256 0.5951293759512938 0.0684931506849315 0.1035007610350076
0 0.7391552511415526 0.2671232876712329 0.019406392694063926 0.1263318112633181
6 0.20833333333333334 0.3401826484018265 0.021689497716894976 0.0624048706240487
3 0.4988584474885845 0.69558599695586 0.9954337899543378 0.60882800608828
16 0.4788812785388128 0.3112633181126332 0.012557077625570776 0.1354642313546423
16 0.7688356164383562 0.16514459665144596 0.033105022831050226 0.3272450532724505
0 0.5821917808219178 0.3203957382039574 0.01598173515981735 0.1263318112633181
2 0.2648401826484018 0.2557077625570776 0.01141552511415525 0.0273972602739726
0 0.13926940639269406 0.3036529680365297 0.01141552511415525 0.0928462709284627
0 0.3778538812785388 0.2617960426179604 0.0182648401826484 0.1035007610350076
0 0.9200913242009132 0.2648401826484018 0.01598173515981735 0.1308980213089802
0 0.1552511415525114 0.302130898021309 0.01141552511415525 0.0898021308980213
16 0.2699771689497717 0.3165905631659056 0.007990867579908675 0.091324200913242
0 0.2100456621004566 0.2823439878234399 0.0136986301369863 0.0745814307458143
16 0.2226027397260274 0.18645357686453576 0.0136986301369863 0.2876712328767123
0 0.2408675799086758 0.2678843226788432 0.0182648401826484 0.0882800608828006
3 0.1889269406392694 0.3706240487062405 0.1632420091324201 0.0228310502283105
0 0.8430365296803652 0.3051750380517504 0.021689497716894976 0.0684931506849315
