3 0.5011415525114156 0.7747336377473364 0.997716894977169 0.4505327245053272
10 0.9434931506849316 0.426179604261796 0.11301369863013698 0.091324200913242
14 0.1095890410958904 0.5334855403348554 0.02054794520547945 0.1385083713850837
2 0.9497716894977168 0.05403348554033485 0.0410958904109589 0.1050228310502283
1 0.4823059360730594 0.14687975646879756 0.05136986301369863 0.1659056316590563
2 0.4708904109589041 0.2701674277016743 0.033105022831050226 0.0806697108066971
3 0.908675799086758 0.4984779299847793 0.182648401826484 0.0654490106544901
0 0.2106164383561644 0.34779299847793 0.04908675799086758 0.2846270928462709
6 0.6917808219178082 0.395738203957382 0.0182648401826484 0.0547945205479452
10 0.8687214611872146 0.3881278538812785 0.03424657534246575 0.030441400304414
6 0.24600456621004566 0.4094368340943683 0.033105022831050226 0.0943683409436834
16 0.7768264840182648 0.2511415525114155 0.028538812785388126 0.4961948249619482
7 0.7351598173515982 0.426179604261796 0.04337899543378995 0.0487062404870624
14 0.2962328767123288 0.4916286149162861 0.012557077625570776 0.060882800608828
0 0.2910958904109589 0.2937595129375951 0.0228310502283105 0.1339421613394216
10 0.8350456621004566 0.3858447488584475 0.019406392694063926 0.0228310502283105
10 0.8156392694063926 0.3835616438356164 0.017123287671232876 0.0213089802130898
10 0.7962328767123288 0.3820395738203957 0.023972602739726026 0.0182648401826484
0 0.3515981735159817 0.2823439878234399 0.0228310502283105 0.1232876712328767
16 0.454337899543379 0.4223744292237443 0.0182648401826484 0.2237442922374429
0 0.7231735159817352 0.3637747336377473 0.012557077625570776 0.0700152207001522
0 0.7528538812785388 0.3942161339421613 0.014840182648401826 0.1582952815829528
0 0.598744292237443 0.3569254185692542 0.019406392694063926 0.1567732115677321
0 0.7351598173515982 0.3637747336377473 0.01141552511415525 0.0669710806697108
16 0.3875570776255708 0.22602739726027396 0.019406392694063926 0.2907153729071537
