10 0.3829908675799087 0.3051750380517504 0.5970319634703196 0.2694063926940639
3 0.4474885844748858 0.680365296803653 0.8926940639269406 0.639269406392694
0 0.4840182648401826 0.1111111111111111 0.02511415525114155 0.1339421613394216
6 0.6518264840182648 0.1948249619482496 0.0136986301369863 0.0426179604261796
6 0.6906392694063926 0.19710806697108066 0.01141552511415525 0.0350076103500761
14 0.9434931506849316 0.30441400304414 0.017123287671232876 0.0517503805175038
0 0.15753424657534246 0.12557077625570776 0.02054794520547945 0.1141552511415525
16 0.06621004566210045 0.1430745814307458 0.045662100456621 0.2831050228310502
14 0.9720319634703196 0.3127853881278539 0.014840182648401826 0.0441400304414003
14 0.9891552511415526 0.3097412480974125 0.012557077625570776 0.0441400304414003
0 0.2699771689497717 0.1308980213089802 0.017123287671232876 0.1095890410958904
14 0.930365296803653 0.3074581430745814 0.01598173515981735 0.0426179604261796
5 0.9343607305936074 0.0136986301369863 0.06506849315068493 0.0243531202435312
6 0.7243150684931506 0.19406392694063926 0.010273972602739725 0.0289193302891933
0 0.45662100456621 0.121765601217656 0.02054794520547945 0.1095890410958904
14 0.9531963470319634 0.3105022831050228 0.0136986301369863 0.045662100456621
0 0.09018264840182648 0.13622526636225266 0.01598173515981735 0.0776255707762557
6 0.11643835616438356 0.1628614916286149 0.01141552511415525 0.0395738203957382
6 0.09703196347031963 0.16057838660578386 0.0091324200913242 0.0319634703196347
6 0.10616438356164383 0.1613394216133942 0.01141552511415525 0.0334855403348554
16 0.22488584474885845 0.14992389649923896 0.01141552511415525 0.1019786910197869
0 0.3333333333333333 0.13774733637747336 0.01598173515981735 0.0776255707762557
0 0.3578767123287671 0.121765601217656 0.012557077625570776 0.1004566210045662
6 0.6181506849315068 0.2009132420091324 0.014840182648401826 0.0547945205479452
15 0.04794520547945205 0.2701674277016743 0.0593607305936073 0.0502283105022831
