3 0.5 0.776255707762557 0.997716894977169 0.4444444444444444
2 0.6621004566210046 0.05859969558599695 0.05251141552511415 0.1141552511415525
14 0.9537671232876712 0.4954337899543379 0.026255707762557076 0.1598173515981735
14 0.7756849315068494 0.4863013698630137 0.019406392694063926 0.1415525114155251
6 0.7791095890410958 0.3592085235920852 0.026255707762557076 0.0639269406392694
14 0.444634703196347 0.3866057838660578 0.007990867579908675 0.045662100456621
16 0.6643835616438356 0.317351598173516 0.0319634703196347 0.3911719939117199
11 0.7791095890410958 0.3835616438356164 0.07420091324200913 0.0547945205479452
14 0.0884703196347032 0.3584474885844749 0.007990867579908675 0.0319634703196347
14 0.4360730593607306 0.3622526636225266 0.0091324200913242 0.045662100456621
14 0.4531963470319635 0.3866057838660578 0.00684931506849315 0.045662100456621
14 0.4103881278538813 0.350076103500761 0.010273972602739725 0.0639269406392694
16 0.3436073059360731 0.2998477929984779 0.0091324200913242 0.1308980213089802
5 0.23230593607305935 0.0182648401826484 0.03767123287671233 0.0334855403348554
14 0.22146118721461186 0.3607305936073059 0.00684931506849315 0.0213089802130898
14 0.22602739726027396 0.3607305936073059 0.0045662100456621 0.0213089802130898
14 0.285958904109589 0.3576864535768645 0.005707762557077625 0.0213089802130898
14 0.2910958904109589 0.3584474885844749 0.00684931506849315 0.0228310502283105
14 0.3944063926940639 0.3607305936073059 0.010273972602739725 0.0334855403348554
