10 0.11529680365296803 0.4809741248097412 0.04337899543378995 0.0365296803652968
1 0.1404109589041096 0.3455098934550989 0.0136986301369863 0.0365296803652968
1 0.10844748858447488 0.3439878234398782 0.01598173515981735 0.0365296803652968
6 0.21860730593607305 0.4954337899543379 0.014840182648401826 0.0532724505327245
1 0.4018264840182648 0.4292237442922374 0.01141552511415525 0.0273972602739726
7 0.4942922374429224 0.5144596651445966 0.03881278538812785 0.0334855403348554
16 0.7517123287671232 0.5007610350076104 0.13812785388127855 0.9984779299847792
0 0.3710045662100457 0.4589041095890411 0.0136986301369863 0.0867579908675799
16 0.2134703196347032 0.4193302891933029 0.0091324200913242 0.1354642313546423
16 0.396689497716895 0.469558599695586 0.007990867579908675 0.0563165905631659
3 0.545662100456621 0.6286149162861492 0.2945205479452055 0.1948249619482496
16 0.5639269406392694 0.4406392694063927 0.0091324200913242 0.1263318112633181
16 0.228310502283105 0.3774733637747336 0.01141552511415525 0.228310502283105
0 0.9486301369863014 0.5007610350076104 0.10273972602739725 0.9984779299847792
3 0.10616438356164383 0.515220700152207 0.20776255707762556 0.0258751902587519
0 0.672945205479452 0.4429223744292237 0.010273972602739725 0.121765601217656
16 0.5308219178082192 0.3234398782343988 0.01598173515981735 0.3302891933028919
8 0.0182648401826484 0.4710806697108067 0.03424657534246575 0.0928462709284627
16 0.5873287671232876 0.4627092846270928 0.005707762557077625 0.0943683409436834
6 0.1969178082191781 0.471841704718417 0.010273972602739725 0.0243531202435312
13 0.6523972602739726 0.4946727549467275 0.021689497716894976 0.0243531202435312
0 0.4977168949771689 0.4558599695585997 0.0136986301369863 0.0745814307458143
