3 0.6061643835616438 0.7245053272450532 0.7876712328767124 0.5509893455098934
6 0.797945205479452 0.4878234398782344 0.0547945205479452 0.2085235920852359
6 0.660958904109589 0.4665144596651446 0.0593607305936073 0.1933028919330289
6 0.5079908675799086 0.4452054794520548 0.03881278538812785 0.1537290715372907
6 0.5856164383561644 0.4604261796042618 0.045662100456621 0.1719939117199391
10 0.2026255707762557 0.4048706240487062 0.07191780821917808 0.0426179604261796
10 0.2899543378995434 0.3942161339421613 0.05707762557077625 0.0517503805175038
10 0.3476027397260274 0.3942161339421613 0.03767123287671233 0.030441400304414
1 0.9332191780821918 0.0563165905631659 0.04223744292237443 0.1095890410958904
8 0.06906392694063927 0.378234398782344 0.1358447488584475 0.1445966514459665
16 0.815068493150685 0.2503805175038052 0.02968036529680365 0.3059360730593607
2 0.1780821917808219 0.2701674277016743 0.01598173515981735 0.0410958904109589
0 0.781392694063927 0.3691019786910198 0.021689497716894976 0.1202435312024353
6 0.6329908675799086 0.4254185692541857 0.023972602739726026 0.0928462709284627
10 0.3892694063926941 0.395738203957382 0.0273972602739726 0.0243531202435312
2 0.351027397260274 0.2694063926940639 0.014840182648401826 0.0426179604261796
16 0.7528538812785388 0.2983257229832572 0.019406392694063926 0.2709284627092846
16 0.7151826484018264 0.3926940639269406 0.007990867579908675 0.076103500761035
2 0.4823059360730594 0.3439878234398782 0.010273972602739725 0.0273972602739726
16 0.9126712328767124 0.334855403348554 0.021689497716894976 0.1856925418569254
16 0.8761415525114156 0.3318112633181126 0.021689497716894976 0.2009132420091324
7 0.535958904109589 0.4307458143074581 0.023972602739726026 0.0334855403348554
16 0.476027397260274 0.395738203957382 0.0091324200913242 0.0821917808219178
3 0.2694063926940639 0.4375951293759513 0.3105022831050228 0.0258751902587519
10 0.3276255707762557 0.3881278538812785 0.0182648401826484 0.0213089802130898
10 0.3744292237442922 0.3896499238964992 0.0182648401826484 0.0213089802130898
10 0.45662100456621 0.3980213089802131 0.01598173515981735 0.0228310502283105
16 0.1295662100456621 0.3272450532724505 0.007990867579908675 0.1035007610350076
16 0.4360730593607306 0.3378995433789954 0.01141552511415525 0.1613394216133942
10 0.4400684931506849 0.3904109589041096 0.019406392694063926 0.0197869101978691
7 0.4874429223744292 0.4345509893455099 0.01598173515981735 0.0289193302891933
14 0.740296803652968 0.4178082191780822 0.005707762557077625 0.0258751902587519
6 0.7665525114155252 0.408675799086758 0.014840182648401826 0.0471841704718417
7 0.6318493150684932 0.45662100456621 0.028538812785388126 0.0547945205479452
0 0.4463470319634703 0.3926940639269406 0.01141552511415525 0.0547945205479452
16 0.4081050228310502 0.3409436834094368 0.007990867579908675 0.1339421613394216
13 0.4121004566210046 0.4147640791476408 0.01141552511415525 0.0319634703196347
14 0.6934931506849316 0.4170471841704718 0.005707762557077625 0.0273972602739726
