3 0.6192922374429224 0.769406392694064 0.7614155251141552 0.4611872146118721
10 0.8807077625570776 0.4665144596651446 0.06506849315068493 0.0502283105022831
10 0.9583333333333334 0.469558599695586 0.08333333333333333 0.0654490106544901
11 0.8070776255707762 0.5114155251141552 0.045662100456621 0.0639269406392694
2 0.5045662100456622 0.3721461187214612 0.01598173515981735 0.0441400304414003
6 0.7220319634703196 0.4961948249619482 0.030821917808219176 0.091324200913242
6 0.8059360730593608 0.4931506849315068 0.0319634703196347 0.0791476407914764
7 0.714041095890411 0.5121765601217656 0.04908675799086758 0.0593607305936073
16 0.4885844748858447 0.3470319634703196 0.01598173515981735 0.3470319634703196
3 0.9269406392694064 0.5076103500761036 0.1461187214611872 0.0289193302891933
10 0.7773972602739726 0.4528158295281583 0.03424657534246575 0.0319634703196347
10 0.8544520547945206 0.4459665144596651 0.03767123287671233 0.0273972602739726
16 0.6426940639269406 0.3569254185692542 0.01598173515981735 0.3302891933028919
16 0.714041095890411 0.3576864535768645 0.012557077625570776 0.2252663622526636
0 0.7711187214611872 0.4406392694063927 0.010273972602739725 0.0806697108066971
10 0.8299086757990868 0.4665144596651446 0.02054794520547945 0.0228310502283105
0 0.8230593607305936 0.4467275494672755 0.0091324200913242 0.0624048706240487
16 0.7973744292237442 0.4436834094368341 0.010273972602739725 0.0684931506849315
