11 0.6101598173515982 0.8006088280060882 0.4646118721461187 0.3531202435312024
10 0.896689497716895 0.4893455098934551 0.1632420091324201 0.0837138508371385
13 0.10388127853881278 0.5692541856925418 0.0730593607305936 0.1248097412480974
10 0.7106164383561644 0.4756468797564688 0.06735159817351598 0.0471841704718417
6 0.6021689497716894 0.7473363774733638 0.16552511415525115 0.502283105022831
1 0.3281963470319635 0.2625570776255708 0.04223744292237443 0.0989345509893455
10 0.571917808219178 0.4794520547945205 0.0502283105022831 0.0365296803652968
6 0.04052511415525114 0.5197869101978692 0.06963470319634703 0.1385083713850837
6 0.7568493150684932 0.5098934550989346 0.0410958904109589 0.1308980213089802
10 0.8110730593607306 0.4802130898021309 0.06506849315068493 0.0624048706240487
7 0.1997716894977169 0.5547945205479452 0.10273972602739725 0.0898021308980213
7 0.04052511415525114 0.5943683409436834 0.07876712328767123 0.1324200913242009
10 0.3087899543378995 0.4756468797564688 0.08105022831050228 0.0410958904109589
10 0.66324200913242 0.4741248097412481 0.02968036529680365 0.0258751902587519
6 0.19463470319634704 0.5251141552511416 0.05821917808219178 0.1491628614916286
16 0.3019406392694064 0.4132420091324201 0.023972602739726026 0.4703196347031963
10 0.3858447488584475 0.4764079147640791 0.03881278538812785 0.0243531202435312
11 0.2614155251141553 0.5426179604261796 0.07077625570776255 0.0776255707762557
10 0.4754566210045662 0.4779299847792998 0.028538812785388126 0.0213089802130898
6 0.5211187214611872 0.512937595129376 0.033105022831050226 0.1400304414003044
16 0.9668949771689498 0.4193302891933029 0.0091324200913242 0.1050228310502283
1 0.7265981735159818 0.3774733637747336 0.010273972602739725 0.0273972602739726
6 0.2534246575342466 0.5266362252663622 0.045662100456621 0.106544901065449
6 0.4971461187214612 0.5197869101978692 0.030821917808219176 0.1293759512937595
16 0.610730593607306 0.3127853881278539 0.0182648401826484 0.3789954337899543
10 0.9594748858447488 0.4840182648401826 0.07420091324200913 0.0517503805175038
3 0.5485159817351598 0.8363774733637748 0.9029680365296804 0.3272450532724505
6 0.6301369863013698 0.471841704718417 0.02511415525114155 0.0547945205479452
16 0.010844748858447488 0.2610350076103501 0.019406392694063926 0.4155251141552511
3 0.3727168949771689 0.5509893455098934 0.19292237442922375 0.0639269406392694
6 0.06906392694063927 0.4908675799086758 0.03767123287671233 0.0471841704718417
10 0.5450913242009132 0.4726027397260274 0.026255707762557076 0.0289193302891933
16 0.6940639269406392 0.4208523592085236 0.00684931506849315 0.0684931506849315
5 0.007420091324200913 0.3569254185692542 0.012557077625570776 0.0380517503805175
4 0.7037671232876712 0.632420091324201 0.08105022831050228 0.0928462709284627
10 0.5964611872146118 0.4726027397260274 0.028538812785388126 0.0380517503805175
