3 0.4994292237442922 0.8036529680365296 0.9942922374429224 0.3926940639269406
10 0.6329908675799086 0.4901065449010654 0.04223744292237443 0.0365296803652968
1 0.5519406392694064 0.3828006088280061 0.019406392694063926 0.0532724505327245
1 0.91324200913242 0.3424657534246575 0.01598173515981735 0.045662100456621
5 0.9771689497716894 0.4193302891933029 0.02054794520547945 0.0289193302891933
14 0.4954337899543379 0.5684931506849316 0.01141552511415525 0.0654490106544901
16 0.3247716894977169 0.2998477929984779 0.033105022831050226 0.5966514459665144
16 0.5616438356164384 0.4467275494672755 0.01598173515981735 0.2237442922374429
16 0.4018264840182648 0.3264840182648402 0.0228310502283105 0.4977168949771689
14 0.5622146118721462 0.5509893455098934 0.010273972602739725 0.060882800608828
14 0.5371004566210046 0.5646879756468798 0.010273972602739725 0.0578386605783866
16 0.5582191780821918 0.2800608828006088 0.0182648401826484 0.5509893455098934
3 0.71175799086758 0.5159817351598174 0.2636986301369863 0.0213089802130898
5 0.8926940639269406 0.3432267884322679 0.0182648401826484 0.0258751902587519
14 0.8624429223744292 0.502283105022831 0.005707762557077625 0.0273972602739726
14 0.8498858447488584 0.502283105022831 0.007990867579908675 0.0273972602739726
0 0.5302511415525114 0.4786910197869102 0.017123287671232876 0.1141552511415525
0 0.5034246575342466 0.4741248097412481 0.0136986301369863 0.1019786910197869
9 0.5884703196347032 0.4809741248097412 0.04452054794520548 0.060882800608828
