3 0.533675799086758 0.7161339421613394 0.930365296803653 0.5525114155251142
16 0.1329908675799087 0.4063926940639269 0.017123287671232876 0.1278538812785388
7 0.398972602739726 0.4292237442922374 0.04223744292237443 0.0365296803652968
0 0.4988584474885845 0.3759512937595129 0.0136986301369863 0.1095890410958904
0 0.9583333333333334 0.3531202435312024 0.012557077625570776 0.0700152207001522
2 0.6084474885844748 0.3280060882800609 0.0136986301369863 0.0380517503805175
1 0.4486301369863014 0.3515981735159817 0.01141552511415525 0.0273972602739726
0 0.5348173515981736 0.3698630136986301 0.012557077625570776 0.1035007610350076
0 0.10844748858447488 0.4124809741248097 0.01598173515981735 0.0821917808219178
2 0.8789954337899544 0.3127853881278539 0.0136986301369863 0.0350076103500761
16 0.4571917808219178 0.4018264840182648 0.007990867579908675 0.0700152207001522
0 0.396689497716895 0.3828006088280061 0.014840182648401826 0.1232876712328767
3 0.7688356164383562 0.4155251141552511 0.4463470319634703 0.0395738203957382
16 0.8047945205479452 0.3051750380517504 0.0091324200913242 0.1537290715372907
16 0.5918949771689498 0.3554033485540335 0.010273972602739725 0.0837138508371385
5 0.05251141552511415 0.11491628614916286 0.0273972602739726 0.0563165905631659
6 0.18493150684931506 0.4063926940639269 0.0136986301369863 0.0395738203957382
16 0.3550228310502283 0.08599695585996955 0.02054794520547945 0.1689497716894977
