3 0.3698630136986301 0.6811263318112634 0.7374429223744292 0.634703196347032
10 0.11643835616438356 0.256468797564688 0.16666666666666666 0.1080669710806697
10 0.2226027397260274 0.2511415525114155 0.1004566210045662 0.0730593607305936
10 0.2996575342465753 0.24277016742770166 0.07648401826484018 0.0624048706240487
16 0.9195205479452054 0.1780821917808219 0.04908675799086758 0.3531202435312024
6 0.738013698630137 0.2549467275494673 0.06050228310502283 0.1689497716894977
10 0.3567351598173516 0.23820395738203956 0.05593607305936073 0.0471841704718417
0 0.4246575342465753 0.21080669710806696 0.01598173515981735 0.0806697108066971
0 0.4526255707762557 0.22754946727549466 0.023972602739726026 0.1324200913242009
3 0.216324200913242 0.3432267884322679 0.4280821917808219 0.0593607305936073
10 0.015410958904109588 0.2777777777777778 0.028538812785388126 0.1111111111111111
10 0.3961187214611872 0.228310502283105 0.04337899543378995 0.0395738203957382
10 0.4240867579908676 0.228310502283105 0.030821917808219176 0.0334855403348554
0 0.3333333333333333 0.18949771689497716 0.01141552511415525 0.0654490106544901
0 0.2345890410958904 0.1887366818873668 0.014840182648401826 0.060882800608828
10 0.4514840182648402 0.22298325722983256 0.03995433789954338 0.0319634703196347
0 0.1569634703196347 0.1765601217656012 0.014840182648401826 0.0791476407914764
0 0.283675799086758 0.1933028919330289 0.019406392694063926 0.045662100456621
