3 0.4526255707762557 0.7442922374429224 0.9029680365296804 0.5114155251141552
6 0.05136986301369863 0.7199391171993912 0.1004566210045662 0.5601217656012176
6 0.13070776255707764 0.530441400304414 0.08105022831050228 0.3211567732115677
6 0.6484018264840182 0.4687975646879756 0.04337899543378995 0.1491628614916286
10 0.9680365296803652 0.4520547945205479 0.0639269406392694 0.0669710806697108
10 0.9046803652968036 0.4353120243531202 0.06050228310502283 0.045662100456621
0 0.8304794520547946 0.4041095890410959 0.026255707762557076 0.1293759512937595
0 0.7317351598173516 0.3964992389649924 0.02968036529680365 0.1689497716894977
7 0.2562785388127854 0.439117199391172 0.030821917808219176 0.0624048706240487
16 0.307648401826484 0.3165905631659056 0.017123287671232876 0.3165905631659056
7 0.2910958904109589 0.4429223744292237 0.02968036529680365 0.0639269406392694
0 0.5171232876712328 0.3926940639269406 0.0228310502283105 0.1796042617960426
7 0.2100456621004566 0.439117199391172 0.0319634703196347 0.0593607305936073
11 0.8624429223744292 0.4634703196347032 0.04223744292237443 0.0502283105022831
2 0.791095890410959 0.3378995433789954 0.01598173515981735 0.0395738203957382
6 0.7545662100456622 0.423896499238965 0.01598173515981735 0.0593607305936073
2 0.8504566210045662 0.3150684931506849 0.02054794520547945 0.0426179604261796
16 0.3926940639269406 0.3333333333333333 0.0136986301369863 0.2800608828006088
0 0.13641552511415525 0.3340943683409437 0.028538812785388126 0.1415525114155251
8 0.8493150684931506 0.3980213089802131 0.0867579908675799 0.0563165905631659
11 0.4811643835616438 0.4360730593607306 0.05821917808219178 0.0563165905631659
6 0.8624429223744292 0.4467275494672755 0.028538812785388126 0.0624048706240487
3 0.9018264840182648 0.4748858447488584 0.0867579908675799 0.0273972602739726
6 0.7157534246575342 0.4208523592085236 0.0136986301369863 0.0502283105022831
16 0.7939497716894978 0.4193302891933029 0.012557077625570776 0.1202435312024353
11 0.05593607305936073 0.4322678843226788 0.0228310502283105 0.0547945205479452
6 0.7420091324200914 0.4223744292237443 0.0136986301369863 0.0563165905631659
6 0.4160958904109589 0.4216133942161339 0.033105022831050226 0.0821917808219178
6 0.6986301369863014 0.4216133942161339 0.01598173515981735 0.0487062404870624
7 0.1740867579908676 0.4360730593607306 0.028538812785388126 0.0624048706240487
12 0.8207762557077626 0.4550989345509893 0.01141552511415525 0.030441400304414
0 0.9320776255707762 0.4041095890410959 0.014840182648401826 0.0624048706240487
19 0.8213470319634704 0.454337899543379 0.012557077625570776 0.0319634703196347
16 0.8082191780821918 0.4132420091324201 0.01141552511415525 0.0776255707762557
