3 0.3812785388127854 0.5852359208523592 0.7602739726027398 0.8143074581430746
10 0.050799086757990865 0.1278538812785388 0.09018264840182648 0.0517503805175038
10 0.12100456621004566 0.11339421613394216 0.07990867579908675 0.0471841704718417
14 0.944634703196347 0.4124809741248097 0.04452054794520548 0.2343987823439878
10 0.10159817351598173 0.2671232876712329 0.2009132420091324 0.2176560121765601
10 0.3207762557077626 0.08447488584474885 0.0365296803652968 0.0228310502283105
9 0.19006849315068494 0.09665144596651445 0.05365296803652968 0.0441400304414003
14 0.5702054794520548 0.13622526636225266 0.010273972602739725 0.0684931506849315
14 0.627283105022831 0.13470319634703196 0.012557077625570776 0.0654490106544901
10 0.24315068493150685 0.0898021308980213 0.04794520547945205 0.0273972602739726
10 0.4571917808219178 0.07686453576864535 0.026255707762557076 0.0258751902587519
10 0.2796803652968037 0.0898021308980213 0.0273972602739726 0.0182648401826484
14 0.5068493150684932 0.1385083713850837 0.01141552511415525 0.0700152207001522
14 0.4503424657534247 0.12404870624048706 0.010273972602739725 0.0471841704718417
14 0.4286529680365297 0.1385083713850837 0.010273972602739725 0.0578386605783866
14 0.4178082191780822 0.1293759512937595 0.0091324200913242 0.045662100456621
14 0.6815068493150684 0.12861491628614916 0.01141552511415525 0.0776255707762557
6 0.5473744292237442 0.07990867579908675 0.012557077625570776 0.0410958904109589
16 0.8664383561643836 0.06012176560121765 0.02054794520547945 0.1171993911719939
3 0.6289954337899544 0.14079147640791476 0.2922374429223744 0.0563165905631659
2 0.4081050228310502 0.01141552511415525 0.012557077625570776 0.0197869101978691
16 0.7768264840182648 0.05403348554033485 0.010273972602739725 0.1050228310502283
14 0.6529680365296804 0.09817351598173515 0.00684931506849315 0.0319634703196347
14 0.8561643835616438 0.08447488584474885 0.0091324200913242 0.0441400304414003
0 0.9908675799086758 0.06012176560121765 0.0182648401826484 0.1171993911719939
10 0.009703196347031963 0.1248097412480974 0.017123287671232876 0.0365296803652968
16 0.6421232876712328 0.05251141552511415 0.010273972602739725 0.1019786910197869
3 0.3230593607305936 0.11948249619482496 0.3105022831050228 0.0228310502283105
14 0.8401826484018264 0.0806697108066971 0.0091324200913242 0.0395738203957382
16 0.5102739726027398 0.05098934550989345 0.0091324200913242 0.0867579908675799
14 0.6775114155251142 0.0958904109589041 0.007990867579908675 0.0334855403348554
0 0.9440639269406392 0.04794520547945205 0.02511415525114155 0.0928462709284627
16 0.4360730593607306 0.06164383561643835 0.0091324200913242 0.0654490106544901
0 0.4360730593607306 0.06012176560121765 0.0091324200913242 0.0654490106544901
16 0.519406392694064 0.04033485540334855 0.01141552511415525 0.0776255707762557
10 0.4132420091324201 0.07382039573820395 0.0273972602739726 0.0197869101978691
10 0.9765981735159818 0.0867579908675799 0.03995433789954338 0.0730593607305936
10 0.490296803652968 0.07077625570776255 0.023972602739726026 0.0228310502283105
