10 0.9611872146118722 0.3599695585996956 0.0776255707762557 0.0776255707762557
10 0.07705479452054795 0.3538812785388128 0.1358447488584475 0.1019786910197869
3 0.6872146118721462 0.6940639269406392 0.6232876712328768 0.60882800608828
6 0.8453196347031964 0.621765601217656 0.3093607305936073 0.7503805175038052
10 0.20662100456621005 0.3561643835616438 0.0639269406392694 0.0487062404870624
10 0.146689497716895 0.3546423135464231 0.03995433789954338 0.045662100456621
10 0.24771689497716895 0.3470319634703196 0.0273972602739726 0.0243531202435312
6 0.5981735159817352 0.3569254185692542 0.0182648401826484 0.0532724505327245
2 0.09988584474885845 0.21232876712328766 0.017123287671232876 0.0471841704718417
0 0.6912100456621004 0.317351598173516 0.012557077625570776 0.0684931506849315
2 0.2819634703196347 0.20928462709284626 0.01598173515981735 0.0441400304414003
11 0.3087899543378995 0.3622526636225266 0.012557077625570776 0.0243531202435312
6 0.4583333333333333 0.3531202435312024 0.017123287671232876 0.0669710806697108
6 0.4914383561643836 0.3599695585996956 0.014840182648401826 0.0502283105022831
7 0.5976027397260274 0.3729071537290715 0.05365296803652968 0.0334855403348554
0 0.6301369863013698 0.3013698630136986 0.0136986301369863 0.0730593607305936
11 0.5256849315068494 0.3713850837138508 0.05136986301369863 0.0395738203957382
1 0.442351598173516 0.2876712328767123 0.012557077625570776 0.0273972602739726
16 0.4349315068493151 0.3135464231354642 0.0091324200913242 0.106544901065449
16 0.8476027397260274 0.2115677321156773 0.017123287671232876 0.1491628614916286
6 0.4149543378995434 0.3561643835616438 0.019406392694063926 0.060882800608828
10 0.2779680365296804 0.3455098934550989 0.033105022831050226 0.0365296803652968
16 0.04223744292237443 0.256468797564688 0.01141552511415525 0.0928462709284627
16 0.339041095890411 0.2907153729071537 0.01141552511415525 0.1552511415525114
7 0.4155251141552511 0.3729071537290715 0.05251141552511415 0.030441400304414
0 0.5468036529680366 0.3097412480974125 0.01141552511415525 0.0684931506849315
0 0.5570776255707762 0.3105022831050228 0.0136986301369863 0.0730593607305936
16 0.3527397260273973 0.2815829528158295 0.01141552511415525 0.1765601217656012
7 0.4560502283105023 0.3744292237442922 0.03538812785388128 0.0273972602739726
6 0.526255707762557 0.3561643835616438 0.01598173515981735 0.0517503805175038
16 0.7928082191780822 0.21080669710806696 0.010273972602739725 0.0898021308980213
3 0.2585616438356164 0.380517503805175 0.24771689497716895 0.0213089802130898
6 0.3082191780821918 0.3424657534246575 0.01141552511415525 0.0243531202435312
16 0.6484018264840182 0.3066971080669711 0.0091324200913242 0.0684931506849315
16 0.41837899543379 0.1719939117199391 0.017123287671232876 0.334855403348554
16 0.4452054794520548 0.16971080669710806 0.01141552511415525 0.3363774733637747
0 0.6678082191780822 0.3120243531202435 0.01141552511415525 0.0639269406392694
6 0.5034246575342466 0.350076103500761 0.01141552511415525 0.0395738203957382
6 0.557648401826484 0.3508371385083714 0.014840182648401826 0.0471841704718417
16 0.9874429223744292 0.2884322678843227 0.0136986301369863 0.0715372907153729
16 0.091324200913242 0.243531202435312 0.01141552511415525 0.1278538812785388
18 0.8464611872146118 0.815068493150685 0.3047945205479452 0.3668188736681887
8 0.2973744292237443 0.3302891933028919 0.026255707762557076 0.0273972602739726
6 0.5136986301369864 0.3645357686453577 0.0182648401826484 0.0410958904109589
6 0.3744292237442922 0.3447488584474886 0.0136986301369863 0.0289193302891933
0 0.9155251141552512 0.2990867579908676 0.0182648401826484 0.0958904109589041
