3 0.5005707762557078 0.5380517503805176 0.9988584474885844 0.9056316590563166
10 0.05422374429223744 0.05098934550989345 0.10616438356164383 0.0989345509893455
10 0.7973744292237442 0.0167427701674277 0.09474885844748858 0.030441400304414
14 0.4520547945205479 0.0380517503805175 0.0091324200913242 0.0669710806697108
3 0.5371004566210046 0.0471841704718417 0.2842465753424658 0.0395738203957382
14 0.6307077625570776 0.03881278538812785 0.010273972602739725 0.0684931506849315
14 0.5633561643835616 0.03729071537290715 0.010273972602739725 0.0684931506849315
14 0.3852739726027397 0.0167427701674277 0.007990867579908675 0.030441400304414
14 0.5039954337899544 0.03881278538812785 0.010273972602739725 0.0684931506849315
14 0.7128995433789954 0.0243531202435312 0.010273972602739725 0.045662100456621
11 0.9023972602739726 0.0106544901065449 0.023972602739726026 0.0182648401826484
14 0.728310502283105 0.02359208523592085 0.0091324200913242 0.0441400304414003
14 0.7014840182648402 0.01293759512937595 0.007990867579908675 0.0228310502283105
14 0.4029680365296804 0.0136986301369863 0.00684931506849315 0.0243531202435312
14 0.5319634703196348 0.0136986301369863 0.0045662100456621 0.0243531202435312
16 0.2819634703196347 0.01598173515981735 0.0273972602739726 0.0289193302891933
0 0.18207762557077625 0.0197869101978691 0.026255707762557076 0.0365296803652968
