3 0.4960045662100457 0.6712328767123288 0.9897260273972602 0.654490106544901
8 0.7208904109589042 0.2709284627092846 0.3710045662100457 0.1796042617960426
10 0.8932648401826484 0.3287671232876712 0.1358447488584475 0.0700152207001522
14 0.9309360730593608 0.5114155251141552 0.03767123287671233 0.1765601217656012
10 0.6541095890410958 0.3295281582952816 0.14840182648401826 0.0898021308980213
16 0.716324200913242 0.1004566210045662 0.021689497716894976 0.197869101978691
11 0.21575342465753425 0.3211567732115677 0.0593607305936073 0.045662100456621
11 0.4697488584474886 0.3249619482496195 0.04680365296803653 0.0410958904109589
6 0.3641552511415525 0.3105022831050228 0.02054794520547945 0.060882800608828
8 0.954337899543379 0.2945205479452055 0.091324200913242 0.1232876712328767
16 0.591324200913242 0.0943683409436834 0.01598173515981735 0.1856925418569254
16 0.06506849315068493 0.2191780821917808 0.01598173515981735 0.2009132420091324
14 0.7265981735159818 0.3287671232876712 0.026255707762557076 0.121765601217656
1 0.4143835616438356 0.2191780821917808 0.0136986301369863 0.0334855403348554
14 0.521689497716895 0.3203957382039574 0.0091324200913242 0.0380517503805175
6 0.21689497716894976 0.3082191780821918 0.02511415525114155 0.0745814307458143
6 0.4726027397260274 0.3097412480974125 0.02054794520547945 0.0532724505327245
16 0.41837899543379 0.2853881278538813 0.007990867579908675 0.1019786910197869
18 0.3647260273972603 0.3234398782343988 0.07420091324200913 0.0410958904109589
16 0.2180365296803653 0.1887366818873668 0.01141552511415525 0.167427701674277
16 0.9897260273972602 0.17884322678843226 0.0182648401826484 0.1080669710806697
14 0.7591324200913242 0.3569254185692542 0.01141552511415525 0.0837138508371385
14 0.6997716894977168 0.3538812785388128 0.01141552511415525 0.0624048706240487
16 0.5159817351598174 0.1659056316590563 0.01598173515981735 0.3287671232876712
14 0.7094748858447488 0.3569254185692542 0.012557077625570776 0.0624048706240487
0 0.136986301369863 0.2823439878234399 0.01141552511415525 0.0715372907153729
10 0.9885844748858448 0.3333333333333333 0.0228310502283105 0.0487062404870624
0 0.2705479452054795 0.2694063926940639 0.0136986301369863 0.1278538812785388
14 0.06335616438356165 0.3066971080669711 0.005707762557077625 0.0258751902587519
16 0.53824200913242 0.20471841704718416 0.014840182648401826 0.1750380517503805
9 0.026255707762557076 0.2846270928462709 0.0502283105022831 0.0517503805175038
14 0.0410958904109589 0.30441400304414 0.00684931506849315 0.0273972602739726
