10 0.4429223744292237 0.4604261796042618 0.2648401826484018 0.1293759512937595
3 0.5011415525114156 0.7374429223744292 0.997716894977169 0.5251141552511416
10 0.2711187214611872 0.4292237442922374 0.04680365296803653 0.0426179604261796
11 0.20833333333333334 0.4497716894977169 0.026255707762557076 0.0380517503805175
1 0.3715753424657534 0.3462709284627093 0.017123287671232876 0.0502283105022831
10 0.16210045662100456 0.4337899543378995 0.06621004566210045 0.0487062404870624
10 0.9691780821917808 0.441400304414003 0.06164383561643835 0.106544901065449
16 0.341324200913242 0.3439878234398782 0.01598173515981735 0.2039573820395738
14 0.8116438356164384 0.4710806697108067 0.01598173515981735 0.0806697108066971
6 0.2996575342465753 0.4216133942161339 0.014840182648401826 0.0365296803652968
16 0.589041095890411 0.3569254185692542 0.01141552511415525 0.2115677321156773
6 0.20776255707762556 0.4345509893455099 0.0182648401826484 0.0410958904109589
1 0.5804794520547946 0.3523592085235921 0.012557077625570776 0.0319634703196347
11 0.03139269406392694 0.4459665144596651 0.028538812785388126 0.0334855403348554
11 0.07134703196347032 0.4452054794520548 0.014840182648401826 0.0289193302891933
11 0.055365296803652965 0.4452054794520548 0.014840182648401826 0.0319634703196347
5 0.3407534246575342 0.3683409436834094 0.014840182648401826 0.0273972602739726
16 0.7734018264840182 0.4117199391171994 0.007990867579908675 0.0989345509893455
16 0.15296803652968036 0.3660578386605784 0.01141552511415525 0.0928462709284627
11 0.3007990867579909 0.4398782343987823 0.014840182648401826 0.030441400304414
11 0.1067351598173516 0.439117199391172 0.028538812785388126 0.0258751902587519
6 0.10844748858447488 0.4269406392694064 0.01598173515981735 0.0319634703196347
