3 0.2796803652968037 0.69558599695586 0.5570776255707762 0.60882800608828
6 0.13527397260273974 0.3683409436834094 0.05365296803652968 0.2252663622526636
0 0.656392694063927 0.2929984779299848 0.045662100456621 0.2146118721461187
6 0.5513698630136986 0.3378995433789954 0.03424657534246575 0.1126331811263318
6 0.09417808219178082 0.3691019786910198 0.05365296803652968 0.2176560121765601
6 0.04908675799086758 0.365296803652968 0.0593607305936073 0.213089802130898
6 0.4686073059360731 0.3432267884322679 0.028538812785388126 0.1080669710806697
0 0.4235159817351598 0.2785388127853881 0.02968036529680365 0.1765601217656012
0 0.3670091324200913 0.2762557077625571 0.021689497716894976 0.1476407914764079
11 0.2791095890410959 0.3165905631659056 0.023972602739726026 0.0365296803652968
2 0.05136986301369863 0.13013698630136986 0.02054794520547945 0.0563165905631659
2 0.4874429223744292 0.20167427701674276 0.0228310502283105 0.0502283105022831
2 0.3224885844748858 0.1506849315068493 0.021689497716894976 0.0487062404870624
6 0.2796803652968037 0.3028919330289193 0.0182648401826484 0.0395738203957382
16 0.4954337899543379 0.3036529680365297 0.01141552511415525 0.1567732115677321
6 0.3864155251141553 0.3135464231354642 0.019406392694063926 0.0700152207001522
10 0.3453196347031963 0.3135464231354642 0.03995433789954338 0.045662100456621
16 0.00684931506849315 0.21385083713850836 0.01141552511415525 0.1445966514459665
10 0.0136986301369863 0.3112633181126332 0.02511415525114155 0.0806697108066971
3 0.2585616438356164 0.3668188736681887 0.2865296803652968 0.0578386605783866
14 0.4126712328767123 0.3424657534246575 0.007990867579908675 0.0426179604261796
0 0.4046803652968037 0.2754946727549467 0.012557077625570776 0.091324200913242
10 0.10901826484018265 0.2777777777777778 0.033105022831050226 0.0319634703196347
10 0.3430365296803653 0.2922374429223744 0.028538812785388126 0.0213089802130898
14 0.3892694063926941 0.3363774733637747 0.0091324200913242 0.0395738203957382
0 0.24429223744292236 0.2800608828006088 0.0091324200913242 0.0578386605783866
