3 0.5 0.8051750380517504 0.997716894977169 0.3896499238964992
6 0.5416666666666666 0.5753424657534246 0.03538812785388128 0.1187214611872146
11 0.6894977168949772 0.5974124809741248 0.07990867579908675 0.0684931506849315
6 0.4560502283105023 0.558599695585997 0.023972602739726026 0.076103500761035
6 0.5730593607305936 0.5487062404870624 0.02054794520547945 0.0745814307458143
6 0.6615296803652968 0.5578386605783866 0.019406392694063926 0.0684931506849315
6 0.8898401826484018 0.593607305936073 0.023972602739726026 0.1004566210045662
6 0.6980593607305936 0.5821917808219178 0.028538812785388126 0.0989345509893455
2 0.3864155251141553 0.3028919330289193 0.023972602739726026 0.0730593607305936
11 0.8744292237442922 0.606544901065449 0.07534246575342465 0.0745814307458143
11 0.8202054794520548 0.5996955859969558 0.07420091324200913 0.076103500761035
2 0.4697488584474886 0.4353120243531202 0.017123287671232876 0.0395738203957382
16 0.6592465753424658 0.3013698630136986 0.017123287671232876 0.395738203957382
6 0.7791095890410958 0.571537290715373 0.023972602739726026 0.0867579908675799
2 0.3624429223744292 0.302130898021309 0.023972602739726026 0.0684931506849315
0 0.07819634703196347 0.4634703196347032 0.014840182648401826 0.0806697108066971
10 0.980593607305936 0.639269406392694 0.03881278538812785 0.1156773211567732
11 0.9486301369863014 0.6111111111111112 0.0958904109589041 0.0806697108066971
6 0.8333333333333334 0.5791476407914764 0.02968036529680365 0.0867579908675799
6 0.9200913242009132 0.5319634703196348 0.01598173515981735 0.0380517503805175
6 0.7334474885844748 0.5593607305936074 0.026255707762557076 0.0624048706240487
16 0.4600456621004566 0.3964992389649924 0.01598173515981735 0.2572298325722983
7 0.7671232876712328 0.5974124809741248 0.06164383561643835 0.0532724505327245
6 0.9623287671232876 0.5905631659056316 0.04337899543378995 0.0791476407914764
0 0.04737442922374429 0.4550989345509893 0.012557077625570776 0.0700152207001522
16 0.757420091324201 0.4969558599695586 0.010273972602739725 0.1324200913242009
6 0.9240867579908676 0.5578386605783866 0.021689497716894976 0.0471841704718417
