3 0.4920091324200913 0.773972602739726 0.9817351598173516 0.4520547945205479
6 0.2853881278538813 0.5905631659056316 0.13926940639269406 0.334855403348554
6 0.4794520547945205 0.4923896499238965 0.05251141552511415 0.1841704718417047
1 0.3784246575342466 0.22298325722983256 0.03995433789954338 0.1385083713850837
11 0.2973744292237443 0.715372907153729 0.1678082191780822 0.2983257229832572
10 0.8378995433789954 0.4200913242009132 0.0547945205479452 0.0578386605783866
16 0.16552511415525115 0.2701674277016743 0.06164383561643835 0.5372907153729072
15 0.6421232876712328 0.4885844748858447 0.026255707762557076 0.0365296803652968
6 0.5821917808219178 0.4908675799086758 0.04337899543378995 0.1445966514459665
6 0.3424657534246575 0.5045662100456622 0.045662100456621 0.1811263318112633
2 0.8230593607305936 0.2777777777777778 0.02968036529680365 0.0867579908675799
12 0.7009132420091324 0.4794520547945205 0.0182648401826484 0.0426179604261796
3 0.9126712328767124 0.515220700152207 0.17465753424657535 0.0624048706240487
2 0.3841324200913242 0.3287671232876712 0.023972602739726026 0.0639269406392694
6 0.6769406392694064 0.423896499238965 0.0182648401826484 0.0532724505327245
6 0.7151826484018264 0.4277016742770167 0.014840182648401826 0.0517503805175038
12 0.7351598173515982 0.4726027397260274 0.0182648401826484 0.0410958904109589
16 0.8184931506849316 0.4101978691019787 0.0136986301369863 0.1567732115677321
16 0.3670091324200913 0.4124809741248097 0.017123287671232876 0.2557077625570776
16 0.7825342465753424 0.3211567732115677 0.017123287671232876 0.2952815829528158
16 0.740296803652968 0.3721461187214612 0.012557077625570776 0.1232876712328767
6 0.3202054794520548 0.4497716894977169 0.019406392694063926 0.0624048706240487
16 0.8002283105022832 0.4117199391171994 0.01141552511415525 0.1232876712328767
12 0.4480593607305936 0.4931506849315068 0.023972602739726026 0.0517503805175038
12 0.04680365296803653 0.502283105022831 0.0228310502283105 0.0547945205479452
12 0.747716894977169 0.4611872146118721 0.0136986301369863 0.030441400304414
6 0.4800228310502283 0.4649923896499239 0.05821917808219178 0.0806697108066971
15 0.5565068493150684 0.4931506849315068 0.021689497716894976 0.0426179604261796
