3 0.5005707762557078 0.7983257229832572 0.9965753424657534 0.4033485540334855
10 0.07705479452054795 0.6187214611872146 0.15182648401826485 0.2450532724505327
1 0.6015981735159818 0.4056316590563166 0.0228310502283105 0.0532724505327245
1 0.05194063926940639 0.3105022831050228 0.021689497716894976 0.0578386605783866
16 0.6192922374429224 0.4063926940639269 0.019406392694063926 0.3622526636225266
14 0.5051369863013698 0.571537290715373 0.010273972602739725 0.0624048706240487
14 0.4497716894977169 0.563165905631659 0.0091324200913242 0.0547945205479452
1 0.008561643835616438 0.3097412480974125 0.014840182648401826 0.0563165905631659
6 0.04052511415525114 0.4916286149162861 0.021689497716894976 0.0487062404870624
16 0.4994292237442922 0.3432267884322679 0.012557077625570776 0.2663622526636225
16 0.985730593607306 0.5273972602739726 0.017123287671232876 0.1902587519025875
16 0.23230593607305935 0.2785388127853881 0.023972602739726026 0.5509893455098934
16 0.1329908675799087 0.4246575342465753 0.012557077625570776 0.1917808219178082
14 0.1158675799086758 0.5144596651445966 0.007990867579908675 0.0365296803652968
7 0.3339041095890411 0.5464231354642314 0.07191780821917808 0.045662100456621
0 0.6752283105022832 0.3919330289193303 0.017123287671232876 0.2115677321156773
0 0.6535388127853882 0.3812785388127854 0.021689497716894976 0.2359208523592085
0 0.6335616438356164 0.3683409436834094 0.02054794520547945 0.2252663622526636
16 0.1649543378995434 0.3759512937595129 0.010273972602739725 0.2404870624048706
