3 0.4012557077625571 0.669710806697108 0.8002283105022832 0.6301369863013698
10 0.968607305936073 0.2929984779299848 0.06278538812785388 0.0654490106544901
13 0.10844748858447488 0.3721461187214612 0.02968036529680365 0.0380517503805175
10 0.8955479452054794 0.2853881278538813 0.023972602739726026 0.0197869101978691
1 0.5405251141552512 0.2480974124809741 0.014840182648401826 0.045662100456621
0 0.3858447488584475 0.3028919330289193 0.02054794520547945 0.076103500761035
3 0.9383561643835616 0.3371385083713851 0.1232876712328767 0.0350076103500761
16 0.535958904109589 0.2960426179604262 0.012557077625570776 0.1567732115677321
16 0.8424657534246576 0.2785388127853881 0.0091324200913242 0.121765601217656
7 0.5582191780821918 0.3432267884322679 0.0365296803652968 0.0471841704718417
0 0.58675799086758 0.2808219178082192 0.0136986301369863 0.0898021308980213
16 0.2585616438356164 0.24277016742770166 0.017123287671232876 0.1445966514459665
0 0.182648401826484 0.3158295281582953 0.0228310502283105 0.1019786910197869
10 0.8670091324200914 0.2838660578386606 0.021689497716894976 0.0197869101978691
10 0.8789954337899544 0.2853881278538813 0.01598173515981735 0.0197869101978691
0 0.853310502283105 0.273972602739726 0.012557077625570776 0.0852359208523592
16 0.70662100456621 0.18797564687975646 0.01598173515981735 0.2602739726027397
0 0.2945205479452055 0.2907153729071537 0.02054794520547945 0.0791476407914764
0 0.4668949771689498 0.2709284627092846 0.0136986301369863 0.1278538812785388
0 0.4560502283105023 0.2777777777777778 0.012557077625570776 0.1202435312024353
