3 0.410958904109589 0.7777777777777778 0.819634703196347 0.4444444444444444
6 0.11757990867579908 0.528158295281583 0.0502283105022831 0.1856925418569254
10 0.04794520547945205 0.454337899543379 0.09360730593607305 0.0684931506849315
11 0.5884703196347032 0.5403348554033486 0.11757990867579908 0.0821917808219178
2 0.5896118721461188 0.3881278538812785 0.019406392694063926 0.0487062404870624
10 0.21118721461187215 0.4505327245053272 0.0684931506849315 0.0426179604261796
16 0.8105022831050228 0.3987823439878234 0.02054794520547945 0.2465753424657534
6 0.9811643835616438 0.4961948249619482 0.019406392694063926 0.060882800608828
6 0.591324200913242 0.5159817351598174 0.045662100456621 0.0974124809741248
0 0.7168949771689498 0.4642313546423135 0.02054794520547945 0.106544901065449
0 0.4554794520547945 0.4467275494672755 0.02511415525114155 0.1598173515981735
11 0.06792237442922375 0.502283105022831 0.030821917808219176 0.0517503805175038
6 0.06906392694063927 0.4786910197869102 0.028538812785388126 0.0806697108066971
16 0.8595890410958904 0.4642313546423135 0.01141552511415525 0.1339421613394216
16 0.6815068493150684 0.4512937595129376 0.01141552511415525 0.1719939117199391
16 0.579337899543379 0.4208523592085236 0.010273972602739725 0.1567732115677321
2 0.0091324200913242 0.17123287671232876 0.01598173515981735 0.0806697108066971
6 0.2671232876712329 0.4558599695585997 0.01598173515981735 0.0441400304414003
16 0.19920091324200914 0.3691019786910198 0.017123287671232876 0.3120243531202435
16 0.13356164383561644 0.4140030441400304 0.0091324200913242 0.076103500761035
11 0.2659817351598174 0.4687975646879756 0.02054794520547945 0.030441400304414
0 0.6124429223744292 0.4216133942161339 0.014840182648401826 0.0791476407914764
6 0.9651826484018264 0.5030441400304414 0.017123287671232876 0.0471841704718417
6 0.24885844748858446 0.4482496194824962 0.01141552511415525 0.0289193302891933
3 0.05136986301369863 0.528158295281583 0.1004566210045662 0.0426179604261796
10 0.5371004566210046 0.4779299847792998 0.09474885844748858 0.0365296803652968
16 0.2945205479452055 0.4200913242009132 0.00684931506849315 0.0852359208523592
10 0.24942922374429224 0.4512937595129376 0.014840182648401826 0.0289193302891933
5 0.1329908675799087 0.3066971080669711 0.028538812785388126 0.0410958904109589
5 0.13356164383561644 0.3515981735159817 0.0319634703196347 0.0426179604261796
16 0.1067351598173516 0.3675799086757991 0.010273972602739725 0.1933028919330289
