3 0.4280821917808219 0.710806697108067 0.8538812785388128 0.578386605783866
2 0.16837899543378995 0.1385083713850837 0.021689497716894976 0.0639269406392694
2 0.18835616438356165 0.13774733637747336 0.02054794520547945 0.0624048706240487
16 0.5439497716894978 0.3569254185692542 0.021689497716894976 0.1354642313546423
7 0.5753424657534246 0.3926940639269406 0.05251141552511415 0.045662100456621
0 0.9714611872146118 0.3287671232876712 0.04337899543378995 0.2678843226788432
1 0.545662100456621 0.2671232876712329 0.0182648401826484 0.0441400304414003
0 0.6438356164383562 0.3409436834094368 0.0228310502283105 0.1643835616438356
0 0.4360730593607306 0.3310502283105023 0.01598173515981735 0.1445966514459665
0 0.4126712328767123 0.3333333333333333 0.019406392694063926 0.1095890410958904
0 0.5256849315068494 0.3462709284627093 0.017123287671232876 0.0958904109589041
16 0.261986301369863 0.2694063926940639 0.012557077625570776 0.2161339421613394
3 0.1934931506849315 0.393455098934551 0.384703196347032 0.0532724505327245
16 0.2779680365296804 0.2009132420091324 0.017123287671232876 0.3409436834094368
0 0.7842465753424658 0.3515981735159817 0.0273972602739726 0.1339421613394216
10 0.3344748858447489 0.3447488584474886 0.0319634703196347 0.0167427701674277
