3 0.488013698630137 0.7252663622526636 0.9714611872146118 0.5464231354642314
10 0.9001141552511416 0.4193302891933029 0.1997716894977169 0.1476407914764079
6 0.3287671232876712 0.4101978691019787 0.0365296803652968 0.1202435312024353
1 0.07191780821917808 0.167427701674277 0.03881278538812785 0.1187214611872146
11 0.3236301369863014 0.426179604261796 0.10388127853881278 0.0821917808219178
10 0.6877853881278538 0.3744292237442922 0.030821917808219176 0.0273972602739726
6 0.4383561643835616 0.4071537290715373 0.02968036529680365 0.1050228310502283
0 0.5034246575342466 0.3356164383561644 0.0319634703196347 0.2054794520547945
10 0.7323059360730594 0.3789954337899543 0.04680365296803653 0.0365296803652968
6 0.6164383561643836 0.4003044140030441 0.0228310502283105 0.0821917808219178
6 0.646689497716895 0.393455098934551 0.026255707762557076 0.0958904109589041
5 0.3527397260273973 0.23211567732115676 0.0228310502283105 0.0532724505327245
1 0.5924657534246576 0.2777777777777778 0.02054794520547945 0.0441400304414003
16 0.06506849315068493 0.334855403348554 0.0182648401826484 0.2191780821917808
16 0.6044520547945206 0.2785388127853881 0.017123287671232876 0.3013698630136986
10 0.8002283105022832 0.3911719939117199 0.0319634703196347 0.0547945205479452
14 0.5821917808219178 0.4170471841704718 0.0091324200913242 0.0487062404870624
3 0.7220319634703196 0.4353120243531202 0.18378995433789955 0.0365296803652968
14 0.5622146118721462 0.4124809741248097 0.007990867579908675 0.0426179604261796
0 0.5759132420091324 0.3417047184170472 0.012557077625570776 0.0806697108066971
6 0.5348173515981736 0.3668188736681887 0.010273972602739725 0.0334855403348554
6 0.2785388127853881 0.3668188736681887 0.0228310502283105 0.0730593607305936
16 0.3276255707762557 0.1963470319634703 0.0228310502283105 0.3896499238964992
11 0.6569634703196348 0.4094368340943683 0.019406392694063926 0.0487062404870624
6 0.5251141552511416 0.3668188736681887 0.01141552511415525 0.0334855403348554
6 0.8538812785388128 0.3767123287671233 0.0182648401826484 0.0258751902587519
0 0.589041095890411 0.3272450532724505 0.01141552511415525 0.0547945205479452
16 0.8550228310502284 0.2998477929984779 0.0091324200913242 0.0943683409436834
6 0.8424657534246576 0.3736681887366819 0.0136986301369863 0.0197869101978691
10 0.6301369863013698 0.3713850837138508 0.02054794520547945 0.0243531202435312
14 0.5998858447488584 0.4155251141552511 0.007990867579908675 0.0487062404870624
