3 0.5 0.784627092846271 0.997716894977169 0.4307458143074581
10 0.9149543378995434 0.5 0.1678082191780822 0.0898021308980213
10 0.8230593607305936 0.5076103500761036 0.13470319634703196 0.0806697108066971
10 0.7208904109589042 0.5060882800608828 0.10844748858447488 0.0776255707762557
10 0.6141552511415526 0.5030441400304414 0.11187214611872145 0.0715372907153729
10 0.4195205479452055 0.5038051750380518 0.09018264840182648 0.0700152207001522
6 0.2009132420091324 0.5121765601217656 0.0410958904109589 0.1050228310502283
10 0.14897260273972604 0.5038051750380518 0.13356164383561644 0.0852359208523592
10 0.039383561643835614 0.6621004566210046 0.07648401826484018 0.2374429223744292
6 0.1432648401826484 0.5136986301369864 0.03767123287671233 0.1050228310502283
16 0.466324200913242 0.3888888888888889 0.019406392694063926 0.3698630136986301
2 0.4828767123287671 0.4048706240487062 0.02054794520547945 0.0487062404870624
10 0.511986301369863 0.502283105022831 0.10616438356164383 0.0669710806697108
16 0.2979452054794521 0.256468797564688 0.02511415525114155 0.5068493150684932
10 0.9771689497716894 0.4946727549467275 0.045662100456621 0.0700152207001522
6 0.2608447488584475 0.4863013698630137 0.017123287671232876 0.0532724505327245
11 0.07705479452054795 0.5159817351598174 0.033105022831050226 0.0517503805175038
6 0.0867579908675799 0.487062404870624 0.0273972602739726 0.0395738203957382
