3 0.5005707762557078 0.6666666666666666 0.9988584474885844 0.6666666666666666
16 0.2950913242009132 0.1689497716894977 0.030821917808219176 0.334855403348554
7 0.3698630136986301 0.3059360730593607 0.07534246575342465 0.0730593607305936
16 0.0884703196347032 0.2853881278538813 0.019406392694063926 0.1202435312024353
0 0.5924657534246576 0.1856925418569254 0.0182648401826484 0.182648401826484
2 0.5285388127853882 0.13926940639269406 0.0228310502283105 0.0532724505327245
7 0.3150684931506849 0.302130898021309 0.0593607305936073 0.0684931506849315
16 0.7722602739726028 0.15753424657534246 0.017123287671232876 0.2602739726027397
0 0.22317351598173515 0.2709284627092846 0.033105022831050226 0.136986301369863
2 0.8493150684931506 0.02511415525114155 0.02054794520547945 0.0471841704718417
5 0.07534246575342465 0.14687975646879756 0.02968036529680365 0.0532724505327245
2 0.8687214611872146 0.0243531202435312 0.02054794520547945 0.045662100456621
16 0.5422374429223744 0.2100456621004566 0.0136986301369863 0.2252663622526636
10 0.04908675799086758 0.2534246575342466 0.0958904109589041 0.0350076103500761
7 0.2437214611872146 0.3074581430745814 0.07420091324200913 0.0700152207001522
16 0.7460045662100456 0.2070015220700152 0.012557077625570776 0.15220700152207
0 0.5662100456621004 0.18797564687975646 0.01598173515981735 0.1628614916286149
3 0.8921232876712328 0.286910197869102 0.21575342465753425 0.0380517503805175
0 0.7168949771689498 0.23059360730593606 0.0136986301369863 0.0898021308980213
10 0.9600456621004566 0.2298325722983257 0.05707762557077625 0.045662100456621
5 0.9908675799086758 0.15144596651445966 0.0182648401826484 0.0289193302891933
0 0.6398401826484018 0.18493150684931506 0.014840182648401826 0.1232876712328767
10 0.9868721461187214 0.2420091324200913 0.026255707762557076 0.0395738203957382
16 0.694634703196347 0.22754946727549466 0.010273972602739725 0.0898021308980213
0 0.5525114155251142 0.182648401826484 0.01141552511415525 0.1461187214611872
0 0.817351598173516 0.2237442922374429 0.01141552511415525 0.0669710806697108
10 0.19121004566210045 0.2519025875190259 0.10616438356164383 0.0319634703196347
5 0.0839041095890411 0.20015220700152206 0.03538812785388128 0.0502283105022831
0 0.6723744292237442 0.21993911719939116 0.0091324200913242 0.0776255707762557
5 0.9885844748858448 0.182648401826484 0.0228310502283105 0.0273972602739726
10 0.9771689497716894 0.23363774733637746 0.045662100456621 0.0441400304414003
