3 0.5011415525114156 0.8165905631659056 0.997716894977169 0.3668188736681887
2 0.3584474885844749 0.1035007610350076 0.0502283105022831 0.1461187214611872
7 0.9394977168949772 0.525875190258752 0.08447488584474885 0.1628614916286149
16 0.0839041095890411 0.2770167427701674 0.03538812785388128 0.5509893455098934
16 0.3179223744292237 0.3006088280060883 0.033105022831050226 0.5951293759512938
16 0.8464611872146118 0.3820395738203957 0.017123287671232876 0.182648401826484
16 0.884703196347032 0.3462709284627093 0.0228310502283105 0.2328767123287671
5 0.83162100456621 0.3371385083713851 0.017123287671232876 0.0319634703196347
0 0.96175799086758 0.3668188736681887 0.021689497716894976 0.0943683409436834
2 0.8955479452054794 0.334855403348554 0.014840182648401826 0.0365296803652968
16 0.3441780821917808 0.302130898021309 0.017123287671232876 0.2602739726027397
5 0.8276255707762558 0.3706240487062405 0.01598173515981735 0.0319634703196347
3 0.9320776255707762 0.4802130898021309 0.1358447488584475 0.0380517503805175
