3 0.6426940639269406 0.7039573820395738 0.7146118721461188 0.5920852359208524
6 0.5353881278538812 0.3774733637747336 0.03881278538812785 0.1552511415525114
10 0.7768264840182648 0.3789954337899543 0.1723744292237443 0.076103500761035
10 0.9412100456621004 0.3767123287671233 0.11757990867579908 0.0867579908675799
10 0.11757990867579908 0.3698630136986301 0.08904109589041095 0.0578386605783866
10 0.66837899543379 0.3789954337899543 0.12214611872146118 0.0639269406392694
6 0.5804794520547946 0.3789954337899543 0.05136986301369863 0.1552511415525114
6 0.4937214611872146 0.3713850837138508 0.04680365296803653 0.1796042617960426
6 0.4035388127853881 0.3668188736681887 0.019406392694063926 0.0730593607305936
10 0.8904109589041096 0.3736681887366819 0.07077625570776255 0.0593607305936073
6 0.420662100456621 0.3668188736681887 0.019406392694063926 0.076103500761035
6 0.466324200913242 0.3706240487062405 0.021689497716894976 0.0745814307458143
1 0.2089041095890411 0.1933028919330289 0.02054794520547945 0.0578386605783866
6 0.3538812785388128 0.365296803652968 0.01598173515981735 0.0669710806697108
10 0.02226027397260274 0.365296803652968 0.04223744292237443 0.0487062404870624
10 0.15924657534246575 0.3614916286149163 0.033105022831050226 0.0350076103500761
11 0.305365296803653 0.3835616438356164 0.06050228310502283 0.0395738203957382
2 0.22659817351598174 0.1933028919330289 0.019406392694063926 0.0547945205479452
6 0.3675799086757991 0.365296803652968 0.01598173515981735 0.0639269406392694
10 0.2197488584474886 0.3645357686453577 0.04223744292237443 0.0380517503805175
16 0.2831050228310502 0.2770167427701674 0.01598173515981735 0.182648401826484
16 0.5901826484018264 0.23363774733637746 0.0136986301369863 0.2054794520547945
6 0.9743150684931506 0.545662100456621 0.05136986301369863 0.3729071537290715
6 0.3087899543378995 0.3706240487062405 0.017123287671232876 0.0715372907153729
16 0.4486301369863014 0.2009132420091324 0.0182648401826484 0.395738203957382
16 0.6889269406392694 0.3242009132420091 0.007990867579908675 0.045662100456621
16 0.8441780821917808 0.3112633181126332 0.012557077625570776 0.0898021308980213
11 0.2522831050228311 0.3828006088280061 0.0228310502283105 0.0350076103500761
0 0.8618721461187214 0.3203957382039574 0.01598173515981735 0.0776255707762557
10 0.1860730593607306 0.3554033485540335 0.02511415525114155 0.0258751902587519
6 0.2522831050228311 0.3599695585996956 0.0182648401826484 0.0350076103500761
8 0.19920091324200914 0.3340943683409437 0.05365296803652968 0.0380517503805175
16 0.2671232876712329 0.2732115677321157 0.01598173515981735 0.2207001522070015
6 0.339041095890411 0.3645357686453577 0.0136986301369863 0.0563165905631659
16 0.2682648401826484 0.3508371385083714 0.0091324200913242 0.0776255707762557
2 0.3093607305936073 0.2968036529680365 0.01141552511415525 0.076103500761035
6 0.4337899543378995 0.3622526636225266 0.0136986301369863 0.0669710806697108
10 0.010273972602739725 0.3843226788432268 0.0182648401826484 0.0593607305936073
6 0.6198630136986302 0.3576864535768645 0.0136986301369863 0.030441400304414
6 0.6073059360730594 0.3576864535768645 0.01598173515981735 0.030441400304414
6 0.5188356164383562 0.363013698630137 0.017123287671232876 0.0928462709284627
15 0.3818493150684932 0.3858447488584475 0.012557077625570776 0.0197869101978691
