3 0.5 0.7031963470319634 0.997716894977169 0.593607305936073
10 0.1512557077625571 0.4429223744292237 0.3002283105022831 0.2800608828006088
7 0.3670091324200913 0.3881278538812785 0.07191780821917808 0.060882800608828
16 0.6472602739726028 0.2404870624048706 0.02054794520547945 0.2770167427701674
0 0.565068493150685 0.3013698630136986 0.0273972602739726 0.1765601217656012
10 0.9297945205479452 0.2937595129375951 0.05821917808219178 0.0334855403348554
0 0.2802511415525114 0.2625570776255708 0.021689497716894976 0.1872146118721461
3 0.9143835616438356 0.3447488584474886 0.1689497716894977 0.0471841704718417
1 0.6426940639269406 0.21080669710806696 0.0182648401826484 0.0441400304414003
0 0.7277397260273972 0.2899543378995434 0.019406392694063926 0.1567732115677321
14 0.4982876712328767 0.3850837138508371 0.010273972602739725 0.0578386605783866
14 0.553082191780822 0.3721461187214612 0.010273972602739725 0.0563165905631659
14 0.4218036529680365 0.3881278538812785 0.010273972602739725 0.0547945205479452
14 0.7950913242009132 0.3424657534246575 0.007990867579908675 0.0426179604261796
0 0.018835616438356163 0.271689497716895 0.030821917808219176 0.1141552511415525
14 0.8070776255707762 0.3371385083713851 0.00684931506849315 0.0380517503805175
0 0.8002283105022832 0.273972602739726 0.01598173515981735 0.1126331811263318
10 0.7751141552511416 0.2937595129375951 0.0365296803652968 0.0273972602739726
10 0.8430365296803652 0.289193302891933 0.03995433789954338 0.0334855403348554
0 0.8453196347031964 0.2754946727549467 0.012557077625570776 0.0791476407914764
16 0.8304794520547946 0.24429223744292236 0.012557077625570776 0.1385083713850837
14 0.7791095890410958 0.3409436834094368 0.007990867579908675 0.045662100456621
10 0.807648401826484 0.2922374429223744 0.026255707762557076 0.0243531202435312
0 0.7174657534246576 0.2907153729071537 0.014840182648401826 0.1461187214611872
10 0.7511415525114156 0.2945205479452055 0.02511415525114155 0.0228310502283105
