3 0.4897260273972603 0.7092846270928462 0.9771689497716894 0.5814307458143074
6 0.4891552511415525 0.3987823439878234 0.04452054794520548 0.1643835616438356
0 0.2054794520547945 0.3234398782343988 0.02054794520547945 0.1537290715372907
0 0.6615296803652968 0.3394216133942161 0.019406392694063926 0.1156773211567732
2 0.5062785388127854 0.256468797564688 0.017123287671232876 0.0380517503805175
16 0.4680365296803653 0.2039573820395738 0.0182648401826484 0.4048706240487062
16 0.2728310502283105 0.2541856925418569 0.0182648401826484 0.3105022831050228
0 0.5547945205479452 0.3120243531202435 0.01598173515981735 0.1095890410958904
0 0.7905251141552512 0.3409436834094368 0.017123287671232876 0.0882800608828006
0 0.7071917808219178 0.3226788432267884 0.012557077625570776 0.0882800608828006
0 0.8162100456621004 0.3318112633181126 0.0136986301369863 0.0943683409436834
16 0.8036529680365296 0.3363774733637747 0.01141552511415525 0.0974124809741248
16 0.4965753424657534 0.2792998477929985 0.01141552511415525 0.1111111111111111
10 0.019406392694063926 0.3767123287671233 0.0365296803652968 0.1232876712328767
3 0.9126712328767124 0.3949771689497717 0.17465753424657535 0.0319634703196347
0 0.7345890410958904 0.3378995433789954 0.012557077625570776 0.0639269406392694
0 0.7705479452054794 0.3394216133942161 0.01141552511415525 0.076103500761035
