3 0.5136986301369864 0.8143074581430746 0.9726027397260274 0.3713850837138508
10 0.7962328767123288 0.5076103500761036 0.06735159817351598 0.0563165905631659
10 0.1284246575342466 0.525875190258752 0.1678082191780822 0.1232876712328767
7 0.4343607305936073 0.5859969558599696 0.12214611872146118 0.106544901065449
10 0.5148401826484018 0.5182648401826484 0.1050228310502283 0.0806697108066971
10 0.3727168949771689 0.5220700152207002 0.1358447488584475 0.0943683409436834
10 0.6192922374429224 0.5167427701674278 0.09474885844748858 0.0684931506849315
6 0.684931506849315 0.5136986301369864 0.02054794520547945 0.0806697108066971
10 0.5662100456621004 0.512937595129376 0.06164383561643835 0.0669710806697108
7 0.7374429223744292 0.5525114155251142 0.05251141552511415 0.060882800608828
0 0.8761415525114156 0.4878234398782344 0.012557077625570776 0.0837138508371385
10 0.4315068493150685 0.5114155251141552 0.091324200913242 0.076103500761035
2 0.807648401826484 0.3143074581430746 0.021689497716894976 0.0593607305936073
1 0.4765981735159817 0.3645357686453577 0.03538812785388128 0.0806697108066971
0 0.985730593607306 0.4992389649923896 0.017123287671232876 0.091324200913242
11 0.9355022831050228 0.5312024353120244 0.033105022831050226 0.0334855403348554
18 0.2191780821917808 0.6156773211567732 0.2648401826484018 0.1993911719939117
16 0.10730593607305935 0.3082191780821918 0.03424657534246575 0.6133942161339422
6 0.2893835616438356 0.4939117199391172 0.033105022831050226 0.0563165905631659
6 0.934931506849315 0.5182648401826484 0.0182648401826484 0.0441400304414003
16 0.7157534246575342 0.4299847792998478 0.0136986301369863 0.2115677321156773
3 0.8835616438356164 0.5692541856925418 0.2328767123287671 0.0426179604261796
7 0.708904109589041 0.5532724505327246 0.03881278538812785 0.0532724505327245
16 0.6832191780821918 0.4033485540334855 0.014840182648401826 0.1643835616438356
16 0.4800228310502283 0.3987823439878234 0.021689497716894976 0.4505327245053272
6 0.2517123287671233 0.5045662100456622 0.03995433789954338 0.0684931506849315
16 0.7505707762557078 0.2709284627092846 0.019406392694063926 0.517503805175038
10 0.2328767123287671 0.5190258751902588 0.08447488584474885 0.0943683409436834
0 0.6569634703196348 0.4802130898021309 0.012557077625570776 0.0624048706240487
11 0.6666666666666666 0.515220700152207 0.01598173515981735 0.0350076103500761
