14 0.5091324200913242 0.5098934550989346 0.0228310502283105 0.1735159817351598
14 0.728310502283105 0.5319634703196348 0.0273972602739726 0.1902587519025875
14 0.319634703196347 0.4961948249619482 0.02511415525114155 0.1613394216133942
14 0.1495433789954338 0.484779299847793 0.02511415525114155 0.1537290715372907
3 0.5302511415525114 0.4444444444444444 0.565068493150685 0.15220700152207
2 0.6404109589041096 0.2526636225266362 0.01141552511415525 0.030441400304414
16 0.9046803652968036 0.256468797564688 0.017123287671232876 0.1567732115677321
16 0.025684931506849314 0.23820395738203956 0.04452054794520548 0.4733637747336377
10 0.5622146118721462 0.3272450532724505 0.04452054794520548 0.015220700152207
14 0.6581050228310502 0.3569254185692542 0.007990867579908675 0.0350076103500761
16 0.6409817351598174 0.3188736681887367 0.010273972602739725 0.1019786910197869
3 0.4971461187214612 0.8706240487062404 0.9920091324200914 0.258751902587519
10 0.7768264840182648 0.3257229832572298 0.012557077625570776 0.0182648401826484
10 0.4726027397260274 0.319634703196347 0.045662100456621 0.0182648401826484
14 0.7083333333333334 0.3561643835616438 0.005707762557077625 0.0334855403348554
6 0.9343607305936074 0.5753424657534246 0.1312785388127854 0.5296803652968036
0 0.9634703196347032 0.2990867579908676 0.0136986301369863 0.0898021308980213
0 0.928082191780822 0.2929984779299848 0.01598173515981735 0.0898021308980213
10 0.8898401826484018 0.6917808219178082 0.22031963470319635 0.573820395738204
8 0.6015981735159818 0.3097412480974125 0.04337899543378995 0.0319634703196347
16 0.5325342465753424 0.1841704718417047 0.014840182648401826 0.3622526636225266
11 0.8995433789954338 0.665144596651446 0.2009132420091324 0.6210045662100456
16 0.4041095890410959 0.2085235920852359 0.01141552511415525 0.2861491628614916
10 0.9429223744292238 0.3257229832572298 0.045662100456621 0.030441400304414
4 0.3704337899543379 0.6210045662100456 0.2842465753424658 0.2222222222222222
10 0.7226027397260274 0.3455098934550989 0.06164383561643835 0.0395738203957382
8 0.6723744292237442 0.3150684931506849 0.0365296803652968 0.0395738203957382
10 0.848744292237443 0.3485540334855403 0.04452054794520548 0.045662100456621
12 0.7579908675799086 0.3614916286149163 0.0091324200913242 0.0197869101978691
