10 0.954337899543379 0.4863013698630137 0.091324200913242 0.1659056316590563
6 0.0702054794520548 0.5015220700152208 0.03995433789954338 0.1354642313546423
3 0.3464611872146119 0.5578386605783866 0.3961187214611872 0.1385083713850837
10 0.7351598173515982 0.4642313546423135 0.0365296803652968 0.0273972602739726
6 0.4041095890410959 0.4786910197869102 0.0228310502283105 0.0806697108066971
16 0.032534246575342464 0.4208523592085236 0.019406392694063926 0.3302891933028919
16 0.2465753424657534 0.3417047184170472 0.04794520547945205 0.680365296803653
6 0.3784246575342466 0.4726027397260274 0.026255707762557076 0.0928462709284627
6 0.4486301369863014 0.4627092846270928 0.0136986301369863 0.0517503805175038
2 0.6164383561643836 0.4048706240487062 0.01141552511415525 0.0334855403348554
2 0.8744292237442922 0.4056316590563166 0.01141552511415525 0.0350076103500761
10 0.1695205479452055 0.4642313546423135 0.1312785388127854 0.0669710806697108
0 0.3955479452054795 0.4421613394216134 0.017123287671232876 0.0776255707762557
16 0.5405251141552512 0.441400304414003 0.007990867579908675 0.0791476407914764
16 0.12728310502283105 0.3637747336377473 0.012557077625570776 0.1887366818873668
2 0.5365296803652968 0.4147640791476408 0.0091324200913242 0.0228310502283105
6 0.5730593607305936 0.4627092846270928 0.0136986301369863 0.0365296803652968
16 0.5953196347031964 0.334855403348554 0.014840182648401826 0.273972602739726
11 0.5742009132420092 0.4741248097412481 0.01598173515981735 0.0289193302891933
6 0.8036529680365296 0.4657534246575342 0.01141552511415525 0.0243531202435312
6 0.4377853881278539 0.4741248097412481 0.010273972602739725 0.0289193302891933
0 0.273972602739726 0.423896499238965 0.0136986301369863 0.0745814307458143
10 0.2009132420091324 0.4657534246575342 0.04337899543378995 0.0578386605783866
10 0.023401826484018264 0.4505327245053272 0.04452054794520548 0.0334855403348554
11 0.8042237442922374 0.4756468797564688 0.017123287671232876 0.0197869101978691
14 0.2751141552511416 0.4710806697108067 0.00684931506849315 0.0319634703196347
0 0.07363013698630137 0.4155251141552511 0.014840182648401826 0.0487062404870624
16 0.4355022831050228 0.4117199391171994 0.010273972602739725 0.1324200913242009
16 0.1906392694063927 0.319634703196347 0.03424657534246575 0.6362252663622526
16 0.8687214611872146 0.4535768645357686 0.00684931506849315 0.0578386605783866
11 0.20662100456621005 0.4954337899543379 0.01598173515981735 0.0441400304414003
6 0.204337899543379 0.4726027397260274 0.01598173515981735 0.0624048706240487
1 0.14897260273972604 0.3333333333333333 0.023972602739726026 0.0791476407914764
3 0.7420091324200914 0.4855403348554033 0.228310502283105 0.015220700152207
5 0.833904109589041 0.4208523592085236 0.014840182648401826 0.0167427701674277
16 0.6084474885844748 0.4490106544901065 0.00684931506849315 0.0547945205479452
