3 0.5005707762557078 0.6719939117199392 0.9988584474885844 0.6560121765601218
10 0.617579908675799 0.3455098934550989 0.3036529680365297 0.1278538812785388
6 0.5924657534246576 0.3698630136986301 0.05251141552511415 0.2100456621004566
6 0.6364155251141552 0.3751902587519026 0.05593607305936073 0.1963470319634703
0 0.8264840182648402 0.228310502283105 0.0228310502283105 0.167427701674277
2 0.2465753424657534 0.1537290715372907 0.0182648401826484 0.0578386605783866
1 0.08561643835616438 0.1963470319634703 0.0228310502283105 0.060882800608828
7 0.9771689497716894 0.3013698630136986 0.04337899543378995 0.0578386605783866
6 0.791095890410959 0.2732115677321157 0.0182648401826484 0.0563165905631659
16 0.29337899543379 0.24429223744292236 0.01598173515981735 0.1567732115677321
16 0.13184931506849315 0.3059360730593607 0.014840182648401826 0.0821917808219178
0 0.9891552511415526 0.20471841704718416 0.019406392694063926 0.1415525114155251
1 0.7208904109589042 0.21841704718417046 0.012557077625570776 0.0289193302891933
10 0.023401826484018264 0.3219178082191781 0.04452054794520548 0.0715372907153729
10 0.5445205479452054 0.2762557077625571 0.0319634703196347 0.0228310502283105
14 0.8875570776255708 0.2922374429223744 0.010273972602739725 0.0426179604261796
16 0.7168949771689498 0.271689497716895 0.0091324200913242 0.0776255707762557
14 0.7768264840182648 0.2937595129375951 0.007990867579908675 0.0334855403348554
16 0.09189497716894977 0.2952815829528158 0.017123287671232876 0.1126331811263318
10 0.1495433789954338 0.2975646879756469 0.05251141552511415 0.0319634703196347
10 0.23972602739726026 0.3013698630136986 0.05707762557077625 0.0426179604261796
16 0.7037671232876712 0.2389649923896499 0.012557077625570776 0.1339421613394216
0 0.8464611872146118 0.2176560121765601 0.012557077625570776 0.106544901065449
0 0.646689497716895 0.24581430745814306 0.017123287671232876 0.0898021308980213
0 0.7420091324200914 0.2648401826484018 0.0136986301369863 0.0882800608828006
10 0.12271689497716895 0.3082191780821918 0.10844748858447488 0.0441400304414003
0 0.4355022831050228 0.273972602739726 0.014840182648401826 0.0578386605783866
0 0.670662100456621 0.2595129375951294 0.014840182648401826 0.0776255707762557
5 0.718607305936073 0.1689497716894977 0.017123287671232876 0.0273972602739726
