3 0.625 0.6796042617960426 0.75 0.6407914764079148
16 0.507420091324201 0.1202435312024353 0.023972602739726026 0.2374429223744292
2 0.7899543378995434 0.0730593607305936 0.0228310502283105 0.060882800608828
0 0.1832191780821918 0.2328767123287671 0.033105022831050226 0.2100456621004566
6 0.708904109589041 0.2792998477929985 0.0228310502283105 0.0654490106544901
6 0.6506849315068494 0.2785388127853881 0.01598173515981735 0.0639269406392694
2 0.7545662100456622 0.07382039573820395 0.02054794520547945 0.0624048706240487
16 0.6021689497716894 0.17732115677321156 0.019406392694063926 0.3059360730593607
16 0.2796803652968037 0.21537290715372906 0.0273972602739726 0.2876712328767123
16 0.6655251141552512 0.1613394216133942 0.02054794520547945 0.3135464231354642
2 0.2968036529680365 0.16362252663622526 0.02054794520547945 0.0563165905631659
7 0.70662100456621 0.2998477929984779 0.02054794520547945 0.0395738203957382
16 0.651255707762557 0.19101978691019786 0.014840182648401826 0.2298325722983257
3 0.8396118721461188 0.3097412480974125 0.3207762557077626 0.0319634703196347
0 0.6238584474885844 0.2503805175038052 0.014840182648401826 0.0928462709284627
13 0.819634703196347 0.2770167427701674 0.0182648401826484 0.0243531202435312
