3 0.6078767123287672 0.7929984779299848 0.7728310502283106 0.4140030441400304
10 0.02454337899543379 0.4878234398782344 0.04680365296803653 0.0410958904109589
2 0.10331050228310502 0.286910197869102 0.019406392694063926 0.0502283105022831
16 0.6101598173515982 0.4467275494672755 0.014840182648401826 0.2572298325722983
0 0.9628995433789954 0.4809741248097412 0.026255707762557076 0.1735159817351598
14 0.565068493150685 0.5395738203957382 0.01598173515981735 0.0684931506849315
2 0.08276255707762557 0.2853881278538813 0.019406392694063926 0.0502283105022831
2 0.6267123287671232 0.3675799086757991 0.02054794520547945 0.0532724505327245
16 0.8715753424657534 0.4885844748858447 0.012557077625570776 0.1643835616438356
16 0.718607305936073 0.2884322678843227 0.023972602739726026 0.5555555555555556
14 0.4098173515981735 0.5350076103500762 0.0091324200913242 0.0593607305936073
6 0.05194063926940639 0.4824961948249619 0.014840182648401826 0.0426179604261796
10 0.14383561643835616 0.4748858447488584 0.03424657534246575 0.030441400304414
16 0.1603881278538813 0.4132420091324201 0.012557077625570776 0.2146118721461187
0 0.4668949771689498 0.2808219178082192 0.0182648401826484 0.2237442922374429
0 0.2465753424657534 0.4535768645357686 0.01141552511415525 0.0730593607305936
0 0.07363013698630137 0.4581430745814307 0.012557077625570776 0.0487062404870624
0 0.011986301369863013 0.4398782343987823 0.012557077625570776 0.0517503805175038
0 0.10273972602739725 0.4573820395738204 0.01141552511415525 0.0471841704718417
0 0.261986301369863 0.4444444444444444 0.010273972602739725 0.0821917808219178
0 0.3778538812785388 0.3295281582952816 0.0182648401826484 0.1476407914764079
3 0.15182648401826485 0.5753424657534246 0.3013698630136986 0.0365296803652968
