3 0.4988584474885845 0.7077625570776256 0.9954337899543378 0.5844748858447488
10 0.9452054794520548 0.3561643835616438 0.1095890410958904 0.060882800608828
2 0.04794520547945205 0.19863013698630136 0.02054794520547945 0.0532724505327245
10 0.8458904109589042 0.34779299847793 0.0958904109589041 0.0410958904109589
16 0.2813926940639269 0.21993911719939116 0.023972602739726026 0.3394216133942161
10 0.7168949771689498 0.3607305936073059 0.12557077625570776 0.0517503805175038
2 0.010844748858447488 0.1993911719939117 0.019406392694063926 0.0547945205479452
16 0.2465753424657534 0.3386605783866058 0.0136986301369863 0.1202435312024353
16 0.14440639269406394 0.3059360730593607 0.017123287671232876 0.1796042617960426
6 0.4218036529680365 0.3706240487062405 0.017123287671232876 0.0654490106544901
2 0.5165525114155252 0.2983257229832572 0.017123287671232876 0.030441400304414
16 0.6027397260273972 0.2792998477929985 0.0136986301369863 0.2511415525114155
14 0.5970319634703196 0.3873668188736682 0.00684931506849315 0.0350076103500761
10 0.1113013698630137 0.3592085235920852 0.021689497716894976 0.0182648401826484
16 0.5371004566210046 0.2054794520547945 0.017123287671232876 0.3987823439878234
16 0.5222602739726028 0.3599695585996956 0.010273972602739725 0.0928462709284627
0 0.15810502283105024 0.350076103500761 0.012557077625570776 0.0700152207001522
14 0.6438356164383562 0.3835616438356164 0.00684931506849315 0.0334855403348554
16 0.6877853881278538 0.3264840182648402 0.010273972602739725 0.1445966514459665
10 0.8852739726027398 0.3409436834094368 0.06050228310502283 0.0334855403348554
14 0.7340182648401826 0.3797564687975647 0.00684931506849315 0.0289193302891933
14 0.8190639269406392 0.3759512937595129 0.007990867579908675 0.030441400304414
3 0.079337899543379 0.4079147640791476 0.15639269406392695 0.0213089802130898
14 0.5148401826484018 0.3926940639269406 0.00684931506849315 0.0395738203957382
14 0.8738584474885844 0.3797564687975647 0.007990867579908675 0.0289193302891933
10 0.7534246575342466 0.3462709284627093 0.0684931506849315 0.0441400304414003
14 0.9069634703196348 0.378234398782344 0.007990867579908675 0.0197869101978691
14 0.8624429223744292 0.3812785388127854 0.005707762557077625 0.0197869101978691
19 0.4714611872146119 0.3881278538812785 0.01598173515981735 0.0426179604261796
