3 0.5005707762557078 0.8112633181126332 0.9988584474885844 0.3774733637747336
6 0.6426940639269406 0.5273972602739726 0.0410958904109589 0.1141552511415525
16 0.3396118721461187 0.3759512937595129 0.026255707762557076 0.4901065449010654
1 0.3624429223744292 0.3911719939117199 0.030821917808219176 0.0730593607305936
9 0.9075342465753424 0.4817351598173516 0.02511415525114155 0.0289193302891933
14 0.6113013698630136 0.5776255707762558 0.010273972602739725 0.0715372907153729
2 0.2990867579908676 0.02968036529680365 0.0547945205479452 0.0563165905631659
3 0.932648401826484 0.5312024353120244 0.13470319634703196 0.0365296803652968
16 0.1906392694063927 0.378234398782344 0.02511415525114155 0.4946727549467275
16 0.8122146118721462 0.2853881278538813 0.023972602739726026 0.5555555555555556
14 0.5428082191780822 0.5844748858447488 0.010273972602739725 0.0730593607305936
16 0.5587899543378996 0.3127853881278539 0.030821917808219176 0.604261796042618
16 0.23230593607305935 0.3447488584474886 0.03995433789954338 0.5494672754946728
9 0.9765981735159818 0.4809741248097412 0.04680365296803653 0.0517503805175038
16 0.0228310502283105 0.3242009132420091 0.02968036529680365 0.639269406392694
9 0.9377853881278538 0.4771689497716895 0.03538812785388128 0.0410958904109589
0 0.4480593607305936 0.5228310502283106 0.019406392694063926 0.1202435312024353
0 0.170662100456621 0.3515981735159817 0.017123287671232876 0.0943683409436834
0 0.2996575342465753 0.5068493150684932 0.021689497716894976 0.1887366818873668
9 0.8841324200913242 0.4726027397260274 0.030821917808219176 0.0380517503805175
16 0.6974885844748858 0.4368340943683409 0.00684931506849315 0.1248097412480974
0 0.3961187214611872 0.5038051750380518 0.0182648401826484 0.1308980213089802
