3 0.5011415525114156 0.7952815829528158 0.997716894977169 0.4094368340943683
16 0.7517123287671232 0.2884322678843227 0.03767123287671233 0.573820395738204
1 0.7031963470319634 0.3417047184170472 0.0273972602739726 0.0745814307458143
16 0.3418949771689498 0.2899543378995434 0.030821917808219176 0.573820395738204
0 0.3219178082191781 0.4550989345509893 0.0136986301369863 0.091324200913242
0 0.2345890410958904 0.4528158295281583 0.017123287671232876 0.1445966514459665
16 0.2910958904109589 0.4482496194824962 0.01141552511415525 0.1202435312024353
16 0.7014840182648402 0.350076103500761 0.023972602739726026 0.441400304414003
9 0.1872146118721461 0.4307458143074581 0.0365296803652968 0.0273972602739726
11 0.045662100456621 0.4642313546423135 0.03881278538812785 0.0395738203957382
3 0.0976027397260274 0.5334855403348554 0.19292237442922375 0.0563165905631659
16 0.0930365296803653 0.4003044140030441 0.010273972602739725 0.1400304414003044
0 0.07248858447488585 0.4292237442922374 0.014840182648401826 0.106544901065449
10 0.19748858447488585 0.4398782343987823 0.0273972602739726 0.0182648401826484
6 0.10787671232876712 0.4375951293759513 0.017123287671232876 0.0228310502283105
16 0.14554794520547945 0.426179604261796 0.007990867579908675 0.1004566210045662
0 0.15639269406392695 0.4353120243531202 0.0091324200913242 0.0791476407914764
11 0.17294520547945205 0.4581430745814307 0.028538812785388126 0.030441400304414
11 0.08732876712328767 0.4611872146118721 0.021689497716894976 0.0365296803652968
0 0.2551369863013699 0.4322678843226788 0.010273972602739725 0.0578386605783866
