3 0.3681506849315068 0.693302891933029 0.7340182648401826 0.6133942161339422
10 0.9474885844748858 0.3295281582952816 0.1050228310502283 0.0806697108066971
2 0.7442922374429224 0.08447488584474885 0.02511415525114155 0.0745814307458143
2 0.7996575342465754 0.0852359208523592 0.026255707762557076 0.076103500761035
16 0.1797945205479452 0.2222222222222222 0.026255707762557076 0.30441400304414
16 0.5764840182648402 0.23668188736681886 0.01598173515981735 0.2815829528158295
0 0.5045662100456622 0.2937595129375951 0.0273972602739726 0.1704718417047184
6 0.6832191780821918 0.3257229832572298 0.017123287671232876 0.0700152207001522
11 0.4452054794520548 0.3538812785388128 0.02511415525114155 0.0471841704718417
6 0.5582191780821918 0.3417047184170472 0.02054794520547945 0.0624048706240487
6 0.6061643835616438 0.3508371385083714 0.0228310502283105 0.0715372907153729
2 0.3938356164383562 0.2534246575342466 0.0182648401826484 0.0380517503805175
5 0.8424657534246576 0.3409436834094368 0.02054794520547945 0.0273972602739726
15 0.6678082191780822 0.3569254185692542 0.01598173515981735 0.0258751902587519
10 0.8476027397260274 0.3074581430745814 0.023972602739726026 0.0182648401826484
11 0.4195205479452055 0.3569254185692542 0.017123287671232876 0.0441400304414003
16 0.4052511415525114 0.2701674277016743 0.01598173515981735 0.2267884322678843
14 0.007420091324200913 0.3972602739726027 0.012557077625570776 0.0547945205479452
14 0.3544520547945205 0.3729071537290715 0.007990867579908675 0.0426179604261796
14 0.3664383561643836 0.3721461187214612 0.0091324200913242 0.0441400304414003
7 0.3938356164383562 0.3592085235920852 0.02054794520547945 0.0395738203957382
0 0.3538812785388128 0.2975646879756469 0.01141552511415525 0.0593607305936073
7 0.3795662100456621 0.3599695585996956 0.019406392694063926 0.0380517503805175
11 0.5565068493150684 0.3493150684931507 0.03538812785388128 0.0471841704718417
6 0.6210045662100456 0.3622526636225266 0.01598173515981735 0.045662100456621
9 0.9788812785388128 0.2876712328767123 0.03995433789954338 0.0395738203957382
16 0.5245433789954338 0.2656012176560122 0.010273972602739725 0.1141552511415525
14 0.6204337899543378 0.3622526636225266 0.014840182648401826 0.045662100456621
11 0.04452054794520548 0.3614916286149163 0.03881278538812785 0.0502283105022831
7 0.08961187214611872 0.3645357686453577 0.017123287671232876 0.0410958904109589
0 0.22317351598173515 0.3097412480974125 0.012557077625570776 0.0471841704718417
7 0.1141552511415525 0.3645357686453577 0.02968036529680365 0.0410958904109589
