3 0.3070776255707763 0.730593607305936 0.6118721461187214 0.5388127853881278
10 0.10331050228310502 0.3896499238964992 0.07648401826484018 0.045662100456621
10 0.24600456621004566 0.3919330289193303 0.05821917808219178 0.0380517503805175
10 0.96175799086758 0.4756468797564688 0.07648401826484018 0.1506849315068493
6 0.16666666666666666 0.4375951293759513 0.0547945205479452 0.1293759512937595
16 0.9657534246575342 0.228310502283105 0.03424657534246575 0.4383561643835616
11 0.16666666666666666 0.4589041095890411 0.11643835616438356 0.0867579908675799
16 0.3373287671232877 0.3112633181126332 0.019406392694063926 0.2267884322678843
11 0.8515981735159818 0.4490106544901065 0.0821917808219178 0.060882800608828
16 0.4081050228310502 0.2024353120243531 0.023972602739726026 0.3987823439878234
6 0.8613013698630136 0.4330289193302892 0.033105022831050226 0.0898021308980213
16 0.639269406392694 0.2595129375951294 0.01598173515981735 0.3881278538812785
16 0.8647260273972602 0.271689497716895 0.017123287671232876 0.2420091324200913
16 0.8007990867579908 0.3911719939117199 0.010273972602739725 0.1339421613394216
6 0.442351598173516 0.4269406392694064 0.026255707762557076 0.0806697108066971
16 0.1558219178082192 0.3356164383561644 0.007990867579908675 0.0837138508371385
11 0.4452054794520548 0.4490106544901065 0.05707762557077625 0.0487062404870624
16 0.3886986301369863 0.3386605783866058 0.012557077625570776 0.1080669710806697
6 0.3065068493150685 0.3987823439878234 0.017123287671232876 0.0365296803652968
3 0.1695205479452055 0.4368340943683409 0.3367579908675799 0.0334855403348554
6 0.398972602739726 0.4208523592085236 0.030821917808219176 0.0745814307458143
0 0.7705479452054794 0.350076103500761 0.01141552511415525 0.0639269406392694
16 0.8476027397260274 0.3774733637747336 0.005707762557077625 0.0669710806697108
11 0.305365296803653 0.4117199391171994 0.017123287671232876 0.0289193302891933
16 0.375 0.3767123287671233 0.010273972602739725 0.0684931506849315
0 0.017123287671232876 0.3751902587519026 0.01141552511415525 0.0654490106544901
11 0.3904109589041096 0.4467275494672755 0.08447488584474885 0.0624048706240487
