3 0.4714611872146119 0.7290715372907154 0.9406392694063926 0.5388127853881278
6 0.3498858447488584 0.3188736681887367 0.05593607305936073 0.2146118721461187
16 0.8852739726027398 0.213089802130898 0.04452054794520548 0.4231354642313546
6 0.06735159817351598 0.3447488584474886 0.06621004566210045 0.1750380517503805
2 0.2939497716894977 0.02815829528158295 0.05593607305936073 0.0532724505327245
6 0.16210045662100456 0.2747336377473364 0.02511415525114155 0.0806697108066971
16 0.3829908675799087 0.2070015220700152 0.023972602739726026 0.350076103500761
1 0.3527397260273973 0.10426179604261795 0.0410958904109589 0.0898021308980213
6 0.20833333333333334 0.2808219178082192 0.023972602739726026 0.0745814307458143
10 0.2585616438356164 0.271689497716895 0.06506849315068493 0.0532724505327245
16 0.9863013698630136 0.273972602739726 0.02511415525114155 0.3135464231354642
16 0.3321917808219178 0.11796042617960426 0.0182648401826484 0.2328767123287671
6 0.19463470319634704 0.2724505327245053 0.014840182648401826 0.060882800608828
6 0.271689497716895 0.271689497716895 0.0182648401826484 0.0532724505327245
6 0.978310502283105 0.22754946727549466 0.04337899543378995 0.1811263318112633
6 0.1735159817351598 0.2724505327245053 0.0182648401826484 0.0791476407914764
7 0.20776255707762556 0.3059360730593607 0.0182648401826484 0.0395738203957382
10 0.2848173515981735 0.2640791476407915 0.023972602739726026 0.0502283105022831
5 0.3219178082191781 0.167427701674277 0.01598173515981735 0.0273972602739726
