3 0.5 0.819634703196347 0.997716894977169 0.3607305936073059
6 0.22031963470319635 0.532724505327245 0.0365296803652968 0.1156773211567732
10 0.9389269406392694 0.5228310502283106 0.07420091324200913 0.0745814307458143
16 0.7157534246575342 0.3531202435312024 0.02511415525114155 0.5083713850837138
2 0.6917808219178082 0.3432267884322679 0.02968036529680365 0.0745814307458143
14 0.5542237442922374 0.5905631659056316 0.012557077625570776 0.0852359208523592
14 0.3025114155251142 0.5624048706240488 0.01141552511415525 0.0715372907153729
2 0.2751141552511416 0.3964992389649924 0.01598173515981735 0.0441400304414003
14 0.3886986301369863 0.5578386605783866 0.010273972602739725 0.0654490106544901
14 0.19577625570776255 0.5334855403348554 0.007990867579908675 0.0471841704718417
14 0.2842465753424658 0.5213089802130898 0.0091324200913242 0.0471841704718417
16 0.954337899543379 0.4589041095890411 0.0136986301369863 0.1080669710806697
14 0.1506849315068493 0.5296803652968036 0.0091324200913242 0.0487062404870624
3 0.6164383561643836 0.5213089802130898 0.23972602739726026 0.0380517503805175
16 0.9874429223744292 0.3622526636225266 0.02511415525114155 0.5053272450532724
14 0.4571917808219178 0.5722983257229832 0.012557077625570776 0.1187214611872146
14 0.4714611872146119 0.5136986301369864 0.0045662100456621 0.0319634703196347
1 0.9474885844748858 0.4292237442922374 0.0136986301369863 0.030441400304414
14 0.4823059360730594 0.510654490106545 0.005707762557077625 0.0319634703196347
16 0.4594748858447489 0.4269406392694064 0.012557077625570776 0.2389649923896499
5 0.4668949771689498 0.4223744292237443 0.0136986301369863 0.0228310502283105
16 0.283675799086758 0.4535768645357686 0.010273972602739725 0.1735159817351598
3 0.2665525114155251 0.5753424657534246 0.3504566210045662 0.045662100456621
0 0.5319634703196348 0.454337899543379 0.0091324200913242 0.0471841704718417
16 0.5633561643835616 0.4459665144596651 0.005707762557077625 0.0700152207001522
14 0.2465753424657534 0.5266362252663622 0.0091324200913242 0.0426179604261796
0 0.6358447488584474 0.4589041095890411 0.0091324200913242 0.0532724505327245
19 0.384703196347032 0.5159817351598174 0.0136986301369863 0.030441400304414
5 0.466324200913242 0.441400304414003 0.014840182648401826 0.0182648401826484
16 0.1952054794520548 0.4010654490106545 0.0136986301369863 0.2207001522070015
16 0.4457762557077626 0.439117199391172 0.010273972602739725 0.1019786910197869
0 0.3961187214611872 0.4611872146118721 0.01141552511415525 0.0487062404870624
0 0.4332191780821918 0.4558599695585997 0.012557077625570776 0.0684931506849315
4 0.5051369863013698 0.6095890410958904 0.06963470319634703 0.0532724505327245
