3 0.6992009132420092 0.6796042617960426 0.5993150684931506 0.6377473363774734
6 0.8019406392694064 0.3645357686453577 0.07191780821917808 0.2115677321156773
6 0.8704337899543378 0.3592085235920852 0.05593607305936073 0.2009132420091324
10 0.7511415525114156 0.2792998477929985 0.0730593607305936 0.0471841704718417
16 0.2979452054794521 0.1856925418569254 0.02968036529680365 0.3683409436834094
6 0.05650684931506849 0.3127853881278539 0.03767123287671233 0.1111111111111111
2 0.3190639269406393 0.2039573820395738 0.021689497716894976 0.0547945205479452
10 0.6638127853881278 0.2732115677321157 0.03767123287671233 0.0289193302891933
0 0.9623287671232876 0.228310502283105 0.0136986301369863 0.0852359208523592
14 0.488013698630137 0.3424657534246575 0.007990867579908675 0.045662100456621
10 0.9811643835616438 0.2792998477929985 0.03767123287671233 0.0624048706240487
16 0.5976027397260274 0.167427701674277 0.019406392694063926 0.3318112633181126
16 0.18036529680365296 0.20319634703196346 0.02054794520547945 0.3394216133942161
16 0.0136986301369863 0.2846270928462709 0.02511415525114155 0.1856925418569254
14 0.4172374429223744 0.3394216133942161 0.007990867579908675 0.0487062404870624
3 0.8190639269406392 0.3105022831050228 0.3344748858447489 0.0334855403348554
16 0.9452054794520548 0.2146118721461187 0.01598173515981735 0.136986301369863
5 0.012557077625570776 0.15220700152207 0.0228310502283105 0.0669710806697108
0 0.6289954337899544 0.2526636225266362 0.0091324200913242 0.0669710806697108
14 0.6421232876712328 0.3066971080669711 0.007990867579908675 0.0319634703196347
16 0.930365296803653 0.21841704718417046 0.0136986301369863 0.1293759512937595
16 0.9143835616438356 0.2534246575342466 0.0091324200913242 0.0684931506849315
6 0.8184931506849316 0.2503805175038052 0.0091324200913242 0.0258751902587519
6 0.839041095890411 0.2678843226788432 0.0136986301369863 0.0395738203957382
10 0.7345890410958904 0.2671232876712329 0.04452054794520548 0.0380517503805175
