3 0.5005707762557078 0.6491628614916286 0.9988584474885844 0.7016742770167428
6 0.6289954337899544 0.2663622526636225 0.0410958904109589 0.136986301369863
10 0.07705479452054795 0.2754946727549467 0.15182648401826485 0.1339421613394216
9 0.12899543378995434 0.2480974124809741 0.1917808219178082 0.1430745814307458
16 0.2705479452054795 0.1385083713850837 0.0228310502283105 0.273972602739726
14 0.791095890410959 0.2663622526636225 0.00684931506849315 0.0395738203957382
14 0.867579908675799 0.2732115677321157 0.0091324200913242 0.0471841704718417
14 0.7579908675799086 0.271689497716895 0.0091324200913242 0.0441400304414003
14 0.9668949771689498 0.2648401826484018 0.0091324200913242 0.0426179604261796
14 0.9297945205479452 0.2747336377473364 0.010273972602739725 0.0471841704718417
14 0.809931506849315 0.2724505327245053 0.007990867579908675 0.045662100456621
14 0.8430365296803652 0.2648401826484018 0.007990867579908675 0.0395738203957382
16 0.4794520547945205 0.1552511415525114 0.01598173515981735 0.258751902587519
14 0.285958904109589 0.2557077625570776 0.017123287671232876 0.0791476407914764
14 0.9069634703196348 0.2678843226788432 0.010273972602739725 0.0426179604261796
14 0.2676940639269406 0.2732115677321157 0.010273972602739725 0.0593607305936073
7 0.886986301369863 0.2541856925418569 0.03881278538812785 0.0365296803652968
14 0.2990867579908676 0.2724505327245053 0.00684931506849315 0.0426179604261796
14 0.3065068493150685 0.2701674277016743 0.007990867579908675 0.0441400304414003
