3 0.6381278538812786 0.7031963470319634 0.723744292237443 0.593607305936073
10 0.09360730593607305 0.378234398782344 0.18493150684931506 0.1080669710806697
9 0.7922374429223744 0.3622526636225266 0.2237442922374429 0.1278538812785388
10 0.9143835616438356 0.3698630136986301 0.1689497716894977 0.1004566210045662
6 0.4132420091324201 0.380517503805175 0.03424657534246575 0.1248097412480974
6 0.5747716894977168 0.4025875190258752 0.06050228310502283 0.2085235920852359
2 0.2300228310502283 0.1506849315068493 0.019406392694063926 0.0669710806697108
10 0.16666666666666666 0.3576864535768645 0.05707762557077625 0.060882800608828
2 0.2671232876712329 0.15220700152207 0.0228310502283105 0.0669710806697108
6 0.3824200913242009 0.3774733637747336 0.02968036529680365 0.121765601217656
2 0.3407534246575342 0.2724505327245053 0.012557077625570776 0.0334855403348554
10 0.519406392694064 0.3417047184170472 0.07077625570776255 0.0380517503805175
16 0.723744292237443 0.2640791476407915 0.01598173515981735 0.1202435312024353
16 0.4320776255707763 0.2800608828006088 0.012557077625570776 0.1430745814307458
16 0.4942922374429224 0.2732115677321157 0.0136986301369863 0.2602739726027397
0 0.5319634703196348 0.332572298325723 0.0273972602739726 0.1232876712328767
16 0.0547945205479452 0.3066971080669711 0.0091324200913242 0.0380517503805175
7 0.6700913242009132 0.3820395738203957 0.02054794520547945 0.0334855403348554
10 0.6643835616438356 0.34779299847793 0.0410958904109589 0.0258751902587519
7 0.6329908675799086 0.380517503805175 0.023972602739726026 0.0365296803652968
10 0.6267123287671232 0.3432267884322679 0.03881278538812785 0.0289193302891933
10 0.2985159817351598 0.3508371385083714 0.026255707762557076 0.0319634703196347
0 0.9942922374429224 0.2876712328767123 0.01141552511415525 0.0974124809741248
7 0.6535388127853882 0.3812785388127854 0.017123287671232876 0.0350076103500761
16 0.4240867579908676 0.1780821917808219 0.017123287671232876 0.3531202435312024
10 0.9235159817351598 0.4025875190258752 0.15296803652968036 0.1171993911719939
10 0.6992009132420092 0.3432267884322679 0.03538812785388128 0.0289193302891933
7 0.3567351598173516 0.3668188736681887 0.021689497716894976 0.0334855403348554
16 0.33162100456621 0.3188736681887367 0.007990867579908675 0.1506849315068493
