3 0.5656392694063926 0.6872146118721462 0.8687214611872146 0.6225266362252664
10 0.3767123287671233 0.3082191780821918 0.0639269406392694 0.0593607305936073
1 0.09360730593607305 0.21689497716894976 0.0228310502283105 0.0563165905631659
16 0.08618721461187215 0.2823439878234399 0.030821917808219176 0.2176560121765601
7 0.0684931506849315 0.3531202435312024 0.04794520547945205 0.0669710806697108
16 0.8538812785388128 0.16666666666666666 0.0228310502283105 0.3242009132420091
1 0.6181506849315068 0.1400304414003044 0.017123287671232876 0.0517503805175038
1 0.5953196347031964 0.13774733637747336 0.017123287671232876 0.0532724505327245
16 0.6735159817351598 0.24429223744292236 0.0136986301369863 0.1628614916286149
0 0.295662100456621 0.2823439878234399 0.0136986301369863 0.0898021308980213
16 0.3299086757990868 0.2914764079147641 0.01141552511415525 0.1171993911719939
7 0.8949771689497716 0.3120243531202435 0.03881278538812785 0.0365296803652968
16 0.2636986301369863 0.273972602739726 0.0091324200913242 0.0882800608828006
0 0.9166666666666666 0.2663622526636225 0.0182648401826484 0.1035007610350076
3 0.5131278538812786 0.3447488584474886 0.3207762557077626 0.0350076103500761
12 0.8396118721461188 0.3181126331811263 0.010273972602739725 0.0243531202435312
16 0.1906392694063927 0.2838660578386606 0.01141552511415525 0.0776255707762557
0 0.5878995433789954 0.2777777777777778 0.01141552511415525 0.0867579908675799
0 0.8259132420091324 0.24429223744292236 0.017123287671232876 0.1567732115677321
16 0.170662100456621 0.2838660578386606 0.014840182648401826 0.0806697108066971
0 0.1523972602739726 0.2625570776255708 0.021689497716894976 0.0715372907153729
9 0.3082191780821918 0.2823439878234399 0.0867579908675799 0.0776255707762557
0 0.4988584474885845 0.2678843226788432 0.01598173515981735 0.0852359208523592
