3 0.5005707762557078 0.728310502283105 0.9988584474885844 0.54337899543379
16 0.833904109589041 0.2298325722983257 0.05136986301369863 0.45662100456621
10 0.9497716894977168 0.4216133942161339 0.1004566210045662 0.0852359208523592
0 0.7614155251141552 0.3736681887366819 0.01598173515981735 0.1050228310502283
6 0.5679223744292238 0.3881278538812785 0.014840182648401826 0.045662100456621
0 0.6284246575342466 0.3668188736681887 0.014840182648401826 0.0943683409436834
14 0.6974885844748858 0.4330289193302892 0.01141552511415525 0.0593607305936073
0 0.930365296803653 0.3614916286149163 0.0182648401826484 0.0806697108066971
10 0.8858447488584474 0.4284627092846271 0.091324200913242 0.0593607305936073
16 0.3236301369863014 0.3249619482496195 0.007990867579908675 0.0898021308980213
6 0.7220319634703196 0.4041095890410959 0.019406392694063926 0.0502283105022831
2 0.603310502283105 0.3287671232876712 0.010273972602739725 0.0243531202435312
3 0.6455479452054794 0.4375951293759513 0.204337899543379 0.0350076103500761
14 0.6090182648401826 0.4223744292237443 0.010273972602739725 0.0563165905631659
16 0.18664383561643835 0.2610350076103501 0.010273972602739725 0.2024353120243531
14 0.4863013698630137 0.3919330289193303 0.0091324200913242 0.0715372907153729
14 0.5228310502283106 0.410958904109589 0.0091324200913242 0.0487062404870624
14 0.4754566210045662 0.408675799086758 0.007990867579908675 0.0410958904109589
11 0.7168949771689498 0.4162861491628615 0.0410958904109589 0.0350076103500761
0 0.5205479452054794 0.3592085235920852 0.01141552511415525 0.0669710806697108
6 0.04794520547945205 0.3462709284627093 0.0136986301369863 0.0380517503805175
14 0.535958904109589 0.4033485540334855 0.007990867579908675 0.0334855403348554
16 0.285958904109589 0.3378995433789954 0.005707762557077625 0.0639269406392694
16 0.5993150684931506 0.2686453576864536 0.02968036529680365 0.2907153729071537
16 0.6621004566210046 0.1141552511415525 0.02054794520547945 0.197869101978691
6 0.5462328767123288 0.3888888888888889 0.010273972602739725 0.0350076103500761
18 0.4514840182648402 0.3866057838660578 0.023972602739726026 0.030441400304414
0 0.1284246575342466 0.3028919330289193 0.010273972602739725 0.0639269406392694
0 0.01997716894977169 0.2853881278538813 0.010273972602739725 0.0563165905631659
6 0.1067351598173516 0.3462709284627093 0.014840182648401826 0.0380517503805175
5 0.7888127853881278 0.15601217656012176 0.01141552511415525 0.0532724505327245
10 0.848744292237443 0.4223744292237443 0.09931506849315068 0.0532724505327245
