3 0.617579908675799 0.6430745814307458 0.7648401826484018 0.7138508371385084
10 0.6889269406392694 0.21993911719939116 0.06278538812785388 0.0441400304414003
10 0.6164383561643836 0.2176560121765601 0.05251141552511415 0.0426179604261796
1 0.2328767123287671 0.1141552511415525 0.02054794520547945 0.0517503805175038
6 0.14726027397260275 0.23059360730593606 0.03424657534246575 0.1202435312024353
10 0.5656392694063926 0.2176560121765601 0.05136986301369863 0.0517503805175038
6 0.12214611872146118 0.23363774733637746 0.02968036529680365 0.1141552511415525
0 0.0702054794520548 0.1613394216133942 0.06050228310502283 0.258751902587519
16 0.3721461187214612 0.136986301369863 0.0228310502283105 0.2709284627092846
0 0.9549086757990868 0.19406392694063926 0.021689497716894976 0.1263318112633181
16 0.22031963470319635 0.167427701674277 0.02511415525114155 0.228310502283105
0 0.4526255707762557 0.1856925418569254 0.023972602739726026 0.1613394216133942
0 0.7505707762557078 0.19101978691019786 0.014840182648401826 0.0837138508371385
16 0.8881278538812786 0.15753424657534246 0.0273972602739726 0.1872146118721461
0 0.8464611872146118 0.19406392694063926 0.017123287671232876 0.0989345509893455
6 0.2990867579908676 0.22907153729071536 0.02968036529680365 0.1080669710806697
6 0.3396118721461187 0.20624048706240486 0.021689497716894976 0.0624048706240487
0 0.509703196347032 0.18036529680365296 0.017123287671232876 0.1141552511415525
6 0.8641552511415526 0.2252663622526636 0.0136986301369863 0.045662100456621
3 0.7037671232876712 0.2480974124809741 0.3207762557077626 0.0243531202435312
6 0.3167808219178082 0.2207001522070015 0.021689497716894976 0.1095890410958904
6 0.7888127853881278 0.21385083713850836 0.01598173515981735 0.0502283105022831
8 0.5302511415525114 0.18188736681887366 0.09018264840182648 0.0563165905631659
6 0.4417808219178082 0.2039573820395738 0.01598173515981735 0.060882800608828
6 0.4937214611872146 0.2115677321156773 0.017123287671232876 0.0273972602739726
16 0.533675799086758 0.19101978691019786 0.010273972602739725 0.1080669710806697
16 0.8961187214611872 0.21080669710806696 0.0136986301369863 0.0806697108066971
6 0.3281963470319635 0.23515981735159816 0.028538812785388126 0.1080669710806697
