10 0.2191780821917808 0.0441400304414003 0.2557077625570776 0.0852359208523592
11 0.9075342465753424 0.2252663622526636 0.18493150684931506 0.3226788432267884
6 0.9708904109589042 0.1735159817351598 0.05821917808219178 0.3439878234398782
10 0.9492009132420092 0.0289193302891933 0.03995433789954338 0.0547945205479452
7 0.8961187214611872 0.02968036529680365 0.05251141552511415 0.0350076103500761
6 0.7916666666666666 0.02511415525114155 0.019406392694063926 0.0471841704718417
0 0.3784246575342466 0.02207001522070015 0.014840182648401826 0.0410958904109589
6 0.8972602739726028 0.01750380517503805 0.02054794520547945 0.0319634703196347
0 0.5542237442922374 0.0213089802130898 0.014840182648401826 0.0395738203957382
16 0.7094748858447488 0.0182648401826484 0.010273972602739725 0.0334855403348554
16 0.6957762557077626 0.02054794520547945 0.007990867579908675 0.0380517503805175
3 0.5005707762557078 0.5235920852359208 0.9988584474885844 0.9528158295281582
