3 0.5005707762557078 0.7671232876712328 0.9988584474885844 0.4657534246575342
1 0.502283105022831 0.3698630136986301 0.02054794520547945 0.0547945205479452
0 0.692351598173516 0.4193302891933029 0.023972602739726026 0.1750380517503805
7 0.723744292237443 0.4771689497716895 0.02511415525114155 0.0563165905631659
3 0.91324200913242 0.4939117199391172 0.17123287671232876 0.0380517503805175
16 0.488013698630137 0.4269406392694064 0.012557077625570776 0.2176560121765601
16 0.1934931506849315 0.3302891933028919 0.028538812785388126 0.4353120243531202
14 0.634703196347032 0.4977168949771689 0.0091324200913242 0.0578386605783866
14 0.58675799086758 0.5030441400304414 0.0091324200913242 0.0593607305936073
14 0.8133561643835616 0.469558599695586 0.007990867579908675 0.0410958904109589
16 0.3264840182648402 0.3135464231354642 0.02054794520547945 0.45662100456621
14 0.8013698630136986 0.4710806697108067 0.0091324200913242 0.0410958904109589
16 0.7482876712328768 0.4185692541856925 0.012557077625570776 0.1582952815829528
0 0.2539954337899543 0.4193302891933029 0.03995433789954338 0.2633181126331811
0 0.7654109589041096 0.4277016742770167 0.014840182648401826 0.1035007610350076
0 0.9577625570776256 0.4254185692541857 0.01141552511415525 0.0593607305936073
6 0.8019406392694064 0.4375951293759513 0.014840182648401826 0.0258751902587519
0 0.718607305936073 0.4277016742770167 0.010273972602739725 0.0730593607305936
4 0.5884703196347032 0.5197869101978692 0.07191780821917808 0.0289193302891933
0 0.738013698630137 0.4322678843226788 0.014840182648401826 0.076103500761035
11 0.8025114155251142 0.4550989345509893 0.01598173515981735 0.0334855403348554
