10 0.1461187214611872 0.1308980213089802 0.2899543378995434 0.228310502283105
10 0.2722602739726027 0.0882800608828006 0.2636986301369863 0.1491628614916286
13 0.5211187214611872 0.05859969558599695 0.03538812785388128 0.0441400304414003
7 0.9343607305936074 0.06468797564687975 0.04908675799086758 0.0441400304414003
10 0.476027397260274 0.5471841704718418 0.9497716894977168 0.9056316590563166
0 0.4360730593607306 0.04185692541856925 0.0182648401826484 0.0806697108066971
16 0.579337899543379 0.0410958904109589 0.012557077625570776 0.0791476407914764
0 0.7728310502283106 0.0410958904109589 0.0182648401826484 0.0791476407914764
0 0.9788812785388128 0.04337899543378995 0.023972602739726026 0.0837138508371385
16 0.3829908675799087 0.0289193302891933 0.017123287671232876 0.0547945205479452
7 0.988013698630137 0.0624048706240487 0.021689497716894976 0.0517503805175038
