3 0.430365296803653 0.7024353120243532 0.8584474885844748 0.5951293759512938
16 0.3436073059360731 0.19863013698630136 0.0273972602739726 0.3881278538812785
1 0.3527397260273973 0.1765601217656012 0.0228310502283105 0.0578386605783866
7 0.2802511415525114 0.3607305936073059 0.028538812785388126 0.060882800608828
0 0.06792237442922375 0.2541856925418569 0.030821917808219176 0.213089802130898
14 0.7534246575342466 0.3394216133942161 0.01141552511415525 0.0426179604261796
0 0.4252283105022831 0.2678843226788432 0.028538812785388126 0.2374429223744292
16 0.5896118721461188 0.20928462709284626 0.014840182648401826 0.2359208523592085
16 0.5062785388127854 0.2998477929984779 0.019406392694063926 0.1735159817351598
14 0.5273972602739726 0.3485540334855403 0.00684931506849315 0.0334855403348554
15 0.7916666666666666 0.3242009132420091 0.012557077625570776 0.0243531202435312
10 0.6957762557077626 0.289193302891933 0.030821917808219176 0.0243531202435312
16 0.632420091324201 0.1719939117199391 0.0136986301369863 0.15220700152207
16 0.6763698630136986 0.14079147640791476 0.017123287671232876 0.2785388127853881
15 0.7071917808219178 0.3287671232876712 0.010273972602739725 0.0213089802130898
15 0.735730593607306 0.3264840182648402 0.010273972602739725 0.0228310502283105
15 0.7648401826484018 0.3249619482496195 0.01141552511415525 0.0228310502283105
14 0.6386986301369864 0.3432267884322679 0.007990867579908675 0.0380517503805175
