3 0.5353881278538812 0.786910197869102 0.9200913242009132 0.4231354642313546
10 0.934931506849315 0.573820395738204 0.13013698630136986 0.1704718417047184
10 0.06335616438356165 0.4794520547945205 0.07648401826484018 0.0395738203957382
16 0.6198630136986302 0.4398782343987823 0.01598173515981735 0.2557077625570776
1 0.14726027397260275 0.2876712328767123 0.01598173515981735 0.0487062404870624
14 0.5747716894977168 0.5312024353120244 0.014840182648401826 0.0639269406392694
1 0.6352739726027398 0.3637747336377473 0.019406392694063926 0.0578386605783866
0 0.9845890410958904 0.4596651445966514 0.023972602739726026 0.1308980213089802
16 0.8864155251141552 0.4794520547945205 0.012557077625570776 0.15220700152207
14 0.4235159817351598 0.5296803652968036 0.01141552511415525 0.060882800608828
16 0.7277397260273972 0.2853881278538813 0.023972602739726026 0.5616438356164384
0 0.015410958904109588 0.4452054794520548 0.017123287671232876 0.0745814307458143
1 0.12728310502283105 0.2853881278538813 0.017123287671232876 0.0502283105022831
16 0.2026255707762557 0.4482496194824962 0.010273972602739725 0.1232876712328767
0 0.4937214611872146 0.2899543378995434 0.017123287671232876 0.2054794520547945
0 0.2888127853881279 0.4459665144596651 0.0136986301369863 0.076103500761035
10 0.19006849315068494 0.469558599695586 0.03538812785388128 0.0289193302891933
0 0.0684931506849315 0.4360730593607306 0.01141552511415525 0.0471841704718417
0 0.4081050228310502 0.3226788432267884 0.012557077625570776 0.1461187214611872
3 0.1695205479452055 0.560882800608828 0.3367579908675799 0.0410958904109589
