3 0.5005707762557078 0.7146118721461188 0.9988584474885844 0.5707762557077626
10 0.062214611872146115 0.3736681887366819 0.03767123287671233 0.0289193302891933
10 0.7922374429223744 0.3660578386605784 0.07990867579908675 0.0410958904109589
1 0.4965753424657534 0.2640791476407915 0.0136986301369863 0.0441400304414003
16 0.4840182648401826 0.24733637747336376 0.01598173515981735 0.3272450532724505
14 0.634703196347032 0.3980213089802131 0.00684931506849315 0.0563165905631659
14 0.5679223744292238 0.3942161339421613 0.007990867579908675 0.0487062404870624
14 0.2831050228310502 0.3873668188736682 0.0091324200913242 0.0441400304414003
16 0.5182648401826484 0.2800608828006088 0.01141552511415525 0.2252663622526636
16 0.2773972602739726 0.3401826484018265 0.0091324200913242 0.1202435312024353
11 0.228310502283105 0.378234398782344 0.01141552511415525 0.0167427701674277
7 0.6546803652968036 0.3835616438356164 0.030821917808219176 0.0487062404870624
14 0.5747716894977168 0.3843226788432268 0.007990867579908675 0.0289193302891933
6 0.228310502283105 0.3698630136986301 0.0091324200913242 0.0213089802130898
16 0.95662100456621 0.2633181126331811 0.0091324200913242 0.1308980213089802
14 0.6221461187214612 0.3820395738203957 0.00684931506849315 0.0365296803652968
16 0.843607305936073 0.2557077625570776 0.01141552511415525 0.182648401826484
3 0.1815068493150685 0.3850837138508371 0.18949771689497716 0.0121765601217656
9 0.781392694063927 0.3462709284627093 0.1449771689497717 0.0715372907153729
0 0.5371004566210046 0.3569254185692542 0.007990867579908675 0.0563165905631659
