3 0.5005707762557078 0.678082191780822 0.9988584474885844 0.5038051750380518
10 0.10730593607305935 0.3949771689497717 0.09360730593607305 0.0532724505327245
10 0.9189497716894978 0.4063926940639269 0.16210045662100456 0.1035007610350076
13 0.708904109589041 0.395738203957382 0.0365296803652968 0.0395738203957382
10 0.05650684931506849 0.3881278538812785 0.04680365296803653 0.0395738203957382
16 0.8327625570776256 0.213089802130898 0.026255707762557076 0.4200913242009132
2 0.1050228310502283 0.2617960426179604 0.01141552511415525 0.0334855403348554
10 0.02054794520547945 0.3858447488584475 0.03881278538812785 0.0410958904109589
14 0.7511415525114156 0.4277016742770167 0.0136986301369863 0.0852359208523592
0 0.8042237442922374 0.3386605783866058 0.021689497716894976 0.1415525114155251
2 0.4651826484018265 0.3066971080669711 0.012557077625570776 0.0319634703196347
2 0.11757990867579908 0.2617960426179604 0.01141552511415525 0.0334855403348554
16 0.15468036529680365 0.332572298325723 0.010273972602739725 0.1354642313546423
6 0.860730593607306 0.3774733637747336 0.0182648401826484 0.030441400304414
16 0.4617579908675799 0.3736681887366819 0.007990867579908675 0.0958904109589041
11 0.4691780821917808 0.4071537290715373 0.02968036529680365 0.0319634703196347
0 0.9891552511415526 0.2998477929984779 0.019406392694063926 0.1004566210045662
