3 0.4280821917808219 0.8006088280060882 0.8538812785388128 0.3987823439878234
11 0.8573059360730594 0.5646879756468798 0.13470319634703196 0.121765601217656
10 0.136986301369863 0.4581430745814307 0.07077625570776255 0.0547945205479452
10 0.04280821917808219 0.4581430745814307 0.08333333333333333 0.0578386605783866
0 0.2117579908675799 0.4162861491628615 0.030821917808219176 0.2207001522070015
1 0.7231735159817352 0.2252663622526636 0.04680365296803653 0.1491628614916286
6 0.3795662100456621 0.4703196347031963 0.026255707762557076 0.0882800608828006
6 0.8670091324200914 0.5312024353120244 0.05365296803652968 0.1552511415525114
1 0.7300228310502284 0.350076103500761 0.030821917808219176 0.0821917808219178
16 0.8070776255707762 0.4436834094368341 0.0182648401826484 0.2511415525114155
10 0.09075342465753425 0.4512937595129376 0.03538812785388128 0.0350076103500761
16 0.9463470319634704 0.469558599695586 0.01598173515981735 0.2541856925418569
16 0.7494292237442922 0.3675799086757991 0.021689497716894976 0.4368340943683409
2 0.1375570776255708 0.24581430745814306 0.030821917808219176 0.0715372907153729
3 0.10616438356164383 0.5007610350076104 0.2100456621004566 0.0334855403348554
14 0.2334474885844749 0.4916286149162861 0.007990867579908675 0.0395738203957382
10 0.2671232876712329 0.4421613394216134 0.02054794520547945 0.0228310502283105
16 0.2482876712328767 0.3721461187214612 0.012557077625570776 0.2724505327245053
9 0.016552511415525113 0.4269406392694064 0.030821917808219176 0.0319634703196347
0 0.2899543378995434 0.4284627092846271 0.0136986301369863 0.1141552511415525
16 0.2734018264840183 0.3904109589041096 0.014840182648401826 0.2146118721461187
10 0.2317351598173516 0.4421613394216134 0.0136986301369863 0.0167427701674277
6 0.3544520547945205 0.4512937595129376 0.010273972602739725 0.0319634703196347
15 0.3042237442922374 0.4748858447488584 0.014840182648401826 0.0243531202435312
9 0.18664383561643835 0.4368340943683409 0.03767123287671233 0.0700152207001522
9 0.09189497716894977 0.4231354642313546 0.04908675799086758 0.0243531202435312
