3 0.4994292237442922 0.6354642313546424 0.9965753424657534 0.7290715372907154
10 0.7779680365296804 0.2762557077625571 0.3367579908675799 0.1415525114155251
16 0.9212328767123288 0.1628614916286149 0.0319634703196347 0.1643835616438356
1 0.5205479452054794 0.1202435312024353 0.02054794520547945 0.0487062404870624
7 0.54337899543379 0.2343987823439878 0.05251141552511415 0.0547945205479452
16 0.5268264840182648 0.2024353120243531 0.012557077625570776 0.1187214611872146
16 0.4332191780821918 0.12709284627092846 0.014840182648401826 0.2511415525114155
0 0.8264840182648402 0.1278538812785388 0.0273972602739726 0.1552511415525114
16 0.1461187214611872 0.1035007610350076 0.01598173515981735 0.197869101978691
6 0.3424657534246575 0.1917808219178082 0.0502283105022831 0.0943683409436834
16 0.410958904109589 0.0928462709284627 0.01141552511415525 0.182648401826484
3 0.13356164383561644 0.2237442922374429 0.2648401826484018 0.0487062404870624
16 0.3538812785388128 0.0654490106544901 0.0091324200913242 0.1278538812785388
6 0.7848173515981736 0.23668188736681886 0.023972602739726026 0.0289193302891933
16 0.2574200913242009 0.10882800608828005 0.010273972602739725 0.1872146118721461
9 0.3470319634703196 0.19710806697108066 0.1780821917808219 0.1933028919330289
