3 0.5005707762557078 0.7343987823439878 0.9988584474885844 0.5312024353120244
2 0.24771689497716895 0.2252663622526636 0.02511415525114155 0.0669710806697108
14 0.4537671232876712 0.4315068493150685 0.010273972602739725 0.0715372907153729
14 0.3852739726027397 0.4360730593607306 0.012557077625570776 0.0745814307458143
3 0.8795662100456622 0.426179604261796 0.2408675799086758 0.0426179604261796
16 0.2271689497716895 0.3105022831050228 0.02511415525114155 0.2983257229832572
16 0.7448630136986302 0.3447488584474886 0.014840182648401826 0.1445966514459665
16 0.6929223744292238 0.2625570776255708 0.0182648401826484 0.2359208523592085
16 0.021689497716894976 0.3409436834094368 0.01141552511415525 0.1248097412480974
16 0.8972602739726028 0.2808219178082192 0.02054794520547945 0.2115677321156773
16 0.5582191780821918 0.17427701674277016 0.01598173515981735 0.3394216133942161
14 0.9246575342465754 0.3896499238964992 0.0091324200913242 0.0334855403348554
14 0.7465753424657534 0.4063926940639269 0.0091324200913242 0.045662100456621
16 0.3818493150684932 0.3028919330289193 0.010273972602739725 0.1095890410958904
