3 0.6461187214611872 0.6689497716894978 0.7054794520547946 0.6590563165905632
10 0.651255707762557 0.2633181126331811 0.07420091324200913 0.0547945205479452
1 0.4925799086757991 0.1476407914764079 0.019406392694063926 0.0487062404870624
7 0.3304794520547945 0.2983257229832572 0.07876712328767123 0.0639269406392694
0 0.170662100456621 0.2541856925418569 0.030821917808219176 0.1461187214611872
2 0.7300228310502284 0.06164383561643835 0.019406392694063926 0.0563165905631659
16 0.2539954337899543 0.16666666666666666 0.021689497716894976 0.3272450532724505
16 0.66324200913242 0.182648401826484 0.0228310502283105 0.2374429223744292
10 0.7768264840182648 0.2595129375951294 0.04680365296803653 0.0410958904109589
0 0.8344748858447488 0.23820395738203956 0.02054794520547945 0.0958904109589041
16 0.6278538812785388 0.2252663622526636 0.0136986301369863 0.1430745814307458
16 0.0091324200913242 0.2602739726027397 0.01598173515981735 0.1400304414003044
16 0.8647260273972602 0.13470319634703196 0.026255707762557076 0.2663622526636225
2 0.7465753424657534 0.0624048706240487 0.0182648401826484 0.0578386605783866
16 0.990296803652968 0.24429223744292236 0.017123287671232876 0.1202435312024353
7 0.2705479452054795 0.2998477929984779 0.0730593607305936 0.0639269406392694
10 0.06735159817351598 0.2267884322678843 0.1141552511415525 0.030441400304414
0 0.4800228310502283 0.19710806697108066 0.014840182648401826 0.1567732115677321
16 0.5017123287671232 0.2115677321156773 0.014840182648401826 0.2222222222222222
3 0.8407534246575342 0.3082191780821918 0.3184931506849315 0.0319634703196347
7 0.18493150684931506 0.2899543378995434 0.07534246575342465 0.0715372907153729
5 0.005707762557077625 0.10273972602739725 0.0091324200913242 0.0563165905631659
5 0.007420091324200913 0.167427701674277 0.012557077625570776 0.0517503805175038
0 0.07363013698630137 0.197869101978691 0.014840182648401826 0.0882800608828006
0 0.5176940639269406 0.1887366818873668 0.017123287671232876 0.1704718417047184
0 0.4526255707762557 0.13774733637747336 0.014840182648401826 0.2359208523592085
0 0.5490867579908676 0.20624048706240486 0.01141552511415525 0.1019786910197869
10 0.795662100456621 0.2625570776255708 0.0410958904109589 0.0380517503805175
10 0.8156392694063926 0.2633181126331811 0.04908675799086758 0.0426179604261796
10 0.8573059360730594 0.2595129375951294 0.07077625570776255 0.0410958904109589
5 0.8162100456621004 0.21841704718417046 0.02054794520547945 0.0228310502283105
0 0.5976027397260274 0.2420091324200913 0.012557077625570776 0.0974124809741248
