18 0.6098039215686275 0.19117647058823528 0.396078431372549 0.36323529411764705
11 0.8872549019607843 0.18345588235294116 0.12745098039215685 0.13014705882352942
6 0.8985294117647059 0.14191176470588235 0.09901960784313725 0.1338235294117647
6 0.221078431372549 0.07279411764705883 0.030392156862745098 0.06764705882352941
6 0.16176470588235295 0.07573529411764705 0.029411764705882353 0.06323529411764706
6 0.19264705882352942 0.07389705882352941 0.028431372549019607 0.06544117647058824
6 0.0946078431372549 0.06691176470588235 0.030392156862745098 0.03823529411764706
6 0.043137254901960784 0.05625 0.01764705882352941 0.03897058823529412
0 0.39950980392156865 0.07830882352941176 0.024509803921568627 0.12426470588235294
0 0.3627450980392157 0.0724264705882353 0.023529411764705882 0.0875
0 0.7235294117647059 0.09816176470588235 0.1392156862745098 0.1875
11 0.0965686274509804 0.0838235294117647 0.028431372549019607 0.033823529411764704
10 0.8475490196078431 0.0900735294117647 0.10294117647058823 0.04044117647058824
11 0.061274509803921566 0.06838235294117648 0.04607843137254902 0.025
11 0.4357843137254902 0.1323529411764706 0.10098039215686275 0.08529411764705883
11 0.3573529411764706 0.09705882352941177 0.06568627450980392 0.041176470588235294
0 0.9426470588235294 0.039338235294117646 0.07549019607843137 0.07720588235294118
16 0.8549019607843137 0.06323529411764706 0.054901960784313725 0.125
4 0.5171568627450981 0.5661764705882353 0.4715686274509804 0.8676470588235294
