3 0.386986301369863 0.6917808219178082 0.771689497716895 0.6164383561643836
6 0.6929223744292238 0.3203957382039574 0.0502283105022831 0.1811263318112633
6 0.747716894977169 0.3089802130898021 0.04337899543378995 0.1643835616438356
6 0.1689497716894977 0.3257229832572298 0.0228310502283105 0.0882800608828006
16 0.9372146118721462 0.1856925418569254 0.04337899543378995 0.365296803652968
6 0.13070776255707764 0.334855403348554 0.030821917808219176 0.0943683409436834
6 0.238013698630137 0.3280060882800609 0.023972602739726026 0.0776255707762557
2 0.4429223744292237 0.11948249619482496 0.0228310502283105 0.0532724505327245
16 0.8356164383561644 0.1872146118721461 0.0410958904109589 0.3713850837138508
2 0.7049086757990868 0.1324200913242009 0.028538812785388126 0.0578386605783866
2 0.5827625570776256 0.15296803652968036 0.021689497716894976 0.0684931506849315
7 0.8618721461187214 0.3287671232876712 0.091324200913242 0.076103500761035
6 0.3436073059360731 0.3112633181126332 0.0228310502283105 0.0684931506849315
16 0.454337899543379 0.16057838660578386 0.0228310502283105 0.3120243531202435
6 0.5559360730593608 0.2968036529680365 0.0228310502283105 0.0974124809741248
6 0.2106164383561644 0.3226788432267884 0.023972602739726026 0.091324200913242
6 0.18949771689497716 0.3287671232876712 0.02968036529680365 0.0943683409436834
16 0.8938356164383562 0.15449010654490106 0.0228310502283105 0.3059360730593607
5 0.6027397260273972 0.1780821917808219 0.02054794520547945 0.030441400304414
0 0.9851598173515982 0.2161339421613394 0.02968036529680365 0.3013698630136986
16 0.3881278538812785 0.2115677321156773 0.0136986301369863 0.1582952815829528
7 0.4143835616438356 0.3211567732115677 0.0273972602739726 0.0426179604261796
6 0.4138127853881279 0.30441400304414 0.023972602739726026 0.0639269406392694
7 0.3715753424657534 0.3257229832572298 0.023972602739726026 0.0426179604261796
6 0.5736301369863014 0.2983257229832572 0.021689497716894976 0.1095890410958904
16 0.603310502283105 0.2701674277016743 0.010273972602739725 0.1080669710806697
6 0.3704337899543379 0.3006088280060883 0.019406392694063926 0.0502283105022831
16 0.7254566210045662 0.2237442922374429 0.017123287671232876 0.289193302891933
16 0.5918949771689498 0.2732115677321157 0.012557077625570776 0.1050228310502283
3 0.3144977168949772 0.3698630136986301 0.4828767123287671 0.0517503805175038
6 0.5279680365296804 0.3112633181126332 0.026255707762557076 0.0837138508371385
6 0.5810502283105022 0.289193302891933 0.02054794520547945 0.0943683409436834
11 0.6050228310502284 0.2922374429223744 0.0228310502283105 0.0395738203957382
11 0.644406392694064 0.2853881278538813 0.014840182648401826 0.0228310502283105
11 0.934931506849315 0.3112633181126332 0.05251141552511415 0.0989345509893455
