13 0.5294117647058824 0.26286764705882354 0.049019607843137254 0.0375
11 0.8602941176470589 0.24816176470588236 0.04411764705882353 0.03897058823529412
11 0.8093137254901961 0.24889705882352942 0.04215686274509804 0.04044117647058824
0 0.7602941176470588 0.20294117647058824 0.04215686274509804 0.12352941176470589
11 0.9142156862745098 0.24779411764705883 0.04215686274509804 0.03529411764705882
2 0.1034313725490196 0.16470588235294117 0.016666666666666666 0.023529411764705882
6 0.39558823529411763 0.24595588235294116 0.020588235294117647 0.04044117647058824
0 0.4303921568627451 0.22169117647058822 0.047058823529411764 0.09044117647058823
10 0.015196078431372549 0.24375 0.028431372549019607 0.019852941176470587
3 0.5004901960784314 0.6448529411764706 0.9990196078431373 0.7102941176470589
6 0.1377450980392157 0.2452205882352941 0.014705882352941176 0.02426470588235294
2 0.07107843137254902 0.16544117647058823 0.016666666666666666 0.026470588235294117
0 0.1803921568627451 0.21544117647058825 0.029411764705882353 0.051470588235294115
6 0.7857843137254902 0.21801470588235294 0.020588235294117647 0.019852941176470587
2 0.7044117647058824 0.18161764705882352 0.020588235294117647 0.030882352941176472
14 0.9602941176470589 0.2540441176470588 0.012745098039215686 0.022794117647058822
5 0.09411764705882353 0.16838235294117648 0.013725490196078431 0.013235294117647059
6 0.29215686274509806 0.25220588235294117 0.021568627450980392 0.045588235294117645
16 0.32107843137254904 0.24338235294117647 0.014705882352941176 0.06911764705882353
11 0.3857843137254902 0.2595588235294118 0.03823529411764706 0.03823529411764706
11 0.353921568627451 0.2613970588235294 0.03725490196078431 0.03455882352941177
11 0.04607843137254902 0.24375 0.060784313725490195 0.022794117647058822
14 0.039705882352941174 0.24669117647058825 0.008823529411764706 0.016911764705882352
