3 0.6084474885844748 0.8059360730593608 0.7808219178082192 0.3881278538812785
6 0.660958904109589 0.6111111111111112 0.0821917808219178 0.3302891933028919
11 0.8915525114155252 0.5882800608828006 0.15753424657534246 0.1202435312024353
1 0.6535388127853882 0.2853881278538813 0.03767123287671233 0.1354642313546423
6 0.8932648401826484 0.5745814307458144 0.05593607305936073 0.1598173515981735
3 0.1695205479452055 0.5882800608828006 0.3344748858447489 0.0502283105022831
2 0.3441780821917808 0.378234398782344 0.030821917808219176 0.0806697108066971
0 0.028538812785388126 0.4672754946727549 0.02511415525114155 0.1582952815829528
10 0.12442922374429223 0.4893455098934551 0.0684931506849315 0.0441400304414003
0 0.3944063926940639 0.4802130898021309 0.014840182648401826 0.0928462709284627
16 0.678082191780822 0.3515981735159817 0.0182648401826484 0.2648401826484018
7 0.3601598173515982 0.530441400304414 0.04223744292237443 0.0441400304414003
0 0.8978310502283106 0.4155251141552511 0.021689497716894976 0.1400304414003044
6 0.420662100456621 0.5038051750380518 0.014840182648401826 0.0487062404870624
1 0.3567351598173516 0.4436834094368341 0.014840182648401826 0.0380517503805175
11 0.1506849315068493 0.5296803652968036 0.02968036529680365 0.045662100456621
19 0.3321917808219178 0.5388127853881278 0.0136986301369863 0.0395738203957382
6 0.4389269406392694 0.502283105022831 0.012557077625570776 0.0578386605783866
10 0.17636986301369864 0.4939117199391172 0.033105022831050226 0.0228310502283105
16 0.3464611872146119 0.4916286149162861 0.010273972602739725 0.1400304414003044
0 0.8424657534246576 0.4512937595129376 0.02511415525114155 0.1293759512937595
16 0.11015981735159817 0.3249619482496195 0.021689497716894976 0.4277016742770167
0 0.4041095890410959 0.4779299847792998 0.01141552511415525 0.0791476407914764
10 0.07876712328767123 0.4946727549467275 0.0273972602739726 0.0426179604261796
6 0.3179223744292237 0.5114155251141552 0.019406392694063926 0.0487062404870624
11 0.3133561643835616 0.5296803652968036 0.023972602739726026 0.0426179604261796
6 0.1512557077625571 0.5091324200913242 0.023972602739726026 0.0532724505327245
0 0.3664383561643836 0.4680365296803653 0.01141552511415525 0.1050228310502283
16 0.06678082191780822 0.4832572298325723 0.007990867579908675 0.0958904109589041
10 0.013127853881278538 0.5030441400304414 0.023972602739726026 0.0441400304414003
0 0.968607305936073 0.4132420091324201 0.026255707762557076 0.1019786910197869
11 0.3019406392694064 0.5220700152207002 0.014840182648401826 0.0334855403348554
0 0.9492009132420092 0.3964992389649924 0.023972602739726026 0.1050228310502283
4 0.5028538812785388 0.5852359208523592 0.05821917808219178 0.0563165905631659
6 0.4463470319634703 0.4992389649923896 0.0136986301369863 0.0517503805175038
10 0.03139269406392694 0.5007610350076104 0.05593607305936073 0.0487062404870624
6 0.3030821917808219 0.502283105022831 0.017123287671232876 0.0334855403348554
