10 0.19748858447488585 0.5342465753424658 0.2831050228310502 0.1430745814307458
10 0.3738584474885845 0.4923896499238965 0.07191780821917808 0.0776255707762557
3 0.502283105022831 0.7724505327245054 0.9908675799086758 0.4520547945205479
0 0.6638127853881278 0.4619482496194825 0.017123287671232876 0.1385083713850837
0 0.8852739726027398 0.4337899543378995 0.026255707762557076 0.1856925418569254
10 0.2705479452054795 0.802130898021309 0.5388127853881278 0.395738203957382
16 0.636986301369863 0.4893455098934551 0.0091324200913242 0.1019786910197869
16 0.5742009132420092 0.3698630136986301 0.01598173515981735 0.3318112633181126
7 0.9874429223744292 0.5091324200913242 0.02511415525114155 0.0745814307458143
1 0.5605022831050228 0.3812785388127854 0.02054794520547945 0.0441400304414003
16 0.4726027397260274 0.2823439878234399 0.02054794520547945 0.5038051750380518
6 0.20662100456621005 0.4923896499238965 0.0182648401826484 0.0319634703196347
11 0.5371004566210046 0.5045662100456622 0.026255707762557076 0.0684931506849315
10 0.014840182648401826 0.4756468797564688 0.0273972602739726 0.0502283105022831
10 0.09531963470319635 0.4748858447488584 0.05821917808219178 0.0487062404870624
10 0.08162100456621005 0.4824961948249619 0.030821917808219176 0.0395738203957382
14 0.0410958904109589 0.4961948249619482 0.00684931506849315 0.0243531202435312
14 0.04737442922374429 0.4961948249619482 0.005707762557077625 0.0243531202435312
14 0.05365296803652968 0.4939117199391172 0.00684931506849315 0.0228310502283105
