10 0.09215686274509804 0.17794117647058824 0.17254901960784313 0.060294117647058824
11 0.4107843137254902 0.24963235294117647 0.11960784313725491 0.10955882352941176
0 0.49117647058823527 0.15220588235294116 0.03725490196078431 0.14852941176470588
0 0.6269607843137255 0.14669117647058824 0.03823529411764706 0.09485294117647058
6 0.7946078431372549 0.16654411764705881 0.026470588235294117 0.05220588235294118
11 0.9014705882352941 0.17830882352941177 0.04607843137254902 0.05367647058823529
11 0.8637254901960785 0.17941176470588235 0.06274509803921569 0.045588235294117645
0 0.27990196078431373 0.16029411764705884 0.1715686274509804 0.3176470588235294
6 0.6529411764705882 0.1650735294117647 0.013725490196078431 0.019852941176470587
6 0.7534313725490196 0.1676470588235294 0.020588235294117647 0.047058823529411764
19 0.5235294117647059 0.20808823529411766 0.023529411764705882 0.047058823529411764
16 0.44754901960784316 0.12205882352941176 0.03431372549019608 0.23970588235294119
6 0.7147058823529412 0.16838235294117648 0.021568627450980392 0.047058823529411764
6 0.6813725490196079 0.16580882352941176 0.01568627450980392 0.019852941176470587
16 0.42401960784313725 0.12169117647058823 0.03431372549019608 0.24191176470588235
16 0.7098039215686275 0.10330882352941176 0.021568627450980392 0.15955882352941175
15 0.6583333333333333 0.18970588235294117 0.012745098039215686 0.011764705882352941
0 0.7323529411764705 0.14926470588235294 0.01568627450980392 0.05588235294117647
10 0.24362745098039215 0.16727941176470587 0.03431372549019608 0.04926470588235294
11 0.2019607843137255 0.17279411764705882 0.027450980392156862 0.026470588235294117
6 0.2019607843137255 0.1577205882352941 0.0196078431372549 0.019852941176470587
10 0.41323529411764703 0.15808823529411764 0.06372549019607843 0.01764705882352941
13 0.21323529411764705 0.30919117647058825 0.17745098039215687 0.1889705882352941
4 0.45 0.6257352941176471 0.36666666666666664 0.7485294117647059
11 0.678921568627451 0.175 0.014705882352941176 0.01764705882352941
11 0.6524509803921569 0.1738970588235294 0.016666666666666666 0.016911764705882352
15 0.6720588235294118 0.23786764705882352 0.020588235294117647 0.016911764705882352
15 0.6700980392156862 0.225 0.020588235294117647 0.013235294117647059
15 0.6735294117647059 0.21470588235294116 0.01764705882352941 0.011764705882352941
15 0.6906862745098039 0.2099264705882353 0.014705882352941176 0.0125
6 0.7426470588235294 0.16911764705882354 0.014705882352941176 0.045588235294117645
