3 0.6621004566210046 0.5273972602739726 0.6666666666666666 0.2815829528158295
10 0.7539954337899544 0.3698630136986301 0.2568493150684932 0.1643835616438356
11 0.0821917808219178 0.3736681887366819 0.0867579908675799 0.0654490106544901
10 0.946917808219178 0.3211567732115677 0.10616438356164383 0.076103500761035
10 0.884703196347032 0.3508371385083714 0.1232876712328767 0.0837138508371385
10 0.4218036529680365 0.3257229832572298 0.05365296803652968 0.045662100456621
11 0.610730593607306 0.3493150684931507 0.0228310502283105 0.0593607305936073
2 0.1113013698630137 0.24581430745814306 0.014840182648401826 0.0410958904109589
10 0.2819634703196347 0.3234398782343988 0.04794520547945205 0.0471841704718417
10 0.5348173515981736 0.3188736681887367 0.05821917808219178 0.0532724505327245
10 0.5918949771689498 0.317351598173516 0.06050228310502283 0.0563165905631659
10 0.012557077625570776 0.3302891933028919 0.0228310502283105 0.0243531202435312
11 0.545662100456621 0.3515981735159817 0.0365296803652968 0.0547945205479452
16 0.3105022831050228 0.2359208523592085 0.0228310502283105 0.2678843226788432
15 0.2648401826484018 0.3698630136986301 0.01598173515981735 0.0243531202435312
6 0.08162100456621005 0.3622526636225266 0.033105022831050226 0.091324200913242
2 0.5279680365296804 0.2511415525114155 0.017123287671232876 0.0395738203957382
6 0.466324200913242 0.3302891933028919 0.017123287671232876 0.0639269406392694
15 0.4394977168949772 0.3668188736681887 0.01598173515981735 0.0213089802130898
10 0.4737442922374429 0.3165905631659056 0.05707762557077625 0.045662100456621
14 0.3784246575342466 0.3614916286149163 0.007990867579908675 0.0380517503805175
14 0.4914383561643836 0.3637747336377473 0.007990867579908675 0.0395738203957382
10 0.04908675799086758 0.3272450532724505 0.02511415525114155 0.0213089802130898
15 0.2191780821917808 0.3675799086757991 0.01598173515981735 0.0228310502283105
16 0.8909817351598174 0.2846270928462709 0.007990867579908675 0.0517503805175038
16 0.3276255707762557 0.1917808219178082 0.0273972602739726 0.365296803652968
15 0.1615296803652968 0.3668188736681887 0.012557077625570776 0.0213089802130898
10 0.3595890410958904 0.3295281582952816 0.045662100456621 0.0441400304414003
16 0.535958904109589 0.2640791476407915 0.014840182648401826 0.2328767123287671
15 0.18664383561643835 0.365296803652968 0.012557077625570776 0.0213089802130898
16 0.10616438356164383 0.2876712328767123 0.0136986301369863 0.1582952815829528
16 0.1141552511415525 0.3105022831050228 0.0091324200913242 0.0791476407914764
14 0.9794520547945206 0.5616438356164384 0.03881278538812785 0.1856925418569254
11 0.5821917808219178 0.3531202435312024 0.02054794520547945 0.0517503805175038
0 0.13356164383561644 0.3006088280060883 0.0136986301369863 0.0563165905631659
