3 0.6187214611872146 0.7290715372907154 0.7625570776255708 0.5388127853881278
6 0.13470319634703196 0.4345509893455099 0.08447488584474885 0.2815829528158295
6 0.5981735159817352 0.4535768645357686 0.14383561643835616 0.30441400304414
11 0.6021689497716894 0.541095890410959 0.29337899543379 0.2541856925418569
9 0.20319634703196346 0.2945205479452055 0.3470319634703196 0.2024353120243531
11 0.2848173515981735 0.393455098934551 0.12442922374429223 0.0989345509893455
11 0.13527397260273974 0.4558599695585997 0.2408675799086758 0.2146118721461187
10 0.7471461187214612 0.3675799086757991 0.1358447488584475 0.0837138508371385
2 0.6997716894977168 0.121765601217656 0.0228310502283105 0.0700152207001522
6 0.4617579908675799 0.3538812785388128 0.033105022831050226 0.1080669710806697
6 0.3909817351598174 0.3546423135464231 0.033105022831050226 0.121765601217656
2 0.3481735159817352 0.1719939117199391 0.02511415525114155 0.0639269406392694
16 0.9765981735159818 0.3417047184170472 0.014840182648401826 0.0989345509893455
6 0.2831050228310502 0.3675799086757991 0.0547945205479452 0.1567732115677321
16 0.8144977168949772 0.1993911719939117 0.033105022831050226 0.3318112633181126
6 0.863013698630137 0.3858447488584475 0.04337899543378995 0.1202435312024353
6 0.7351598173515982 0.3698630136986301 0.02968036529680365 0.1187214611872146
11 0.0884703196347032 0.7671232876712328 0.17465753424657535 0.4657534246575342
3 0.8207762557077626 0.4246575342465753 0.3561643835616438 0.0547945205479452
6 0.5171232876712328 0.3668188736681887 0.02511415525114155 0.1156773211567732
16 0.3253424657534247 0.2519025875190259 0.0182648401826484 0.2511415525114155
16 0.603310502283105 0.20928462709284626 0.014840182648401826 0.1841704718417047
16 0.5901826484018264 0.1582952815829528 0.0182648401826484 0.2831050228310502
16 0.571917808219178 0.21993911719939116 0.01141552511415525 0.1598173515981735
10 0.9908675799086758 0.3835616438356164 0.0182648401826484 0.076103500761035
6 0.6541095890410958 0.3356164383561644 0.02511415525114155 0.0471841704718417
11 0.6318493150684932 0.3835616438356164 0.03995433789954338 0.060882800608828
8 0.454337899543379 0.2929984779299848 0.03424657534246575 0.0258751902587519
7 0.4817351598173516 0.3789954337899543 0.0730593607305936 0.0426179604261796
0 0.5051369863013698 0.2914764079147641 0.017123287671232876 0.0593607305936073
6 0.408675799086758 0.3272450532724505 0.0182648401826484 0.0578386605783866
7 0.4218036529680365 0.3675799086757991 0.03767123287671233 0.0441400304414003
11 0.9577625570776256 0.3668188736681887 0.03424657534246575 0.0395738203957382
11 0.9240867579908676 0.3645357686453577 0.028538812785388126 0.0380517503805175
11 0.8641552511415526 0.4216133942161339 0.0684931506849315 0.0943683409436834
6 0.627283105022831 0.34779299847793 0.03538812785388128 0.0502283105022831
0 0.4885844748858447 0.2846270928462709 0.01598173515981735 0.091324200913242
11 0.8984018264840182 0.3592085235920852 0.0228310502283105 0.045662100456621
