3 0.5 0.7062404870624048 0.997716894977169 0.5875190258751902
10 0.9320776255707762 0.3561643835616438 0.1358447488584475 0.1735159817351598
11 0.6204337899543378 0.4337899543378995 0.1358447488584475 0.1339421613394216
11 0.10331050228310502 0.4231354642313546 0.11757990867579908 0.0974124809741248
14 0.920662100456621 0.8409436834094368 0.05136986301369863 0.3181126331811263
1 0.4714611872146119 0.22602739726027396 0.02054794520547945 0.0502283105022831
1 0.19577625570776255 0.1308980213089802 0.026255707762557076 0.076103500761035
11 0.19121004566210045 0.4155251141552511 0.09474885844748858 0.076103500761035
6 0.18835616438356165 0.3858447488584475 0.045662100456621 0.1050228310502283
10 0.2688356164383562 0.3439878234398782 0.03995433789954338 0.0334855403348554
10 0.22203196347031964 0.3493150684931507 0.04908675799086758 0.0380517503805175
6 0.6267123287671232 0.395738203957382 0.0547945205479452 0.1552511415525114
16 0.922945205479452 0.2732115677321157 0.012557077625570776 0.1080669710806697
16 0.4628995433789954 0.2945205479452055 0.017123287671232876 0.2176560121765601
6 0.10445205479452055 0.3942161339421613 0.05136986301369863 0.1156773211567732
16 0.3013698630136986 0.2359208523592085 0.02511415525114155 0.2313546423135464
14 0.5159817351598174 0.3896499238964992 0.0091324200913242 0.0517503805175038
16 0.7539954337899544 0.2039573820395738 0.019406392694063926 0.3835616438356164
10 0.2905251141552511 0.3386605783866058 0.019406392694063926 0.0258751902587519
14 0.5742009132420092 0.3858447488584475 0.0091324200913242 0.0502283105022831
14 0.3242009132420091 0.3835616438356164 0.00684931506849315 0.0395738203957382
10 0.17465753424657535 0.3538812785388128 0.05251141552511415 0.0380517503805175
14 0.3378995433789954 0.3858447488584475 0.0091324200913242 0.0380517503805175
3 0.2751141552511416 0.4079147640791476 0.09817351598173515 0.0334855403348554
10 0.09931506849315068 0.3622526636225266 0.0958904109589041 0.0669710806697108
14 0.553082191780822 0.9490106544901066 0.04680365296803653 0.1019786910197869
0 0.04280821917808219 0.3394216133942161 0.014840182648401826 0.0821917808219178
0 0.02454337899543379 0.3386605783866058 0.014840182648401826 0.0958904109589041
5 0.22602739726027396 0.12709284627092846 0.0319634703196347 0.0441400304414003
5 0.3407534246575342 0.2222222222222222 0.017123287671232876 0.0243531202435312
16 0.3133561643835616 0.2983257229832572 0.012557077625570776 0.0852359208523592
3 0.037100456621004564 0.4193302891933029 0.07191780821917808 0.0441400304414003
16 0.22317351598173515 0.24277016742770166 0.019406392694063926 0.1780821917808219
