3 0.6518264840182648 0.756468797564688 0.684931506849315 0.4383561643835616
11 0.16837899543378995 0.5707762557077626 0.08333333333333333 0.1248097412480974
6 0.7009132420091324 0.7549467275494672 0.2100456621004566 0.4596651445966514
6 0.16666666666666666 0.5251141552511416 0.06621004566210045 0.1278538812785388
3 0.20205479452054795 0.5243531202435312 0.3356164383561644 0.0350076103500761
6 0.5844748858447488 0.5144596651445966 0.03424657534246575 0.136986301369863
0 0.940068493150685 0.4589041095890411 0.026255707762557076 0.1872146118721461
10 0.15296803652968036 0.4786910197869102 0.10273972602739725 0.0776255707762557
0 0.6552511415525114 0.4550989345509893 0.02054794520547945 0.1765601217656012
6 0.2682648401826484 0.4878234398782344 0.0228310502283105 0.0715372907153729
10 0.0228310502283105 0.5182648401826484 0.04337899543378995 0.1628614916286149
16 0.863013698630137 0.4726027397260274 0.01141552511415525 0.1476407914764079
2 0.3344748858447489 0.3904109589041096 0.0136986301369863 0.0319634703196347
2 0.4691780821917808 0.4155251141552511 0.0136986301369863 0.0395738203957382
0 0.0821917808219178 0.4474885844748858 0.0136986301369863 0.0791476407914764
10 0.20947488584474885 0.4726027397260274 0.028538812785388126 0.0441400304414003
10 0.285958904109589 0.4627092846270928 0.026255707762557076 0.0243531202435312
16 0.4617579908675799 0.4794520547945205 0.010273972602739725 0.0974124809741248
7 0.2671232876712329 0.5121765601217656 0.0182648401826484 0.0441400304414003
10 0.3047945205479452 0.4649923896499239 0.0182648401826484 0.0197869101978691
7 0.3829908675799087 0.4832572298325723 0.033105022831050226 0.0258751902587519
0 0.025684931506849314 0.4117199391171994 0.012557077625570776 0.0654490106544901
9 0.039383561643835614 0.4726027397260274 0.05365296803652968 0.0593607305936073
10 0.2602739726027397 0.4665144596651446 0.02968036529680365 0.0228310502283105
16 0.9851598173515982 0.423896499238965 0.0273972602739726 0.2511415525114155
0 0.23687214611872145 0.4482496194824962 0.007990867579908675 0.0471841704718417
6 0.18036529680365296 0.4992389649923896 0.0365296803652968 0.091324200913242
0 0.3441780821917808 0.4375951293759513 0.019406392694063926 0.1537290715372907
16 0.3641552511415525 0.4505327245053272 0.01141552511415525 0.0974124809741248
10 0.22602739726027396 0.469558599695586 0.0182648401826484 0.0319634703196347
