3 0.5 0.7161339421613394 0.997716894977169 0.5646879756468798
6 0.1843607305936073 0.3736681887366819 0.11529680365296803 0.3272450532724505
11 0.6775114155251142 0.4436834094368341 0.2773972602739726 0.2085235920852359
6 0.682648401826484 0.410958904109589 0.1141552511415525 0.3165905631659056
16 0.7968036529680366 0.167427701674277 0.0365296803652968 0.3318112633181126
11 0.9406392694063926 0.3774733637747336 0.11643835616438356 0.1491628614916286
6 0.3441780821917808 0.2968036529680365 0.021689497716894976 0.1004566210045662
6 0.8521689497716894 0.34779299847793 0.06050228310502283 0.1902587519025875
11 0.5679223744292238 0.3896499238964992 0.08561643835616438 0.1582952815829528
6 0.6426940639269406 0.2937595129375951 0.04337899543378995 0.1004566210045662
6 0.4554794520547945 0.2914764079147641 0.04337899543378995 0.1141552511415525
16 0.6786529680365296 0.1948249619482496 0.019406392694063926 0.15220700152207
6 0.2916666666666667 0.3143074581430746 0.05365296803652968 0.1841704718417047
16 0.3219178082191781 0.17884322678843226 0.02511415525114155 0.3485540334855403
0 0.4098173515981735 0.21993911719939116 0.0228310502283105 0.1841704718417047
6 0.228310502283105 0.3051750380517504 0.0365296803652968 0.1415525114155251
11 0.4526255707762557 0.3188736681887367 0.04908675799086758 0.0837138508371385
1 0.3430365296803653 0.1552511415525114 0.023972602739726026 0.0639269406392694
11 0.9560502283105022 0.4809741248097412 0.08789954337899543 0.2648401826484018
0 0.1067351598173516 0.2252663622526636 0.023972602739726026 0.1126331811263318
11 0.8481735159817352 0.3698630136986301 0.1141552511415525 0.1339421613394216
6 0.2574200913242009 0.2884322678843227 0.03538812785388128 0.1263318112633181
6 0.5028538812785388 0.2534246575342466 0.021689497716894976 0.0684931506849315
5 0.3744292237442922 0.1324200913242009 0.0228310502283105 0.045662100456621
7 0.29337899543379 0.3622526636225266 0.0639269406392694 0.106544901065449
9 0.23972602739726026 0.2374429223744292 0.07534246575342465 0.0639269406392694
2 0.3167808219178082 0.0639269406392694 0.04223744292237443 0.121765601217656
5 0.3744292237442922 0.0502283105022831 0.02511415525114155 0.045662100456621
7 0.2631278538812785 0.3424657534246575 0.030821917808219176 0.0821917808219178
6 0.4794520547945205 0.2579908675799087 0.0182648401826484 0.0593607305936073
16 0.3738584474885845 0.2404870624048706 0.019406392694063926 0.167427701674277
3 0.0821917808219178 0.334855403348554 0.1598173515981735 0.0639269406392694
6 0.9811643835616438 0.3181126331811263 0.03767123287671233 0.1339421613394216
16 0.3578767123287671 0.17275494672754946 0.017123287671232876 0.3333333333333333
2 0.7722602739726028 0.02511415525114155 0.05136986301369863 0.0471841704718417
1 0.7722602739726028 0.02663622526636225 0.05593607305936073 0.0502283105022831
0 0.4309360730593607 0.2252663622526636 0.017123287671232876 0.0882800608828006
11 0.5736301369863014 0.3356164383561644 0.06506849315068493 0.1415525114155251
4 0.4178082191780822 0.3904109589041096 0.1141552511415525 0.0563165905631659
16 0.2134703196347032 0.1491628614916286 0.01598173515981735 0.1187214611872146
