3 0.5587899543378996 0.7625570776255708 0.7842465753424658 0.4748858447488584
10 0.2990867579908676 0.4573820395738204 0.03424657534246575 0.0289193302891933
6 0.7071917808219178 0.4748858447488584 0.019406392694063926 0.076103500761035
7 0.8156392694063926 0.5030441400304414 0.030821917808219176 0.0624048706240487
0 0.8641552511415526 0.4444444444444444 0.0228310502283105 0.1765601217656012
0 0.6278538812785388 0.4520547945205479 0.01598173515981735 0.1248097412480974
0 0.14726027397260275 0.439117199391172 0.0136986301369863 0.0745814307458143
2 0.3247716894977169 0.3082191780821918 0.012557077625570776 0.0380517503805175
0 0.09075342465753425 0.4490106544901065 0.014840182648401826 0.0730593607305936
2 0.3122146118721461 0.3082191780821918 0.014840182648401826 0.0380517503805175
10 0.4731735159817352 0.454337899543379 0.03538812785388128 0.0258751902587519
10 0.3247716894977169 0.4581430745814307 0.019406392694063926 0.0213089802130898
0 0.4332191780821918 0.4505327245053272 0.014840182648401826 0.1004566210045662
10 0.3401826484018265 0.45662100456621 0.02054794520547945 0.0213089802130898
10 0.4001141552511416 0.4619482496194825 0.023972602739726026 0.0289193302891933
1 0.4571917808219178 0.3850837138508371 0.012557077625570776 0.0395738203957382
16 0.03367579908675799 0.363013698630137 0.012557077625570776 0.2633181126331811
0 0.19463470319634704 0.4421613394216134 0.010273972602739725 0.0654490106544901
16 0.4514840182648402 0.4284627092846271 0.012557077625570776 0.1537290715372907
10 0.3561643835616438 0.454337899543379 0.01598173515981735 0.0197869101978691
0 0.06335616438356165 0.4436834094368341 0.010273972602739725 0.0654490106544901
3 0.182648401826484 0.5053272450532724 0.363013698630137 0.030441400304414
10 0.3841324200913242 0.4550989345509893 0.012557077625570776 0.0182648401826484
16 0.21118721461187215 0.4482496194824962 0.0091324200913242 0.0593607305936073
16 0.3715753424657534 0.45662100456621 0.012557077625570776 0.076103500761035
