3 0.6569634703196348 0.6948249619482496 0.6860730593607306 0.6103500761035008
16 0.2699771689497717 0.19101978691019786 0.021689497716894976 0.3789954337899543
16 0.6775114155251142 0.2313546423135464 0.019406392694063926 0.2313546423135464
7 0.3430365296803653 0.3515981735159817 0.07648401826484018 0.0700152207001522
2 0.7420091324200914 0.11187214611872145 0.02054794520547945 0.0563165905631659
10 0.7973744292237442 0.3036529680365297 0.05136986301369863 0.0410958904109589
2 0.5045662100456622 0.1993911719939117 0.02054794520547945 0.0487062404870624
0 0.1872146118721461 0.3089802130898021 0.02968036529680365 0.1461187214611872
16 0.02968036529680365 0.319634703196347 0.0182648401826484 0.1308980213089802
2 0.7585616438356164 0.1111111111111111 0.014840182648401826 0.0547945205479452
7 0.2825342465753425 0.3455098934550989 0.06050228310502283 0.0669710806697108
16 0.6421232876712328 0.2747336377473364 0.012557077625570776 0.1354642313546423
7 0.2014840182648402 0.3409436834094368 0.07648401826484018 0.0730593607305936
5 0.021689497716894976 0.16362252663622526 0.02511415525114155 0.0593607305936073
16 0.514269406392694 0.2678843226788432 0.012557077625570776 0.2191780821917808
10 0.09018264840182648 0.2838660578386606 0.12100456621004566 0.0319634703196347
0 0.5308219178082192 0.2526636225266362 0.01598173515981735 0.1643835616438356
0 0.8504566210045662 0.2899543378995434 0.01598173515981735 0.0837138508371385
3 0.841324200913242 0.3538812785388128 0.317351598173516 0.0350076103500761
10 0.8321917808219178 0.30441400304414 0.04794520547945205 0.0365296803652968
16 0.8801369863013698 0.1750380517503805 0.0273972602739726 0.2770167427701674
0 0.3304794520547945 0.2526636225266362 0.012557077625570776 0.0639269406392694
16 0.4686073059360731 0.1537290715372907 0.014840182648401826 0.289193302891933
0 0.4942922374429224 0.24733637747336376 0.0136986301369863 0.1598173515981735
10 0.8789954337899544 0.3059360730593607 0.0730593607305936 0.0395738203957382
0 0.2511415525114155 0.2815829528158295 0.01598173515981735 0.1095890410958904
0 0.4686073059360731 0.1567732115677321 0.014840182648401826 0.289193302891933
0 0.6141552511415526 0.2876712328767123 0.01141552511415525 0.0821917808219178
5 0.02454337899543379 0.2237442922374429 0.033105022831050226 0.0578386605783866
0 0.5622146118721462 0.2595129375951294 0.012557077625570776 0.0989345509893455
10 0.809931506849315 0.3074581430745814 0.033105022831050226 0.0395738203957382
5 0.833904109589041 0.2656012176560122 0.019406392694063926 0.0258751902587519
5 0.8373287671232876 0.23972602739726026 0.019406392694063926 0.0258751902587519
