3 0.6426940639269406 0.6796042617960426 0.7123287671232876 0.6407914764079148
16 0.1386986301369863 0.2625570776255708 0.028538812785388126 0.1872146118721461
16 0.07990867579908675 0.24124809741248096 0.0319634703196347 0.2207001522070015
0 0.7345890410958904 0.22298325722983256 0.026255707762557076 0.1841704718417047
0 0.3424657534246575 0.2511415525114155 0.02968036529680365 0.1643835616438356
16 0.5325342465753424 0.2861491628614916 0.012557077625570776 0.1156773211567732
7 0.2922374429223744 0.3203957382039574 0.0410958904109589 0.0532724505327245
0 0.9235159817351598 0.2146118721461187 0.0228310502283105 0.167427701674277
16 0.7928082191780822 0.22754946727549466 0.012557077625570776 0.1872146118721461
2 0.5228310502283106 0.2085235920852359 0.0182648401826484 0.045662100456621
10 0.09018264840182648 0.3120243531202435 0.045662100456621 0.0334855403348554
3 0.032534246575342464 0.3637747336377473 0.06278538812785388 0.0243531202435312
12 0.2517123287671233 0.3295281582952816 0.014840182648401826 0.0319634703196347
16 0.2517123287671233 0.197869101978691 0.028538812785388126 0.2831050228310502
0 0.1067351598173516 0.2861491628614916 0.019406392694063926 0.0943683409436834
