3 0.5639269406392694 0.786910197869102 0.8721461187214612 0.4170471841704718
0 0.4372146118721461 0.5144596651445966 0.02054794520547945 0.1156773211567732
6 0.5833333333333334 0.558599695585997 0.0273972602739726 0.1035007610350076
0 0.2962328767123288 0.5015220700152208 0.028538812785388126 0.1476407914764079
6 0.21118721461187215 0.5380517503805176 0.0182648401826484 0.0776255707762557
6 0.617579908675799 0.5471841704718418 0.01598173515981735 0.0532724505327245
2 0.7888127853881278 0.3995433789954338 0.0136986301369863 0.0441400304414003
12 0.259703196347032 0.5692541856925418 0.012557077625570776 0.030441400304414
16 0.5639269406392694 0.4741248097412481 0.01141552511415525 0.1689497716894977
6 0.547945205479452 0.5350076103500762 0.01598173515981735 0.0502283105022831
12 0.14440639269406394 0.560882800608828 0.012557077625570776 0.0319634703196347
1 0.5570776255707762 0.4824961948249619 0.01141552511415525 0.030441400304414
11 0.7368721461187214 0.5593607305936074 0.033105022831050226 0.0289193302891933
6 0.19292237442922375 0.5464231354642314 0.02511415525114155 0.0669710806697108
16 0.5993150684931506 0.3972602739726027 0.01598173515981735 0.319634703196347
9 0.8430365296803652 0.5296803652968036 0.033105022831050226 0.0213089802130898
16 0.728310502283105 0.4916286149162861 0.0091324200913242 0.076103500761035
14 0.9155251141552512 0.5494672754946728 0.00684931506849315 0.0273972602739726
6 0.7345890410958904 0.545662100456621 0.014840182648401826 0.0350076103500761
16 0.5861872146118722 0.4520547945205479 0.007990867579908675 0.1035007610350076
5 0.9634703196347032 0.408675799086758 0.0182648401826484 0.0258751902587519
10 0.6415525114155252 0.5266362252663622 0.0182648401826484 0.015220700152207
3 0.805365296803653 0.5692541856925418 0.3892694063926941 0.0243531202435312
