3 0.5005707762557078 0.7496194824961948 0.9988584474885844 0.5007610350076104
10 0.9674657534246576 0.4216133942161339 0.06506849315068493 0.0334855403348554
0 0.6621004566210046 0.4071537290715373 0.0182648401826484 0.1506849315068493
0 0.1552511415525114 0.408675799086758 0.02054794520547945 0.1415525114155251
2 0.9155251141552512 0.2914764079147641 0.01598173515981735 0.0410958904109589
10 0.9355022831050228 0.4185692541856925 0.04680365296803653 0.030441400304414
16 0.4269406392694064 0.2503805175038052 0.02511415525114155 0.4916286149162861
2 0.444634703196347 0.3584474885844749 0.017123287671232876 0.0410958904109589
7 0.0958904109589041 0.4756468797564688 0.03881278538812785 0.0502283105022831
3 0.9200913242009132 0.4550989345509893 0.15753424657534246 0.030441400304414
14 0.4960045662100457 0.4741248097412481 0.007990867579908675 0.0441400304414003
0 0.3236301369863014 0.4056316590563166 0.014840182648401826 0.1476407914764079
14 0.4337899543378995 0.4741248097412481 0.0091324200913242 0.0410958904109589
14 0.10331050228310502 0.484779299847793 0.010273972602739725 0.0532724505327245
14 0.833904109589041 0.4436834094368341 0.007990867579908675 0.0319634703196347
16 0.8110730593607306 0.3843226788432268 0.012557077625570776 0.1567732115677321
0 0.7585616438356164 0.4147640791476408 0.010273972602739725 0.0654490106544901
0 0.776255707762557 0.4079147640791476 0.0182648401826484 0.136986301369863
0 0.6832191780821918 0.4003044140030441 0.010273972602739725 0.0669710806697108
0 0.204337899543379 0.4033485540334855 0.0182648401826484 0.1004566210045662
