3 0.2779680365296804 0.756468797564688 0.5536529680365296 0.4840182648401826
10 0.05593607305936073 0.4885844748858447 0.08904109589041095 0.045662100456621
10 0.375 0.4794520547945205 0.04223744292237443 0.030441400304414
13 0.13184931506849315 0.4893455098934551 0.012557077625570776 0.0167427701674277
1 0.17465753424657535 0.378234398782344 0.01141552511415525 0.0289193302891933
1 0.3584474885844749 0.3736681887366819 0.01141552511415525 0.0319634703196347
14 0.605593607305936 0.5083713850837138 0.007990867579908675 0.0487062404870624
16 0.865296803652968 0.3896499238964992 0.01598173515981735 0.2222222222222222
16 0.14440639269406394 0.439117199391172 0.007990867579908675 0.1111111111111111
16 0.565068493150685 0.4589041095890411 0.00684931506849315 0.0563165905631659
16 0.21232876712328766 0.4155251141552511 0.0091324200913242 0.15220700152207
1 0.5622146118721462 0.4162861491628615 0.010273972602739725 0.0258751902587519
0 0.797945205479452 0.439117199391172 0.0136986301369863 0.0867579908675799
16 0.4138127853881279 0.4101978691019787 0.007990867579908675 0.1506849315068493
16 0.4006849315068493 0.4322678843226788 0.0091324200913242 0.1126331811263318
0 0.547945205479452 0.4421613394216134 0.01141552511415525 0.0898021308980213
0 0.4994292237442922 0.4482496194824962 0.007990867579908675 0.0563165905631659
0 0.15924657534246575 0.471841704718417 0.007990867579908675 0.0395738203957382
16 0.4355022831050228 0.395738203957382 0.007990867579908675 0.1491628614916286
0 0.6518264840182648 0.4482496194824962 0.0136986301369863 0.0715372907153729
6 0.3687214611872146 0.484779299847793 0.0136986301369863 0.0410958904109589
3 0.4138127853881279 0.5038051750380518 0.14269406392694065 0.015220700152207
