14 0.9450980392156862 0.6610294117647059 0.10980392156862745 0.11911764705882352
3 0.4583333333333333 0.4488970588235294 0.9049019607843137 0.4183823529411765
11 0.5137254901960784 0.20147058823529412 0.16862745098039217 0.09558823529411764
11 0.2857843137254902 0.13933823529411765 0.10490196078431373 0.05955882352941176
6 0.5161764705882353 0.18382352941176472 0.08725490196078431 0.13970588235294118
4 0.3191176470588235 0.8827205882352941 0.46568627450980393 0.23455882352941176
0 0.045098039215686274 0.0661764705882353 0.049019607843137254 0.09558823529411764
10 0.7916666666666666 0.11139705882352942 0.14411764705882352 0.04044117647058824
0 0.5200980392156863 0.06838235294117648 0.03627450980392157 0.13529411764705881
0 0.6215686274509804 0.13088235294117648 0.10784313725490197 0.15735294117647058
4 0.3764705882352941 0.19264705882352942 0.0803921568627451 0.09264705882352942
11 0.14068627450980392 0.1411764705882353 0.04019607843137255 0.04852941176470588
0 0.13676470588235295 0.0625 0.020588235294117647 0.06470588235294118
0 0.10686274509803921 0.06911764705882353 0.027450980392156862 0.08088235294117647
0 0.40784313725490196 0.09485294117647058 0.01764705882352941 0.07058823529411765
0 0.22254901960784312 0.09963235294117648 0.03333333333333333 0.15955882352941175
16 0.2563725490196078 0.09411764705882353 0.024509803921568627 0.15441176470588236
14 0.27647058823529413 0.20404411764705882 0.021568627450980392 0.030147058823529412
10 0.9446078431372549 0.13676470588235295 0.10882352941176471 0.052941176470588235
16 0.30049019607843136 0.08602941176470588 0.012745098039215686 0.07941176470588235
10 0.9764705882352941 0.1801470588235294 0.043137254901960784 0.07941176470588235
6 0.19705882352941176 0.10772058823529412 0.025490196078431372 0.03308823529411765
10 0.6990196078431372 0.11764705882352941 0.07254901960784314 0.022058823529411766
0 0.2833333333333333 0.09485294117647058 0.021568627450980392 0.06911764705882353
6 0.14166666666666666 0.12205882352941176 0.04019607843137255 0.05588235294117647
19 0.3818627450980392 0.13308823529411765 0.010784313725490196 0.01764705882352941
0 0.16666666666666666 0.06948529411764706 0.013725490196078431 0.05073529411764706
8 0.7127450980392157 0.08713235294117647 0.23529411764705882 0.03897058823529412
10 0.8450980392156863 0.12794117647058822 0.11764705882352941 0.030882352941176472
6 0.15833333333333333 0.10073529411764706 0.026470588235294117 0.025
10 0.5803921568627451 0.10919117647058824 0.08431372549019608 0.02426470588235294
0 0.17990196078431372 0.06985294117647059 0.012745098039215686 0.04852941176470588
16 0.013725490196078431 0.07426470588235294 0.025490196078431372 0.075
10 0.03480392156862745 0.08933823529411765 0.03235294117647059 0.019852941176470587
6 0.18284313725490195 0.10110294117647059 0.022549019607843137 0.01838235294117647
11 0.19950980392156864 0.12536764705882353 0.020588235294117647 0.03308823529411765
11 0.18480392156862746 0.11948529411764706 0.016666666666666666 0.027205882352941177
14 0.3975490196078431 0.13308823529411765 0.006862745098039216 0.01911764705882353
14 0.375 0.13198529411764706 0.008823529411764706 0.019852941176470587
