3 0.3487442922374429 0.7838660578386606 0.6952054794520548 0.4322678843226788
9 0.8299086757990868 0.4550989345509893 0.0684931506849315 0.060882800608828
2 0.5587899543378996 0.3683409436834094 0.019406392694063926 0.0517503805175038
16 0.3350456621004566 0.2785388127853881 0.03538812785388128 0.5509893455098934
16 0.4149543378995434 0.3264840182648402 0.021689497716894976 0.4520547945205479
12 0.02226027397260274 0.5928462709284628 0.033105022831050226 0.0715372907153729
14 0.490296803652968 0.5372907153729072 0.010273972602739725 0.0578386605783866
14 0.5667808219178082 0.5197869101978692 0.010273972602739725 0.0563165905631659
6 0.6449771689497716 0.4977168949771689 0.0319634703196347 0.0791476407914764
11 0.6523972602739726 0.5144596651445966 0.03767123287671233 0.076103500761035
14 0.5365296803652968 0.5334855403348554 0.0091324200913242 0.0532724505327245
16 0.5827625570776256 0.2671232876712329 0.021689497716894976 0.5190258751902588
16 0.5091324200913242 0.3607305936073059 0.01141552511415525 0.2161339421613394
3 0.7779680365296804 0.4908675799086758 0.2842465753424658 0.0319634703196347
16 0.5713470319634704 0.4216133942161339 0.012557077625570776 0.213089802130898
14 0.9383561643835616 0.4756468797564688 0.00684931506849315 0.0258751902587519
14 0.9514840182648402 0.4741248097412481 0.005707762557077625 0.0258751902587519
16 0.9189497716894978 0.3972602739726027 0.0091324200913242 0.1430745814307458
16 0.7899543378995434 0.3942161339421613 0.00684931506849315 0.121765601217656
9 0.9771689497716894 0.4330289193302892 0.045662100456621 0.0989345509893455
5 0.9931506849315068 0.3066971080669711 0.0136986301369863 0.0258751902587519
