18 0.7480392156862745 0.3352941176470588 0.503921568627451 0.6691176470588235
11 0.1392156862745098 0.06397058823529411 0.14313725490196078 0.08529411764705883
0 0.22009803921568627 0.04301470588235294 0.03235294117647059 0.08455882352941177
13 0.4215686274509804 0.0375 0.041176470588235294 0.03676470588235294
11 0.2769607843137255 0.04632352941176471 0.09901960784313725 0.06470588235294118
0 0.37941176470588234 0.03272058823529412 0.01764705882352941 0.06397058823529411
0 0.3975490196078431 0.03308823529411765 0.020588235294117647 0.06470588235294118
11 0.175 0.03823529411764706 0.08333333333333333 0.041176470588235294
6 0.17205882352941176 0.021691176470588235 0.028431372549019607 0.04191176470588235
16 0.020588235294117647 0.07867647058823529 0.0392156862745098 0.10441176470588236
0 0.059313725490196076 0.059926470588235296 0.06372549019607843 0.11838235294117647
4 0.5372549019607843 0.5705882352941176 0.7490196078431373 0.8573529411764705
