3 0.5 0.649923896499239 0.997716894977169 0.6971080669710806
10 0.8013698630136986 0.24429223744292236 0.0730593607305936 0.0410958904109589
10 0.04680365296803653 0.3318112633181126 0.091324200913242 0.1613394216133942
7 0.2659817351598174 0.2747336377473364 0.0273972602739726 0.0532724505327245
11 0.2317351598173516 0.2701674277016743 0.0182648401826484 0.0563165905631659
10 0.7197488584474886 0.2359208523592085 0.04223744292237443 0.0365296803652968
1 0.3835616438356164 0.15601217656012176 0.01598173515981735 0.0410958904109589
0 0.1769406392694064 0.2252663622526636 0.02054794520547945 0.1491628614916286
10 0.7534246575342466 0.2374429223744292 0.05251141552511415 0.0395738203957382
16 0.3938356164383562 0.15296803652968036 0.01598173515981735 0.2785388127853881
11 0.12385844748858447 0.2694063926940639 0.03538812785388128 0.060882800608828
11 0.09018264840182648 0.2701674277016743 0.0319634703196347 0.0563165905631659
6 0.593607305936073 0.2503805175038052 0.01598173515981735 0.0624048706240487
10 0.6261415525114156 0.23972602739726026 0.03767123287671233 0.0380517503805175
0 0.9155251141552512 0.21689497716894976 0.01598173515981735 0.0867579908675799
14 0.4434931506849315 0.2770167427701674 0.007990867579908675 0.0426179604261796
14 0.4800228310502283 0.2747336377473364 0.007990867579908675 0.0380517503805175
16 0.2134703196347032 0.24429223744292236 0.0091324200913242 0.1019786910197869
16 0.6135844748858448 0.17884322678843226 0.014840182648401826 0.1811263318112633
1 0.684931506849315 0.0821917808219178 0.01598173515981735 0.0517503805175038
3 0.7945205479452054 0.2831050228310502 0.4041095890410959 0.030441400304414
14 0.5730593607305936 0.2686453576864536 0.00684931506849315 0.0289193302891933
16 0.3727168949771689 0.2085235920852359 0.010273972602739725 0.1643835616438356
10 0.6952054794520548 0.23363774733637746 0.03424657534246575 0.0350076103500761
11 0.016552511415525113 0.2602739726027397 0.030821917808219176 0.0395738203957382
0 0.5993150684931506 0.21689497716894976 0.01141552511415525 0.0563165905631659
5 0.9897260273972602 0.08599695585996955 0.02054794520547945 0.0350076103500761
0 0.8424657534246576 0.2070015220700152 0.0136986301369863 0.091324200913242
