3 0.6906392694063926 0.73896499238965 0.6187214611872146 0.5220700152207002
10 0.1158675799086758 0.4474885844748858 0.1723744292237443 0.1126331811263318
1 0.817351598173516 0.0532724505327245 0.0365296803652968 0.1035007610350076
6 0.4023972602739726 0.4353120243531202 0.033105022831050226 0.1004566210045662
10 0.03538812785388128 0.4322678843226788 0.06621004566210045 0.0639269406392694
6 0.8710045662100456 0.4162861491628615 0.0319634703196347 0.0958904109589041
7 0.8664383561643836 0.441400304414003 0.0730593607305936 0.0639269406392694
10 0.2408675799086758 0.4155251141552511 0.045662100456621 0.0365296803652968
16 0.4686073059360731 0.3637747336377473 0.017123287671232876 0.2070015220700152
10 0.2054794520547945 0.4155251141552511 0.0319634703196347 0.030441400304414
16 0.2808219178082192 0.3051750380517504 0.0228310502283105 0.2207001522070015
2 0.478310502283105 0.2990867579908676 0.0182648401826484 0.0441400304414003
14 0.5821917808219178 0.4535768645357686 0.0091324200913242 0.0517503805175038
16 0.894406392694064 0.3691019786910198 0.010273972602739725 0.1324200913242009
14 0.523972602739726 0.4535768645357686 0.0091324200913242 0.0487062404870624
16 0.7460045662100456 0.2838660578386606 0.017123287671232876 0.3485540334855403
2 0.17636986301369864 0.20015220700152206 0.026255707762557076 0.0715372907153729
3 0.2511415525114155 0.4756468797564688 0.136986301369863 0.0319634703196347
14 0.3299086757990868 0.454337899543379 0.00684931506849315 0.0380517503805175
14 0.3122146118721461 0.4497716894977169 0.007990867579908675 0.0350076103500761
3 0.02226027397260274 0.484779299847793 0.04223744292237443 0.0380517503805175
16 0.0045662100456621 0.4223744292237443 0.00684931506849315 0.0715372907153729
6 0.3601598173515982 0.4025875190258752 0.010273972602739725 0.0289193302891933
16 0.0273972602739726 0.3698630136986301 0.0091324200913242 0.076103500761035
5 0.2071917808219178 0.197869101978691 0.03767123287671233 0.0487062404870624
6 0.3715753424657534 0.3987823439878234 0.012557077625570776 0.0334855403348554
16 0.15182648401826485 0.2960426179604262 0.01598173515981735 0.2024353120243531
