7 0.1329908675799087 0.8432267884322678 0.2636986301369863 0.3105022831050228
6 0.06678082191780822 0.726027397260274 0.1312785388127854 0.4779299847792998
11 0.3127853881278539 0.7070015220700152 0.24429223744292236 0.2389649923896499
11 0.684931506849315 0.789193302891933 0.365296803652968 0.3607305936073059
6 0.3127853881278539 0.6484018264840182 0.1187214611872146 0.2983257229832572
6 0.7220319634703196 0.7123287671232876 0.14726027397260275 0.3287671232876712
10 0.6740867579908676 0.515220700152207 0.04223744292237443 0.0350076103500761
10 0.6455479452054794 0.5136986301369864 0.023972602739726026 0.0289193302891933
10 0.1752283105022831 0.5669710806697108 0.3481735159817352 0.1750380517503805
0 0.08961187214611872 0.4208523592085236 0.023972602739726026 0.1171993911719939
11 0.9058219178082192 0.5357686453576864 0.04223744292237443 0.0334855403348554
10 0.6141552511415526 0.510654490106545 0.0228310502283105 0.0228310502283105
3 0.7294520547945206 0.7785388127853882 0.5342465753424658 0.4094368340943683
11 0.9474885844748858 0.5312024353120244 0.0273972602739726 0.030441400304414
16 0.4828767123287671 0.4322678843226788 0.0136986301369863 0.228310502283105
16 0.2562785388127854 0.4147640791476408 0.017123287671232876 0.2237442922374429
16 0.4081050228310502 0.4474885844748858 0.012557077625570776 0.1796042617960426
6 0.5582191780821918 0.5266362252663622 0.0182648401826484 0.045662100456621
6 0.9041095890410958 0.5235920852359208 0.0136986301369863 0.0426179604261796
10 0.8453196347031964 0.5159817351598174 0.03995433789954338 0.0243531202435312
16 0.8407534246575342 0.4817351598173516 0.007990867579908675 0.0989345509893455
6 0.6124429223744292 0.6925418569254186 0.10388127853881278 0.3226788432267884
6 0.9486301369863014 0.5205479452054794 0.01598173515981735 0.0365296803652968
16 0.5776255707762558 0.4299847792998478 0.0091324200913242 0.1872146118721461
6 0.7214611872146118 0.5182648401826484 0.0136986301369863 0.0380517503805175
16 0.4349315068493151 0.4033485540334855 0.01141552511415525 0.2709284627092846
14 0.5205479452054794 0.5312024353120244 0.00684931506849315 0.030441400304414
10 0.228310502283105 0.5007610350076104 0.05251141552511415 0.0334855403348554
0 0.8013698630136986 0.5 0.0091324200913242 0.0532724505327245
16 0.5570776255707762 0.3546423135464231 0.0136986301369863 0.289193302891933
0 0.740296803652968 0.4977168949771689 0.007990867579908675 0.0487062404870624
16 0.5011415525114156 0.4558599695585997 0.0091324200913242 0.0837138508371385
16 0.7808219178082192 0.4878234398782344 0.00684931506849315 0.0776255707762557
16 0.4697488584474886 0.4368340943683409 0.010273972602739725 0.1187214611872146
1 0.567351598173516 0.4642313546423135 0.0091324200913242 0.0243531202435312
16 0.8167808219178082 0.4961948249619482 0.007990867579908675 0.0669710806697108
16 0.24143835616438356 0.4003044140030441 0.019406392694063926 0.1917808219178082
6 0.735730593607306 0.5136986301369864 0.010273972602739725 0.0258751902587519
14 0.3213470319634703 0.5403348554033486 0.007990867579908675 0.0395738203957382
14 0.3361872146118721 0.54337899543379 0.007990867579908675 0.045662100456621
6 0.3470319634703196 0.5167427701674278 0.0228310502283105 0.0593607305936073
10 0.5068493150684932 0.5098934550989346 0.0365296803652968 0.0273972602739726
11 0.559931506849315 0.5388127853881278 0.03767123287671233 0.0334855403348554
6 0.8789954337899544 0.5182648401826484 0.0091324200913242 0.0350076103500761
6 0.8710045662100456 0.5167427701674278 0.0091324200913242 0.0350076103500761
6 0.7482876712328768 0.5167427701674278 0.010273972602739725 0.0350076103500761
6 0.7562785388127854 0.5167427701674278 0.014840182648401826 0.0350076103500761
6 0.7756849315068494 0.5182648401826484 0.012557077625570776 0.0380517503805175
6 0.8007990867579908 0.5182648401826484 0.014840182648401826 0.0380517503805175
3 0.7226027397260274 0.5380517503805176 0.14383561643835616 0.0167427701674277
6 0.5953196347031964 0.5159817351598174 0.012557077625570776 0.0365296803652968
5 0.8184931506849316 0.4520547945205479 0.0136986301369863 0.015220700152207
