3 0.5 0.7313546423135464 0.997716894977169 0.5372907153729072
10 0.9429223744292238 0.4056316590563166 0.11187214611872145 0.0837138508371385
10 0.8624429223744292 0.393455098934551 0.04908675799086758 0.0350076103500761
16 0.4332191780821918 0.2785388127853881 0.017123287671232876 0.350076103500761
7 0.3070776255707763 0.410958904109589 0.0365296803652968 0.0669710806697108
10 0.7517123287671232 0.3843226788432268 0.026255707762557076 0.0258751902587519
7 0.1386986301369863 0.4071537290715373 0.05136986301369863 0.0532724505327245
2 0.4486301369863014 0.2732115677321157 0.0182648401826484 0.0471841704718417
7 0.1889269406392694 0.4018264840182648 0.05821917808219178 0.060882800608828
2 0.7494292237442922 0.1750380517503805 0.023972602739726026 0.0517503805175038
14 0.627283105022831 0.4231354642313546 0.007990867579908675 0.0395738203957382
16 0.5331050228310502 0.2975646879756469 0.01598173515981735 0.3089802130898021
3 0.817351598173516 0.4505327245053272 0.363013698630137 0.030441400304414
0 0.5485159817351598 0.3789954337899543 0.017123287671232876 0.1400304414003044
0 0.6860730593607306 0.3744292237442922 0.0182648401826484 0.1004566210045662
16 0.672945205479452 0.3401826484018265 0.017123287671232876 0.1811263318112633
0 0.6575342465753424 0.3789954337899543 0.0136986301369863 0.1126331811263318
16 0.6478310502283106 0.3645357686453577 0.014840182648401826 0.1537290715372907
0 0.9942922374429224 0.3607305936073059 0.01141552511415525 0.0517503805175038
