10 0.8240196078431372 0.3069852941176471 0.3519607843137255 0.33897058823529413
18 0.08480392156862746 0.28602941176470587 0.1676470588235294 0.3191176470588235
13 0.6308823529411764 0.26838235294117646 0.11274509803921569 0.11323529411764706
10 0.32598039215686275 0.19816176470588234 0.1284313725490196 0.05955882352941176
16 0.36127450980392156 0.13419117647058823 0.03627450980392157 0.2286764705882353
11 0.13186274509803922 0.20698529411764705 0.05784313725490196 0.03161764705882353
6 0.20490196078431372 0.19080882352941175 0.01764705882352941 0.03602941176470588
16 0.2852941176470588 0.12022058823529412 0.03333333333333333 0.2301470588235294
10 0.4769607843137255 0.1922794117647059 0.18529411764705883 0.12426470588235294
10 0.18676470588235294 0.18308823529411763 0.03235294117647059 0.023529411764705882
6 0.16862745098039217 0.19448529411764706 0.029411764705882353 0.04044117647058824
13 0.6637254901960784 0.27647058823529413 0.12745098039215685 0.125
9 0.6911764705882353 0.1963235294117647 0.5313725490196078 0.19264705882352942
4 0.5617647058823529 0.6360294117647058 0.7352941176470589 0.725
