3 0.5011415525114156 0.7047184170471842 0.9954337899543378 0.5905631659056316
10 0.0976027397260274 0.3470319634703196 0.11529680365296803 0.060882800608828
10 0.22203196347031964 0.3378995433789954 0.06963470319634703 0.0365296803652968
10 0.023972602739726026 0.3485540334855403 0.045662100456621 0.0547945205479452
11 0.2682648401826484 0.365296803652968 0.03424657534246575 0.0365296803652968
16 0.7551369863013698 0.256468797564688 0.021689497716894976 0.2876712328767123
10 0.3373287671232877 0.3432267884322679 0.04452054794520548 0.0380517503805175
0 0.11358447488584475 0.302130898021309 0.012557077625570776 0.0410958904109589
0 0.02511415525114155 0.3036529680365297 0.0136986301369863 0.0410958904109589
2 0.7636986301369864 0.2480974124809741 0.0182648401826484 0.045662100456621
2 0.3464611872146119 0.2595129375951294 0.012557077625570776 0.0441400304414003
16 0.507420091324201 0.3158295281582953 0.010273972602739725 0.1202435312024353
16 0.5388127853881278 0.2656012176560122 0.0136986301369863 0.2389649923896499
6 0.2688356164383562 0.3493150684931507 0.021689497716894976 0.0441400304414003
10 0.4429223744292237 0.3378995433789954 0.0319634703196347 0.0213089802130898
3 0.3065068493150685 0.380517503805175 0.3778538812785388 0.0243531202435312
10 0.3875570776255708 0.3378995433789954 0.04680365296803653 0.0182648401826484
0 0.1872146118721461 0.3188736681887367 0.01141552511415525 0.0502283105022831
16 0.3487442922374429 0.3135464231354642 0.007990867579908675 0.0700152207001522
0 0.3595890410958904 0.3226788432267884 0.0091324200913242 0.060882800608828
16 0.466324200913242 0.1963470319634703 0.017123287671232876 0.3561643835616438
0 0.4121004566210046 0.3028919330289193 0.0091324200913242 0.0882800608828006
0 0.3824200913242009 0.3066971080669711 0.0091324200913242 0.0837138508371385
1 0.3350456621004566 0.2579908675799087 0.014840182648401826 0.0410958904109589
