3 0.6038812785388128 0.6598173515981736 0.7922374429223744 0.680365296803653
6 0.8321917808219178 0.3767123287671233 0.11187214611872145 0.3272450532724505
10 0.726027397260274 0.2815829528158295 0.13470319634703196 0.091324200913242
6 0.9394977168949772 0.3493150684931507 0.09360730593607305 0.2754946727549467
6 0.3561643835616438 0.2914764079147641 0.0410958904109589 0.1445966514459665
10 0.9372146118721462 0.2792998477929985 0.12557077625570776 0.0989345509893455
10 0.6221461187214612 0.2633181126331811 0.0776255707762557 0.0517503805175038
6 0.2922374429223744 0.2480974124809741 0.02054794520547945 0.0669710806697108
11 0.4069634703196347 0.2914764079147641 0.05136986301369863 0.0532724505327245
16 0.2551369863013699 0.1552511415525114 0.021689497716894976 0.3074581430745814
6 0.3099315068493151 0.2465753424657534 0.017123287671232876 0.0578386605783866
6 0.192351598173516 0.24733637747336376 0.028538812785388126 0.1019786910197869
6 0.2374429223744292 0.24885844748858446 0.02054794520547945 0.0776255707762557
10 0.5485159817351598 0.2579908675799087 0.03538812785388128 0.0289193302891933
16 0.3829908675799087 0.13774733637747336 0.014840182648401826 0.2694063926940639
6 0.1752283105022831 0.2374429223744292 0.019406392694063926 0.0852359208523592
2 0.4560502283105023 0.18188736681887366 0.012557077625570776 0.0319634703196347
2 0.4674657534246575 0.14535768645357686 0.017123287671232876 0.0471841704718417
6 0.4103881278538813 0.2724505327245053 0.028538812785388126 0.0882800608828006
6 0.5045662100456622 0.2686453576864536 0.0228310502283105 0.0624048706240487
7 0.5108447488584474 0.2907153729071537 0.03767123287671233 0.0426179604261796
3 0.5907534246575342 0.3006088280060883 0.1449771689497717 0.0319634703196347
0 0.4286529680365297 0.2252663622526636 0.017123287671232876 0.1308980213089802
6 0.4628995433789954 0.271689497716895 0.019406392694063926 0.0806697108066971
10 0.7734018264840182 0.2678843226788432 0.04908675799086758 0.0517503805175038
0 0.4800228310502283 0.22450532724505326 0.014840182648401826 0.1171993911719939
0 0.442351598173516 0.2176560121765601 0.017123287671232876 0.121765601217656
16 0.3270547945205479 0.2207001522070015 0.012557077625570776 0.1856925418569254
6 0.1603881278538813 0.2313546423135464 0.019406392694063926 0.076103500761035
0 0.8778538812785388 0.2191780821917808 0.01598173515981735 0.0821917808219178
6 0.3664383561643836 0.2389649923896499 0.01598173515981735 0.045662100456621
10 0.526255707762557 0.2511415525114155 0.0228310502283105 0.0243531202435312
9 0.05365296803652968 0.2161339421613394 0.1050228310502283 0.4292237442922374
6 0.4748858447488584 0.2602739726027397 0.0136986301369863 0.060882800608828
0 0.761986301369863 0.19863013698630136 0.017123287671232876 0.0837138508371385
6 0.3270547945205479 0.2610350076103501 0.012557077625570776 0.0837138508371385
10 0.5724885844748858 0.2602739726027397 0.023972602739726026 0.030441400304414
5 0.7848173515981736 0.21385083713850836 0.019406392694063926 0.0258751902587519
10 0.8418949771689498 0.2831050228310502 0.09474885844748858 0.0517503805175038
