3 0.5005707762557078 0.7229832572298326 0.9988584474885844 0.5509893455098934
10 0.9297945205479452 0.4512937595129376 0.1404109589041096 0.2663622526636225
10 0.5114155251141552 0.3729071537290715 0.06621004566210045 0.0730593607305936
16 0.16723744292237444 0.2161339421613394 0.03767123287671233 0.4231354642313546
10 0.021689497716894976 0.3744292237442922 0.0410958904109589 0.0365296803652968
16 0.06792237442922375 0.2792998477929985 0.03538812785388128 0.2694063926940639
16 0.6261415525114156 0.2754946727549467 0.017123287671232876 0.3226788432267884
6 0.307648401826484 0.3873668188736682 0.028538812785388126 0.0989345509893455
1 0.6141552511415526 0.2541856925418569 0.0228310502283105 0.0547945205479452
0 0.22031963470319635 0.3394216133942161 0.0273972602739726 0.0974124809741248
0 0.3384703196347032 0.3051750380517504 0.019406392694063926 0.1750380517503805
14 0.5490867579908676 0.4101978691019787 0.0091324200913242 0.0563165905631659
6 0.2893835616438356 0.3828006088280061 0.021689497716894976 0.0898021308980213
7 0.10273972602739725 0.3888888888888889 0.0319634703196347 0.0350076103500761
14 0.4160958904109589 0.410958904109589 0.010273972602739725 0.0517503805175038
10 0.6523972602739726 0.3515981735159817 0.07648401826484018 0.0334855403348554
15 0.4954337899543379 0.4041095890410959 0.01598173515981735 0.0197869101978691
0 0.3909817351598174 0.3120243531202435 0.021689497716894976 0.1430745814307458
10 0.15639269406392695 0.3607305936073059 0.02968036529680365 0.0273972602739726
0 0.2374429223744292 0.3424657534246575 0.02511415525114155 0.0974124809741248
3 0.02910958904109589 0.4071537290715373 0.05593607305936073 0.0228310502283105
6 0.2648401826484018 0.3812785388127854 0.0273972602739726 0.0837138508371385
15 0.4286529680365297 0.4018264840182648 0.014840182648401826 0.0243531202435312
10 0.3310502283105023 0.3538812785388128 0.02968036529680365 0.0228310502283105
0 0.3087899543378995 0.3089802130898021 0.014840182648401826 0.0791476407914764
5 0.021689497716894976 0.2298325722983257 0.02511415525114155 0.030441400304414
0 0.13527397260273974 0.3432267884322679 0.012557077625570776 0.0684931506849315
6 0.2711187214611872 0.3812785388127854 0.017123287671232876 0.0806697108066971
