3 0.5005707762557078 0.700152207001522 0.9965753424657534 0.5996955859969558
10 0.10559360730593607 0.3675799086757991 0.17465753424657535 0.1019786910197869
10 0.3470319634703196 0.3614916286149163 0.0867579908675799 0.0684931506849315
10 0.2648401826484018 0.3554033485540335 0.0639269406392694 0.0380517503805175
0 0.9166666666666666 0.3401826484018265 0.02511415525114155 0.1263318112633181
2 0.19406392694063926 0.20624048706240486 0.0182648401826484 0.0471841704718417
0 0.7083333333333334 0.334855403348554 0.017123287671232876 0.1187214611872146
16 0.1615296803652968 0.2785388127853881 0.010273972602739725 0.121765601217656
0 0.5976027397260274 0.3203957382039574 0.014840182648401826 0.1232876712328767
16 0.048515981735159815 0.197869101978691 0.017123287671232876 0.2374429223744292
16 0.6752283105022832 0.3455098934550989 0.010273972602739725 0.1004566210045662
2 0.6786529680365296 0.2808219178082192 0.014840182648401826 0.0319634703196347
16 0.577054794520548 0.3097412480974125 0.012557077625570776 0.1506849315068493
10 0.5593607305936074 0.3515981735159817 0.0182648401826484 0.0213089802130898
16 0.3453196347031963 0.2541856925418569 0.010273972602739725 0.1430745814307458
3 0.386986301369863 0.3919330289193303 0.4132420091324201 0.0319634703196347
7 0.625 0.3713850837138508 0.012557077625570776 0.0334855403348554
16 0.5416666666666666 0.319634703196347 0.010273972602739725 0.1126331811263318
16 0.4023972602739726 0.2846270928462709 0.007990867579908675 0.1491628614916286
0 0.5468036529680366 0.3280060882800609 0.0136986301369863 0.0867579908675799
