16 0.18088235294117647 0.11764705882352941 0.09901960784313725 0.2338235294117647
10 0.7901960784313725 0.06801470588235294 0.054901960784313725 0.04044117647058824
11 0.7470588235294118 0.11323529411764706 0.052941176470588235 0.052941176470588235
6 0.7122549019607843 0.10808823529411765 0.059803921568627454 0.11470588235294117
16 0.5720588235294117 0.027941176470588237 0.020588235294117647 0.054411764705882354
7 0.7058823529411765 0.14779411764705883 0.041176470588235294 0.075
6 0.3872549019607843 0.05514705882352941 0.01568627450980392 0.026470588235294117
6 0.7553921568627451 0.08125 0.04215686274509804 0.04779411764705882
11 0.582843137254902 0.11360294117647059 0.07549019607843137 0.06397058823529411
6 0.5818627450980393 0.09080882352941176 0.04803921568627451 0.07720588235294118
6 0.5534313725490196 0.06102941176470588 0.020588235294117647 0.01764705882352941
16 0.7254901960784313 0.023529411764705882 0.01764705882352941 0.045588235294117645
11 0.5147058823529411 0.05110294117647059 0.01568627450980392 0.013970588235294118
11 0.5544117647058824 0.08014705882352942 0.026470588235294117 0.03823529411764706
4 0.41323529411764703 0.5775735294117647 0.45784313725490194 0.8448529411764706
6 0.5990196078431372 0.054411764705882354 0.0196078431372549 0.014705882352941176
11 0.5985294117647059 0.06911764705882353 0.016666666666666666 0.022058823529411766
3 0.37892156862745097 0.08419117647058824 0.1323529411764706 0.04338235294117647
