3 0.5005707762557078 0.7123287671232876 0.9965753424657534 0.5722983257229832
10 0.6786529680365296 0.3721461187214612 0.2226027397260274 0.1202435312024353
16 0.3441780821917808 0.2785388127853881 0.028538812785388126 0.3135464231354642
0 0.20376712328767124 0.3797564687975647 0.023972602739726026 0.1445966514459665
6 0.9628995433789954 0.3356164383561644 0.026255707762557076 0.0837138508371385
1 0.6204337899543378 0.2511415525114155 0.019406392694063926 0.0395738203957382
1 0.8521689497716894 0.1917808219178082 0.012557077625570776 0.0365296803652968
16 0.627283105022831 0.22450532724505326 0.021689497716894976 0.2389649923896499
16 0.889269406392694 0.2792998477929985 0.0091324200913242 0.1385083713850837
16 0.2939497716894977 0.3523592085235921 0.021689497716894976 0.1811263318112633
0 0.9315068493150684 0.3059360730593607 0.0136986301369863 0.0852359208523592
16 0.9029680365296804 0.2998477929984779 0.0091324200913242 0.1004566210045662
6 0.807648401826484 0.3363774733637747 0.014840182648401826 0.0365296803652968
10 0.79337899543379 0.3363774733637747 0.0273972602739726 0.030441400304414
16 0.6455479452054794 0.1765601217656012 0.021689497716894976 0.3165905631659056
1 0.8384703196347032 0.1917808219178082 0.012557077625570776 0.0334855403348554
7 0.807648401826484 0.3485540334855403 0.012557077625570776 0.0213089802130898
3 0.8795662100456622 0.3675799086757991 0.18835616438356165 0.0289193302891933
6 0.8310502283105022 0.334855403348554 0.0136986301369863 0.0334855403348554
0 0.8710045662100456 0.319634703196347 0.01141552511415525 0.0578386605783866
6 0.6906392694063926 0.3417047184170472 0.0182648401826484 0.0258751902587519
