3 0.6238584474885844 0.6438356164383562 0.521689497716895 0.2526636225266362
6 0.9218036529680366 0.6278538812785388 0.08561643835616438 0.3729071537290715
10 0.05136986301369863 0.4581430745814307 0.045662100456621 0.045662100456621
10 0.01997716894977169 0.4642313546423135 0.03767123287671233 0.045662100456621
1 0.18949771689497716 0.3036529680365297 0.01598173515981735 0.0471841704718417
6 0.386986301369863 0.4832572298325723 0.02511415525114155 0.0745814307458143
16 0.7517123287671232 0.4284627092846271 0.012557077625570776 0.1902587519025875
3 0.18664383561643835 0.5098934550989346 0.3710045662100457 0.0334855403348554
1 0.4885844748858447 0.4162861491628615 0.0136986301369863 0.0319634703196347
0 0.2768264840182648 0.4444444444444444 0.021689497716894976 0.1035007610350076
2 0.7420091324200914 0.3759512937595129 0.0228310502283105 0.0639269406392694
16 0.4960045662100457 0.4535768645357686 0.007990867579908675 0.121765601217656
11 0.20319634703196346 0.4802130898021309 0.0228310502283105 0.0380517503805175
6 0.20490867579908675 0.4604261796042618 0.019406392694063926 0.0319634703196347
6 0.2950913242009132 0.4528158295281583 0.014840182648401826 0.0380517503805175
16 0.23972602739726026 0.4421613394216134 0.0136986301369863 0.0898021308980213
16 0.8378995433789954 0.4817351598173516 0.0730593607305936 0.9604261796042618
6 0.2893835616438356 0.4520547945205479 0.007990867579908675 0.030441400304414
0 0.7648401826484018 0.4284627092846271 0.02968036529680365 0.1872146118721461
