7 0.533675799086758 0.5372907153729072 0.05365296803652968 0.1308980213089802
3 0.5507990867579908 0.8257229832572298 0.8915525114155252 0.3455098934550989
2 0.2363013698630137 0.1141552511415525 0.0776255707762557 0.2039573820395738
16 0.3464611872146119 0.3721461187214612 0.026255707762557076 0.3028919330289193
16 0.8333333333333334 0.3272450532724505 0.01598173515981735 0.2770167427701674
2 0.569634703196347 0.3188736681887367 0.01141552511415525 0.0350076103500761
6 0.8133561643835616 0.4421613394216134 0.014840182648401826 0.0502283105022831
16 0.13470319634703196 0.4459665144596651 0.01598173515981735 0.1735159817351598
2 0.5570776255707762 0.3203957382039574 0.0136986301369863 0.0380517503805175
16 0.6095890410958904 0.4208523592085236 0.01141552511415525 0.0928462709284627
16 0.11929223744292237 0.4094368340943683 0.019406392694063926 0.2404870624048706
2 0.1267123287671233 0.4010654490106545 0.0136986301369863 0.0319634703196347
16 0.2973744292237443 0.3850837138508371 0.014840182648401826 0.1491628614916286
5 0.06050228310502283 0.4056316590563166 0.01598173515981735 0.0350076103500761
2 0.8236301369863014 0.3812785388127854 0.012557077625570776 0.0228310502283105
16 0.9320776255707762 0.3972602739726027 0.010273972602739725 0.091324200913242
0 0.8978310502283106 0.4147640791476408 0.010273972602739725 0.0654490106544901
6 0.3624429223744292 0.4703196347031963 0.014840182648401826 0.0547945205479452
16 0.1832191780821918 0.3980213089802131 0.04908675799086758 0.7929984779299848
0 0.9600456621004566 0.408675799086758 0.01141552511415525 0.0593607305936073
16 0.829337899543379 0.4079147640791476 0.007990867579908675 0.0943683409436834
3 0.872716894977169 0.4611872146118721 0.2545662100456621 0.0182648401826484
5 0.06107305936073059 0.4398782343987823 0.014840182648401826 0.0365296803652968
3 0.19463470319634704 0.5273972602739726 0.2134703196347032 0.0319634703196347
3 0.4731735159817352 0.4855403348554033 0.1997716894977169 0.030441400304414
0 0.5490867579908676 0.4010654490106545 0.0136986301369863 0.0958904109589041
