11 0.6934931506849316 0.665144596651446 0.521689497716895 0.4779299847792998
6 0.22031963470319635 0.517503805175038 0.13470319634703196 0.4809741248097412
6 0.3167808219178082 0.393455098934551 0.06963470319634703 0.2207001522070015
6 0.6872146118721462 0.5555555555555556 0.2009132420091324 0.5388127853881278
6 0.3961187214611872 0.3995433789954338 0.0547945205479452 0.1993911719939117
6 0.54337899543379 0.3896499238964992 0.0547945205479452 0.213089802130898
6 0.91837899543379 0.4162861491628615 0.16095890410958905 0.3028919330289193
11 0.8812785388127854 0.5334855403348554 0.2374429223744292 0.2846270928462709
7 0.04737442922374429 0.4231354642313546 0.09246575342465753 0.1035007610350076
6 0.15924657534246575 0.3607305936073059 0.04680365296803653 0.197869101978691
6 0.25 0.3257229832572298 0.045662100456621 0.1035007610350076
3 0.4526255707762557 0.69558599695586 0.9029680365296804 0.4079147640791476
6 0.5707762557077626 0.3219178082191781 0.03424657534246575 0.0928462709284627
6 0.8453196347031964 0.3386605783866058 0.06506849315068493 0.1171993911719939
16 0.4143835616438356 0.3203957382039574 0.0228310502283105 0.3089802130898021
1 0.4994292237442922 0.136986301369863 0.04223744292237443 0.1035007610350076
16 0.4811643835616438 0.23515981735159816 0.030821917808219176 0.4550989345509893
16 0.09360730593607305 0.3226788432267884 0.0593607305936073 0.2800608828006088
6 0.2808219178082192 0.3713850837138508 0.04337899543378995 0.1735159817351598
1 0.4355022831050228 0.0487062404870624 0.04908675799086758 0.0943683409436834
6 0.9937214611872146 0.3249619482496195 0.012557077625570776 0.0684931506849315
6 0.3378995433789954 0.3607305936073059 0.0502283105022831 0.2039573820395738
6 0.5234018264840182 0.3089802130898021 0.03767123287671233 0.0578386605783866
6 0.7471461187214612 0.286910197869102 0.033105022831050226 0.0593607305936073
6 0.8904109589041096 0.3219178082191781 0.045662100456621 0.0806697108066971
