3 0.5091324200913242 0.8051750380517504 0.9794520547945206 0.3896499238964992
16 0.5844748858447488 0.4140030441400304 0.0182648401826484 0.3561643835616438
10 0.07363013698630137 0.5121765601217656 0.06735159817351598 0.0502283105022831
6 0.4372146118721461 0.525875190258752 0.0319634703196347 0.0898021308980213
2 0.025684931506849314 0.30441400304414 0.023972602739726026 0.0639269406392694
2 0.5690639269406392 0.4155251141552511 0.021689497716894976 0.0517503805175038
0 0.8995433789954338 0.4923896499238965 0.02511415525114155 0.2146118721461187
0 0.017123287671232876 0.4878234398782344 0.0136986301369863 0.0654490106544901
3 0.04452054794520548 0.5669710806697108 0.0867579908675799 0.0350076103500761
0 0.2522831050228311 0.4961948249619482 0.0228310502283105 0.1735159817351598
0 0.2151826484018265 0.4969558599695586 0.012557077625570776 0.0624048706240487
16 0.3144977168949772 0.2998477929984779 0.019406392694063926 0.5722983257229832
16 0.1113013698630137 0.4794520547945205 0.012557077625570776 0.1400304414003044
0 0.1934931506849315 0.4954337899543379 0.012557077625570776 0.0745814307458143
16 0.1267123287671233 0.4786910197869102 0.01598173515981735 0.1415525114155251
0 0.17751141552511415 0.4984779299847793 0.010273972602739725 0.0745814307458143
17 0.4023972602739726 0.5654490106544902 0.019406392694063926 0.0197869101978691
4 0.4714611872146119 0.5920852359208524 0.06621004566210045 0.0273972602739726
5 0.010273972602739725 0.3082191780821918 0.0182648401826484 0.0471841704718417
16 0.16666666666666666 0.4840182648401826 0.0091324200913242 0.1035007610350076
