3 0.5005707762557078 0.7602739726027398 0.9988584474885844 0.4794520547945205
10 0.5605022831050228 0.4208523592085236 0.02968036529680365 0.0289193302891933
0 0.039383561643835614 0.4101978691019787 0.023972602739726026 0.2359208523592085
2 0.1689497716894977 0.3424657534246575 0.02054794520547945 0.0547945205479452
2 0.5148401826484018 0.3340943683409437 0.01598173515981735 0.0471841704718417
6 0.4708904109589041 0.4330289193302892 0.017123287671232876 0.0593607305936073
0 0.4041095890410959 0.4063926940639269 0.0273972602739726 0.1735159817351598
0 0.8373287671232876 0.3995433789954338 0.014840182648401826 0.0898021308980213
2 0.944634703196347 0.334855403348554 0.014840182648401826 0.0395738203957382
0 0.7819634703196348 0.4010654490106545 0.01141552511415525 0.0745814307458143
6 0.06050228310502283 0.8378995433789954 0.1187214611872146 0.3211567732115677
16 0.3818493150684932 0.332572298325723 0.017123287671232876 0.3242009132420091
16 0.9851598173515982 0.302130898021309 0.0182648401826484 0.3028919330289193
16 0.9292237442922374 0.3691019786910198 0.01141552511415525 0.1628614916286149
6 0.5348173515981736 0.4254185692541857 0.017123287671232876 0.0319634703196347
16 0.1797945205479452 0.4459665144596651 0.014840182648401826 0.1491628614916286
19 0.9075342465753424 0.4398782343987823 0.01141552511415525 0.0273972602739726
6 0.920662100456621 0.4231354642313546 0.012557077625570776 0.045662100456621
6 0.4834474885844749 0.4216133942161339 0.012557077625570776 0.0334855403348554
11 0.7414383561643836 0.4337899543378995 0.017123287671232876 0.0243531202435312
6 0.4343607305936073 0.4322678843226788 0.014840182648401826 0.0547945205479452
5 0.839041095890411 0.258751902587519 0.0182648401826484 0.030441400304414
16 0.7311643835616438 0.3691019786910198 0.007990867579908675 0.1293759512937595
16 0.12385844748858447 0.2990867579908676 0.023972602739726026 0.4550989345509893
6 0.4229452054794521 0.4307458143074581 0.014840182648401826 0.0517503805175038
0 0.4948630136986301 0.3926940639269406 0.010273972602739725 0.060882800608828
6 0.742579908675799 0.4178082191780822 0.012557077625570776 0.0258751902587519
16 0.5068493150684932 0.4117199391171994 0.01141552511415525 0.0958904109589041
7 0.4874429223744292 0.4452054794520548 0.02968036529680365 0.0319634703196347
0 0.682648401826484 0.4063926940639269 0.0091324200913242 0.0426179604261796
5 0.8550228310502284 0.2579908675799087 0.0182648401826484 0.0258751902587519
3 0.7311643835616438 0.4916286149162861 0.5376712328767124 0.0547945205479452
