3 0.5753424657534246 0.756468797564688 0.8493150684931506 0.487062404870624
6 0.3521689497716895 0.5060882800608828 0.06278538812785388 0.2176560121765601
6 0.5656392694063926 0.4817351598173516 0.05136986301369863 0.2024353120243531
6 0.5176940639269406 0.5015220700152208 0.05136986301369863 0.2146118721461187
10 0.9029680365296804 0.5243531202435312 0.19406392694063926 0.2054794520547945
6 0.6078767123287672 0.4771689497716895 0.04452054794520548 0.1872146118721461
6 0.9166666666666666 0.4292237442922374 0.0182648401826484 0.0700152207001522
6 0.4765981735159817 0.5060882800608828 0.04680365296803653 0.2115677321156773
6 0.4349315068493151 0.5509893455098934 0.0502283105022831 0.15220700152207
16 0.3087899543378995 0.3234398782343988 0.017123287671232876 0.3515981735159817
6 0.8156392694063926 0.4254185692541857 0.017123287671232876 0.0624048706240487
0 0.2471461187214612 0.3744292237442922 0.03767123287671233 0.2678843226788432
6 0.8829908675799086 0.4398782343987823 0.023972602739726026 0.0669710806697108
2 0.3207762557077626 0.30441400304414 0.02054794520547945 0.0517503805175038
0 0.7648401826484018 0.4033485540334855 0.0136986301369863 0.0974124809741248
6 0.8281963470319634 0.4284627092846271 0.014840182648401826 0.0593607305936073
6 0.9897260273972602 0.4216133942161339 0.02054794520547945 0.045662100456621
10 0.5930365296803652 0.4482496194824962 0.1267123287671233 0.1080669710806697
11 0.6883561643835616 0.4345509893455099 0.0319634703196347 0.0350076103500761
16 0.7888127853881278 0.3668188736681887 0.0091324200913242 0.1704718417047184
11 0.0593607305936073 0.6917808219178082 0.11643835616438356 0.3272450532724505
3 0.7562785388127854 0.471841704718417 0.22031963470319635 0.0334855403348554
16 0.09189497716894977 0.20928462709284626 0.017123287671232876 0.3302891933028919
6 0.6883561643835616 0.4223744292237443 0.0182648401826484 0.0441400304414003
2 0.7990867579908676 0.3181126331811263 0.0182648401826484 0.0578386605783866
16 0.5331050228310502 0.19863013698630136 0.03424657534246575 0.3942161339421613
16 0.7317351598173516 0.3729071537290715 0.01141552511415525 0.15220700152207
7 0.7111872146118722 0.4277016742770167 0.0182648401826484 0.0334855403348554
16 0.5422374429223744 0.2800608828006088 0.02054794520547945 0.2343987823439878
16 0.454337899543379 0.380517503805175 0.01598173515981735 0.1156773211567732
9 0.363013698630137 0.3858447488584475 0.1689497716894977 0.1445966514459665
10 0.66837899543379 0.4140030441400304 0.06050228310502283 0.045662100456621
