3 0.4081050228310502 0.73896499238965 0.8139269406392694 0.5220700152207002
0 0.17009132420091325 0.426179604261796 0.02054794520547945 0.1187214611872146
1 0.8710045662100456 0.2952815829528158 0.0228310502283105 0.0669710806697108
0 0.690068493150685 0.378234398782344 0.026255707762557076 0.1902587519025875
16 0.430365296803653 0.3394216133942161 0.02054794520547945 0.289193302891933
0 0.055365296803652965 0.4170471841704718 0.030821917808219176 0.1400304414003044
0 0.2945205479452055 0.4048706240487062 0.0228310502283105 0.1582952815829528
1 0.7248858447488584 0.3455098934550989 0.0182648401826484 0.0426179604261796
0 0.4908675799086758 0.395738203957382 0.02054794520547945 0.15220700152207
16 0.886986301369863 0.2191780821917808 0.02511415525114155 0.4353120243531202
16 0.2243150684931507 0.3759512937595129 0.014840182648401826 0.197869101978691
6 0.9429223744292238 0.4010654490106545 0.0136986301369863 0.0289193302891933
16 0.7214611872146118 0.4178082191780822 0.0091324200913242 0.1050228310502283
16 0.5371004566210046 0.3668188736681887 0.017123287671232876 0.2374429223744292
16 0.027968036529680364 0.3896499238964992 0.026255707762557076 0.1948249619482496
11 0.9434931506849316 0.4124809741248097 0.012557077625570776 0.0243531202435312
7 0.942351598173516 0.4124809741248097 0.014840182648401826 0.0243531202435312
0 0.9035388127853882 0.3835616438356164 0.017123287671232876 0.106544901065449
16 0.8179223744292238 0.3135464231354642 0.012557077625570776 0.2465753424657534
3 0.9257990867579908 0.4627092846270928 0.14840182648401826 0.030441400304414
16 0.8721461187214612 0.3835616438356164 0.0091324200913242 0.106544901065449
