13 0.31666666666666665 0.3301470588235294 0.06274509803921569 0.047058823529411764
16 0.7058823529411765 0.15625 0.06470588235294118 0.3110294117647059
16 0.8426470588235294 0.16029411764705884 0.05588235294117647 0.2926470588235294
16 0.9196078431372549 0.21911764705882353 0.050980392156862744 0.19117647058823528
11 0.41127450980392155 0.3316176470588235 0.06764705882352941 0.041176470588235294
0 0.09852941176470588 0.2386029411764706 0.03627450980392157 0.14926470588235294
0 0.20098039215686275 0.2485294117647059 0.025490196078431372 0.12941176470588237
16 0.24313725490196078 0.24375 0.0196078431372549 0.16397058823529412
16 0.3348039215686274 0.2213235294117647 0.018627450980392157 0.16176470588235295
6 0.40980392156862744 0.31985294117647056 0.025490196078431372 0.05588235294117647
16 0.011274509803921568 0.25625 0.020588235294117647 0.08014705882352942
16 0.4338235294117647 0.2933823529411765 0.018627450980392157 0.20441176470588235
4 0.39509803921568626 0.6893382352941176 0.788235294117647 0.6213235294117647
16 0.7926470588235294 0.23602941176470588 0.03235294117647059 0.13529411764705881
16 0.6235294117647059 0.25698529411764703 0.01568627450980392 0.08897058823529412
5 0.5730392156862745 0.20036764705882354 0.016666666666666666 0.022794117647058822
16 0.47990196078431374 0.23713235294117646 0.010784313725490196 0.12426470588235294
8 0.3029411764705882 0.27242647058823527 0.3392156862745098 0.06102941176470588
