3 0.5011415525114156 0.6719939117199392 0.997716894977169 0.6438356164383562
0 0.5970319634703196 0.22146118721461186 0.02511415525114155 0.2298325722983257
11 0.4092465753424658 0.3318112633181126 0.07648401826484018 0.0669710806697108
16 0.8635844748858448 0.1704718417047184 0.030821917808219176 0.334855403348554
6 0.4103881278538813 0.3135464231354642 0.033105022831050226 0.0852359208523592
16 0.8116438356164384 0.16666666666666666 0.0182648401826484 0.3302891933028919
0 0.9195205479452054 0.2039573820395738 0.03767123287671233 0.1643835616438356
14 0.5228310502283106 0.317351598173516 0.0091324200913242 0.0471841704718417
14 0.5485159817351598 0.3150684931506849 0.010273972602739725 0.045662100456621
16 0.19920091324200914 0.1917808219178082 0.026255707762557076 0.2617960426179604
16 0.4149543378995434 0.2039573820395738 0.012557077625570776 0.1339421613394216
14 0.2522831050228311 0.317351598173516 0.0091324200913242 0.0441400304414003
14 0.4908675799086758 0.3089802130898021 0.0091324200913242 0.0395738203957382
16 0.7625570776255708 0.2625570776255708 0.01141552511415525 0.1415525114155251
14 0.4589041095890411 0.3120243531202435 0.00684931506849315 0.0395738203957382
1 0.4143835616438356 0.2085235920852359 0.0136986301369863 0.0334855403348554
3 0.19121004566210045 0.3569254185692542 0.3801369863013699 0.0410958904109589
14 0.062214611872146115 0.3287671232876712 0.012557077625570776 0.0426179604261796
5 0.3961187214611872 0.19863013698630136 0.02054794520547945 0.0380517503805175
14 0.091324200913242 0.3264840182648402 0.00684931506849315 0.0350076103500761
14 0.09988584474885845 0.3272450532724505 0.007990867579908675 0.0365296803652968
16 0.4023972602739726 0.2496194824961948 0.007990867579908675 0.060882800608828
16 0.11015981735159817 0.2937595129375951 0.014840182648401826 0.0974124809741248
0 0.2271689497716895 0.2747336377473364 0.01598173515981735 0.0867579908675799
