3 0.341324200913242 0.7534246575342466 0.680365296803653 0.4931506849315068
9 0.2979452054794521 0.441400304414003 0.0684931506849315 0.0547945205479452
0 0.839041095890411 0.4353120243531202 0.03881278538812785 0.1887366818873668
16 0.06621004566210045 0.4170471841704718 0.0091324200913242 0.0974124809741248
7 0.053082191780821915 0.4474885844748858 0.03767123287671233 0.0365296803652968
2 0.23972602739726026 0.3713850837138508 0.0136986301369863 0.0426179604261796
0 0.4269406392694064 0.4315068493150685 0.0091324200913242 0.0502283105022831
2 0.5234018264840182 0.3987823439878234 0.014840182648401826 0.030441400304414
6 0.4697488584474886 0.4528158295281583 0.014840182648401826 0.0471841704718417
0 0.5850456621004566 0.4398782343987823 0.019406392694063926 0.136986301369863
16 0.7848173515981736 0.3089802130898021 0.019406392694063926 0.4200913242009132
16 0.24429223744292236 0.426179604261796 0.00684931506849315 0.0730593607305936
16 0.17465753424657535 0.3789954337899543 0.0136986301369863 0.167427701674277
16 0.5268264840182648 0.4482496194824962 0.007990867579908675 0.0654490106544901
0 0.54337899543379 0.4345509893455099 0.0091324200913242 0.0776255707762557
7 0.4691780821917808 0.4687975646879756 0.0136986301369863 0.0273972602739726
0 0.4509132420091324 0.4322678843226788 0.0091324200913242 0.0487062404870624
0 0.3824200913242009 0.426179604261796 0.0091324200913242 0.0547945205479452
0 0.3447488584474886 0.4254185692541857 0.0091324200913242 0.0624048706240487
16 0.5136986301369864 0.4307458143074581 0.00684931506849315 0.1187214611872146
3 0.2659817351598174 0.4832572298325723 0.4817351598173516 0.0380517503805175
0 0.5627853881278538 0.4299847792998478 0.01141552511415525 0.0806697108066971
0 0.488013698630137 0.4353120243531202 0.007990867579908675 0.0334855403348554
16 0.15468036529680365 0.3051750380517504 0.014840182648401826 0.3059360730593607
16 0.3692922374429224 0.4079147640791476 0.007990867579908675 0.0974124809741248
