3 0.5702054794520548 0.7709284627092846 0.8595890410958904 0.4581430745814307
10 0.848744292237443 0.4665144596651446 0.05593607305936073 0.0441400304414003
10 0.9240867579908676 0.4687975646879756 0.07420091324200913 0.0395738203957382
16 0.7128995433789954 0.3751902587519026 0.021689497716894976 0.2754946727549467
0 0.7939497716894978 0.4330289193302892 0.023972602739726026 0.1476407914764079
16 0.559931506849315 0.4223744292237443 0.012557077625570776 0.1993911719939117
2 0.5490867579908676 0.3599695585996956 0.02054794520547945 0.0471841704718417
0 0.3230593607305936 0.4581430745814307 0.01598173515981735 0.1430745814307458
16 0.7545662100456622 0.2777777777777778 0.0228310502283105 0.4733637747336377
0 0.15810502283105024 0.4307458143074581 0.019406392694063926 0.1248097412480974
0 0.2534246575342466 0.4322678843226788 0.0182648401826484 0.0974124809741248
0 0.04337899543378995 0.4497716894977169 0.0182648401826484 0.1659056316590563
0 0.7334474885844748 0.4490106544901065 0.010273972602739725 0.0700152207001522
0 0.396689497716895 0.4383561643835616 0.017123287671232876 0.0943683409436834
3 0.906392694063927 0.4946727549467275 0.1872146118721461 0.0213089802130898
0 0.6957762557077626 0.4474885844748858 0.012557077625570776 0.060882800608828
