3 0.5005707762557078 0.7701674277016742 0.9988584474885844 0.4444444444444444
10 0.16381278538812785 0.5053272450532724 0.2705479452054795 0.136986301369863
10 0.04337899543378995 0.541095890410959 0.08447488584474885 0.1537290715372907
2 0.4235159817351598 0.3546423135464231 0.0182648401826484 0.0487062404870624
16 0.4925799086757991 0.4223744292237443 0.010273972602739725 0.1415525114155251
10 0.9748858447488584 0.4794520547945205 0.0502283105022831 0.0365296803652968
9 0.8110730593607306 0.471841704718417 0.05365296803652968 0.0273972602739726
14 0.4925799086757991 0.517503805175038 0.007990867579908675 0.0487062404870624
14 0.603310502283105 0.5159817351598174 0.007990867579908675 0.0517503805175038
16 0.8584474885844748 0.3493150684931507 0.01598173515981735 0.3089802130898021
14 0.589041095890411 0.5038051750380518 0.00684931506849315 0.0365296803652968
14 0.9646118721461188 0.4893455098934551 0.00684931506849315 0.0319634703196347
14 0.5507990867579908 0.5144596651445966 0.007990867579908675 0.0517503805175038
2 0.4994292237442922 0.4269406392694064 0.010273972602739725 0.0258751902587519
9 0.7539954337899544 0.4710806697108067 0.030821917808219176 0.0258751902587519
16 0.410958904109589 0.4162861491628615 0.01141552511415525 0.2024353120243531
16 0.4235159817351598 0.380517503805175 0.01141552511415525 0.2252663622526636
16 0.3915525114155251 0.3554033485540335 0.01141552511415525 0.2815829528158295
16 0.3704337899543379 0.3310502283105023 0.019406392694063926 0.3729071537290715
14 0.5108447488584474 0.5045662100456622 0.005707762557077625 0.0380517503805175
2 0.5684931506849316 0.4444444444444444 0.0091324200913242 0.0213089802130898
14 0.9492009132420092 0.4832572298325723 0.007990867579908675 0.0319634703196347
0 0.9235159817351598 0.4573820395738204 0.0091324200913242 0.0350076103500761
0 0.8949771689497716 0.4535768645357686 0.0091324200913242 0.0365296803652968
0 0.9531963470319634 0.4535768645357686 0.0091324200913242 0.030441400304414
