3 0.5005707762557078 0.8295281582952816 0.9988584474885844 0.3378995433789954
6 0.3167808219178082 0.6430745814307458 0.06050228310502283 0.1628614916286149
6 0.5970319634703196 0.6796042617960426 0.07990867579908675 0.2207001522070015
10 0.932648401826484 0.6963470319634704 0.1324200913242009 0.1933028919330289
6 0.2146118721461187 0.5928462709284628 0.0319634703196347 0.0837138508371385
11 0.7397260273972602 0.6484018264840182 0.07990867579908675 0.0852359208523592
0 0.4828767123287671 0.5525114155251142 0.02968036529680365 0.2009132420091324
7 0.6073059360730594 0.726027397260274 0.0684931506849315 0.15220700152207
7 0.07591324200913242 0.6187214611872146 0.07648401826484018 0.0593607305936073
6 0.08162100456621005 0.5989345509893456 0.03538812785388128 0.1019786910197869
2 0.5428082191780822 0.4535768645357686 0.019406392694063926 0.0487062404870624
6 0.7448630136986302 0.6278538812785388 0.04223744292237443 0.1111111111111111
10 0.7391552511415526 0.5776255707762558 0.08789954337899543 0.0502283105022831
11 0.025684931506849314 0.6423135464231354 0.04908675799086758 0.0974124809741248
16 0.5268264840182648 0.5228310502283106 0.017123287671232876 0.2663622526636225
16 0.6312785388127854 0.454337899543379 0.02054794520547945 0.3729071537290715
6 0.8801369863013698 0.5380517503805176 0.02511415525114155 0.0380517503805175
16 0.5799086757990868 0.4368340943683409 0.01598173515981735 0.2861491628614916
16 0.96175799086758 0.2853881278538813 0.021689497716894976 0.1872146118721461
6 0.017123287671232876 0.5974124809741248 0.0273972602739726 0.0745814307458143
0 0.6843607305936074 0.5494672754946728 0.014840182648401826 0.0791476407914764
9 0.8852739726027398 0.5395738203957382 0.22945205479452055 0.3424657534246575
