3 0.5 0.715372907153729 0.997716894977169 0.5662100456621004
6 0.3453196347031963 0.3158295281582953 0.05821917808219178 0.1719939117199391
16 0.6295662100456622 0.2100456621004566 0.028538812785388126 0.4140030441400304
6 0.017123287671232876 0.2777777777777778 0.0319634703196347 0.1080669710806697
16 0.7408675799086758 0.2792998477929985 0.02511415525114155 0.2937595129375951
3 0.11301369863013698 0.3789954337899543 0.2237442922374429 0.0882800608828006
2 0.2625570776255708 0.05251141552511415 0.04337899543378995 0.0989345509893455
2 0.6558219178082192 0.0943683409436834 0.03767123287671233 0.1004566210045662
7 0.2243150684931507 0.302130898021309 0.030821917808219176 0.0532724505327245
6 0.2226027397260274 0.2754946727549467 0.02968036529680365 0.0700152207001522
11 0.05251141552511415 0.3006088280060883 0.0365296803652968 0.0532724505327245
5 0.2591324200913242 0.1308980213089802 0.02054794520547945 0.0547945205479452
6 0.1832191780821918 0.2785388127853881 0.017123287671232876 0.076103500761035
0 0.11472602739726027 0.21993911719939116 0.028538812785388126 0.0867579908675799
6 0.19920091324200914 0.2770167427701674 0.023972602739726026 0.076103500761035
