3 0.5 0.7427701674277016 0.997716894977169 0.5144596651445966
10 0.5976027397260274 0.4231354642313546 0.11529680365296803 0.0669710806697108
10 0.6837899543378996 0.4231354642313546 0.08447488584474885 0.060882800608828
10 0.8453196347031964 0.4162861491628615 0.08333333333333333 0.0624048706240487
10 0.7745433789954338 0.4223744292237443 0.10616438356164383 0.0563165905631659
16 0.2579908675799087 0.2990867579908676 0.02511415525114155 0.3576864535768645
10 0.91837899543379 0.4162861491628615 0.08789954337899543 0.0624048706240487
16 0.09246575342465753 0.2503805175038052 0.02511415525114155 0.4277016742770167
0 0.7985159817351598 0.3888888888888889 0.021689497716894976 0.1324200913242009
10 0.9720319634703196 0.4132420091324201 0.05593607305936073 0.0624048706240487
1 0.2722602739726027 0.3120243531202435 0.021689497716894976 0.045662100456621
0 0.4788812785388128 0.3888888888888889 0.017123287671232876 0.1445966514459665
16 0.7151826484018264 0.24124809741248096 0.019406392694063926 0.4490106544901065
0 0.027968036529680364 0.3888888888888889 0.023972602739726026 0.1415525114155251
16 0.0136986301369863 0.3645357686453577 0.0182648401826484 0.1872146118721461
16 0.8864155251141552 0.3774733637747336 0.012557077625570776 0.167427701674277
