3 0.410958904109589 0.7229832572298326 0.819634703196347 0.517503805175038
16 0.867579908675799 0.23059360730593606 0.03424657534246575 0.4550989345509893
16 0.514269406392694 0.21841704718417046 0.021689497716894976 0.4337899543378995
2 0.6438356164383562 0.2389649923896499 0.02054794520547945 0.0578386605783866
16 0.3938356164383562 0.2511415525114155 0.0182648401826484 0.228310502283105
16 0.6341324200913242 0.3546423135464231 0.014840182648401826 0.1735159817351598
16 0.3801369863013699 0.2656012176560122 0.01598173515981735 0.1902587519025875
3 0.2471461187214612 0.4535768645357686 0.4920091324200913 0.045662100456621
0 0.985730593607306 0.2762557077625571 0.028538812785388126 0.1293759512937595
0 0.5776255707762558 0.2907153729071537 0.0228310502283105 0.1187214611872146
