3 0.5005707762557078 0.7557077625570776 0.9988584474885844 0.4885844748858447
6 0.307648401826484 0.6552511415525114 0.09246575342465753 0.3181126331811263
10 0.9252283105022832 0.4939117199391172 0.1495433789954338 0.1111111111111111
6 0.3938356164383562 0.6552511415525114 0.091324200913242 0.3576864535768645
10 0.228310502283105 0.5015220700152208 0.18036529680365296 0.0989345509893455
6 0.7128995433789954 0.4916286149162861 0.033105022831050226 0.1126331811263318
6 0.6843607305936074 0.4893455098934551 0.030821917808219176 0.1111111111111111
8 0.05365296803652968 0.4216133942161339 0.1050228310502283 0.0669710806697108
6 0.752283105022831 0.484779299847793 0.0365296803652968 0.1293759512937595
11 0.8162100456621004 0.4893455098934551 0.0776255707762557 0.0654490106544901
1 0.2802511415525114 0.289193302891933 0.017123287671232876 0.045662100456621
9 0.1872146118721461 0.4277016742770167 0.0639269406392694 0.0487062404870624
6 0.5724885844748858 0.4840182648401826 0.023972602739726026 0.0882800608828006
6 0.8264840182648402 0.4748858447488584 0.03424657534246575 0.0974124809741248
6 0.4457762557077626 0.4771689497716895 0.021689497716894976 0.0745814307458143
11 0.4126712328767123 0.4923896499238965 0.04680365296803653 0.0502283105022831
10 0.01598173515981735 0.4520547945205479 0.02968036529680365 0.0487062404870624
10 0.2317351598173516 0.4284627092846271 0.0273972602739726 0.0228310502283105
6 0.3778538812785388 0.4490106544901065 0.01598173515981735 0.060882800608828
10 0.13812785388127855 0.4383561643835616 0.0593607305936073 0.0426179604261796
10 0.973744292237443 0.515220700152207 0.05251141552511415 0.1141552511415525
10 0.2808219178082192 0.4292237442922374 0.03424657534246575 0.0243531202435312
16 0.353310502283105 0.3866057838660578 0.012557077625570776 0.1887366818873668
16 0.4794520547945205 0.2579908675799087 0.0319634703196347 0.5068493150684932
6 0.17579908675799086 0.4581430745814307 0.02054794520547945 0.0395738203957382
6 0.4058219178082192 0.4703196347031963 0.026255707762557076 0.0578386605783866
10 0.3276255707762557 0.4497716894977169 0.0593607305936073 0.0471841704718417
10 0.3110730593607306 0.4284627092846271 0.03995433789954338 0.0289193302891933
3 0.08162100456621005 0.4954337899543379 0.16095890410958905 0.0350076103500761
10 0.05707762557077625 0.4474885844748858 0.04794520547945205 0.0365296803652968
13 0.5268264840182648 0.4786910197869102 0.03767123287671233 0.0502283105022831
2 0.4771689497716895 0.3614916286149163 0.01598173515981735 0.0380517503805175
16 0.5627853881278538 0.3074581430745814 0.0182648401826484 0.3713850837138508
6 0.3618721461187215 0.4436834094368341 0.0136986301369863 0.0532724505327245
6 0.889269406392694 0.4581430745814307 0.0228310502283105 0.0365296803652968
16 0.4731735159817352 0.4193302891933029 0.012557077625570776 0.1719939117199391
16 0.5251141552511416 0.4200913242009132 0.0091324200913242 0.167427701674277
7 0.5068493150684932 0.4672754946727549 0.02054794520547945 0.0426179604261796
6 0.228310502283105 0.4436834094368341 0.02054794520547945 0.0228310502283105
