3 0.4115296803652968 0.654490106544901 0.8207762557077626 0.6879756468797564
6 0.583904109589041 0.2747336377473364 0.023972602739726026 0.0837138508371385
11 0.9611872146118722 0.2968036529680365 0.0776255707762557 0.060882800608828
0 0.7876712328767124 0.21841704718417046 0.0182648401826484 0.1659056316590563
0 0.6267123287671232 0.22450532724505326 0.0136986301369863 0.1293759512937595
2 0.3230593607305936 0.1019786910197869 0.0136986301369863 0.0395738203957382
0 0.10730593607305935 0.2328767123287671 0.01141552511415525 0.060882800608828
0 0.03767123287671233 0.2298325722983257 0.0136986301369863 0.0700152207001522
6 0.9691780821917808 0.2808219178082192 0.03424657534246575 0.0867579908675799
2 0.666095890410959 0.17427701674277016 0.012557077625570776 0.0350076103500761
14 0.7722602739726028 0.2800608828006088 0.007990867579908675 0.0426179604261796
6 0.5587899543378996 0.2754946727549467 0.021689497716894976 0.076103500761035
16 0.23401826484018265 0.1963470319634703 0.0136986301369863 0.136986301369863
16 0.6598173515981736 0.21841704718417046 0.0091324200913242 0.1445966514459665
0 0.16267123287671234 0.2328767123287671 0.010273972602739725 0.0517503805175038
14 0.670662100456621 0.2770167427701674 0.007990867579908675 0.0365296803652968
16 0.8995433789954338 0.2328767123287671 0.01598173515981735 0.136986301369863
5 0.14269406392694065 0.1126331811263318 0.01598173515981735 0.0243531202435312
14 0.2071917808219178 0.2534246575342466 0.007990867579908675 0.0319634703196347
6 0.569634703196347 0.2503805175038052 0.0136986301369863 0.0410958904109589
16 0.6084474885844748 0.21841704718417046 0.01141552511415525 0.1415525114155251
14 0.2625570776255708 0.2579908675799087 0.00684931506849315 0.0228310502283105
14 0.18550228310502284 0.2572298325722983 0.005707762557077625 0.0243531202435312
14 0.19006849315068494 0.258751902587519 0.005707762557077625 0.0243531202435312
0 0.535958904109589 0.23211567732115676 0.010273972602739725 0.0898021308980213
3 0.396689497716895 0.2770167427701674 0.2454337899543379 0.0213089802130898
2 0.5348173515981736 0.16666666666666666 0.012557077625570776 0.0410958904109589
1 0.545662100456621 0.16362252663622526 0.0136986301369863 0.0410958904109589
