3 0.3470319634703196 0.7473363774733638 0.6917808219178082 0.5053272450532724
10 0.10331050228310502 0.4649923896499239 0.204337899543379 0.1415525114155251
10 0.8755707762557078 0.4611872146118721 0.0776255707762557 0.0547945205479452
10 0.8784246575342466 0.7404870624048706 0.24315068493150685 0.512937595129376
10 0.4366438356164384 0.4710806697108067 0.15182648401826485 0.0654490106544901
10 0.922945205479452 0.454337899543379 0.033105022831050226 0.0380517503805175
16 0.5873287671232876 0.393455098934551 0.010273972602739725 0.1902587519025875
2 0.882420091324201 0.3203957382039574 0.01598173515981735 0.0441400304414003
0 0.3139269406392694 0.426179604261796 0.01598173515981735 0.1248097412480974
16 0.7973744292237442 0.3569254185692542 0.010273972602739725 0.2480974124809741
0 0.1598173515981735 0.3987823439878234 0.0136986301369863 0.0821917808219178
16 0.8356164383561644 0.363013698630137 0.0136986301369863 0.1993911719939117
6 0.7682648401826484 0.4497716894977169 0.01598173515981735 0.0532724505327245
1 0.8681506849315068 0.319634703196347 0.012557077625570776 0.045662100456621
16 0.10901826484018265 0.3538812785388128 0.012557077625570776 0.1171993911719939
6 0.8116438356164384 0.4512937595129376 0.01141552511415525 0.0441400304414003
6 0.2134703196347032 0.4550989345509893 0.02054794520547945 0.0426179604261796
7 0.2910958904109589 0.4703196347031963 0.0228310502283105 0.0395738203957382
14 0.6592465753424658 0.4741248097412481 0.005707762557077625 0.0289193302891933
2 0.5901826484018264 0.3980213089802131 0.0136986301369863 0.0289193302891933
14 0.6244292237442922 0.4741248097412481 0.0091324200913242 0.0319634703196347
12 0.533675799086758 0.4764079147640791 0.012557077625570776 0.0273972602739726
3 0.9138127853881278 0.4771689497716895 0.1723744292237443 0.0228310502283105
16 0.6866438356164384 0.3462709284627093 0.012557077625570776 0.2876712328767123
10 0.059931506849315065 0.5015220700152208 0.11757990867579908 0.1354642313546423
7 0.2134703196347032 0.471841704718417 0.045662100456621 0.045662100456621
16 0.7608447488584474 0.4010654490106545 0.007990867579908675 0.0684931506849315
6 0.8190639269406392 0.4512937595129376 0.010273972602739725 0.0441400304414003
