3 0.5017123287671232 0.7945205479452054 0.9942922374429224 0.410958904109589
10 0.8224885844748858 0.5859969558599696 0.2751141552511416 0.1308980213089802
10 0.6073059360730594 0.5669710806697108 0.1689497716894977 0.0806697108066971
10 0.12557077625570776 0.589041095890411 0.24885844748858446 0.1035007610350076
10 0.4178082191780822 0.5403348554033486 0.10273972602739725 0.0273972602739726
0 0.1695205479452055 0.4969558599695586 0.021689497716894976 0.0928462709284627
14 0.2853881278538813 0.5814307458143074 0.0091324200913242 0.0517503805175038
1 0.4731735159817352 0.4824961948249619 0.012557077625570776 0.0273972602739726
0 0.3099315068493151 0.487062404870624 0.019406392694063926 0.1339421613394216
16 0.0593607305936073 0.3310502283105023 0.0273972602739726 0.5677321156773212
0 0.4509132420091324 0.502283105022831 0.0182648401826484 0.0791476407914764
10 0.02226027397260274 0.5471841704718418 0.04223744292237443 0.0319634703196347
16 0.4195205479452055 0.4550989345509893 0.012557077625570776 0.2009132420091324
16 0.3401826484018265 0.5319634703196348 0.00684931506849315 0.0410958904109589
16 0.3658675799086758 0.4710806697108067 0.010273972602739725 0.1598173515981735
0 0.3213470319634703 0.4954337899543379 0.017123287671232876 0.1111111111111111
16 0.6598173515981736 0.4497716894977169 0.0091324200913242 0.1385083713850837
0 0.0091324200913242 0.5114155251141552 0.01598173515981735 0.0517503805175038
16 0.4686073059360731 0.5426179604261796 0.010273972602739725 0.0867579908675799
9 0.2751141552511416 0.530441400304414 0.1278538812785388 0.0471841704718417
5 0.3344748858447489 0.3028919330289193 0.0136986301369863 0.0487062404870624
16 0.9212328767123288 0.4665144596651446 0.0136986301369863 0.1963470319634703
