3 0.6672374429223744 0.819634703196347 0.6655251141552512 0.3607305936073059
6 0.3059360730593607 0.5388127853881278 0.03424657534246575 0.1187214611872146
6 0.22146118721461186 0.5266362252663622 0.03424657534246575 0.0974124809741248
1 0.20490867579908675 0.23515981735159816 0.026255707762557076 0.0806697108066971
1 0.5034246575342466 0.3995433789954338 0.02511415525114155 0.0624048706240487
6 0.2648401826484018 0.5243531202435312 0.02511415525114155 0.0898021308980213
3 0.1569634703196347 0.5844748858447488 0.3116438356164384 0.0487062404870624
16 0.3698630136986301 0.3881278538812785 0.02054794520547945 0.365296803652968
16 0.4971461187214612 0.5159817351598174 0.014840182648401826 0.1735159817351598
16 0.3207762557077626 0.3980213089802131 0.01598173515981735 0.3089802130898021
16 0.007420091324200913 0.3926940639269406 0.012557077625570776 0.2709284627092846
0 0.7317351598173516 0.4170471841704718 0.0136986301369863 0.1004566210045662
16 0.08447488584474885 0.4010654490106545 0.01141552511415525 0.1902587519025875
16 0.5593607305936074 0.3584474885844749 0.01141552511415525 0.1872146118721461
16 0.8573059360730594 0.332572298325723 0.01141552511415525 0.2694063926940639
