3 0.6478310502283106 0.7404870624048706 0.4600456621004566 0.5159817351598174
10 0.797945205479452 0.4931506849315068 0.15296803652968036 0.1308980213089802
10 0.21689497716894976 0.423896499238965 0.08904109589041095 0.0441400304414003
10 0.08561643835616438 0.4269406392694064 0.1598173515981735 0.0654490106544901
11 0.5256849315068494 0.4710806697108067 0.06735159817351598 0.0502283105022831
0 0.648972602739726 0.4101978691019787 0.03995433789954338 0.1659056316590563
1 0.8179223744292238 0.3295281582952816 0.026255707762557076 0.0684931506849315
2 0.4046803652968037 0.3371385083713851 0.019406392694063926 0.0532724505327245
0 0.9178082191780822 0.4969558599695586 0.16210045662100456 0.9908675799086758
6 0.6832191780821918 0.4505327245053272 0.017123287671232876 0.060882800608828
0 0.5228310502283106 0.3995433789954338 0.02054794520547945 0.0958904109589041
6 0.5039954337899544 0.4299847792998478 0.012557077625570776 0.0441400304414003
6 0.6997716894977168 0.4528158295281583 0.0228310502283105 0.0563165905631659
10 0.2928082191780822 0.423896499238965 0.06278538812785388 0.0502283105022831
2 0.4920091324200913 0.3744292237442922 0.0136986301369863 0.030441400304414
6 0.5291095890410958 0.4596651445966514 0.026255707762557076 0.0669710806697108
0 0.11187214611872145 0.3675799086757991 0.01598173515981735 0.0684931506849315
11 0.3607305936073059 0.4375951293759513 0.02054794520547945 0.0289193302891933
6 0.3875570776255708 0.4269406392694064 0.012557077625570776 0.0441400304414003
6 0.4286529680365297 0.4277016742770167 0.012557077625570776 0.0426179604261796
3 0.24486301369863014 0.4809741248097412 0.4874429223744292 0.0517503805175038
16 0.4223744292237443 0.2625570776255708 0.02054794520547945 0.3911719939117199
6 0.3613013698630137 0.4269406392694064 0.014840182648401826 0.0380517503805175
16 0.4560502283105023 0.3097412480974125 0.019406392694063926 0.3302891933028919
16 0.14098173515981735 0.3340943683409437 0.012557077625570776 0.1659056316590563
16 0.7665525114155252 0.4140030441400304 0.012557077625570776 0.0943683409436834
16 0.4828767123287671 0.4079147640791476 0.01141552511415525 0.136986301369863
16 0.4737442922374429 0.2990867579908676 0.0228310502283105 0.3576864535768645
16 0.3984018264840183 0.334855403348554 0.01598173515981735 0.2617960426179604
10 0.3835616438356164 0.4246575342465753 0.0182648401826484 0.0426179604261796
16 0.8259132420091324 0.3995433789954338 0.014840182648401826 0.0684931506849315
16 0.15810502283105024 0.3698630136986301 0.012557077625570776 0.1126331811263318
16 0.4377853881278539 0.4025875190258752 0.012557077625570776 0.1019786910197869
6 0.4480593607305936 0.423896499238965 0.010273972602739725 0.0380517503805175
11 0.3281963470319635 0.4375951293759513 0.030821917808219176 0.0380517503805175
6 0.3304794520547945 0.4200913242009132 0.019406392694063926 0.030441400304414
6 0.3025114155251142 0.4117199391171994 0.0182648401826484 0.0228310502283105
11 0.3047945205479452 0.4375951293759513 0.01598173515981735 0.0410958904109589
6 0.75 0.4528158295281583 0.0273972602739726 0.0350076103500761
