3 0.636986301369863 0.6643835616438356 0.726027397260274 0.6712328767123288
10 0.11986301369863013 0.3409436834094368 0.2374429223744292 0.1491628614916286
16 0.22945205479452055 0.1750380517503805 0.02511415525114155 0.2100456621004566
0 0.9355022831050228 0.20471841704718416 0.012557077625570776 0.0684931506849315
9 0.12614155251141554 0.2747336377473364 0.03538812785388128 0.0380517503805175
14 0.5039954337899544 0.286910197869102 0.010273972602739725 0.0654490106544901
14 0.3401826484018265 0.3006088280060883 0.01141552511415525 0.0624048706240487
16 0.4377853881278539 0.14992389649923896 0.019406392694063926 0.2968036529680365
14 0.4195205479452055 0.2937595129375951 0.012557077625570776 0.0669710806697108
0 0.4925799086757991 0.24581430745814306 0.012557077625570776 0.0867579908675799
0 0.8122146118721462 0.21080669710806696 0.012557077625570776 0.0745814307458143
0 0.365296803652968 0.256468797564688 0.01598173515981735 0.0806697108066971
6 0.2654109589041096 0.2853881278538813 0.014840182648401826 0.0410958904109589
16 0.6170091324200914 0.13165905631659056 0.012557077625570776 0.2602739726027397
3 0.4560502283105023 0.3097412480974125 0.19292237442922375 0.0289193302891933
8 0.079337899543379 0.2579908675799087 0.023972602739726026 0.0258751902587519
0 0.910958904109589 0.20624048706240486 0.0136986301369863 0.0715372907153729
0 0.7094748858447488 0.22907153729071536 0.012557077625570776 0.0593607305936073
0 0.9954337899543378 0.19406392694063926 0.0091324200913242 0.0867579908675799
0 0.5901826484018264 0.22907153729071536 0.0091324200913242 0.0776255707762557
