3 0.2671232876712329 0.7732115677321156 0.5319634703196348 0.4535768645357686
8 0.91324200913242 0.4368340943683409 0.17123287671232876 0.1400304414003044
10 0.7734018264840182 0.4589041095890411 0.04908675799086758 0.0441400304414003
0 0.5371004566210046 0.4254185692541857 0.021689497716894976 0.1841704718417047
16 0.19121004566210045 0.2747336377473364 0.04680365296803653 0.5251141552511416
16 0.605593607305936 0.4178082191780822 0.012557077625570776 0.2024353120243531
0 0.2910958904109589 0.4429223744292237 0.0182648401826484 0.1613394216133942
2 0.5970319634703196 0.350076103500761 0.0182648401826484 0.045662100456621
3 0.8658675799086758 0.5220700152207002 0.2682648401826484 0.0334855403348554
7 0.7351598173515982 0.4756468797564688 0.045662100456621 0.0350076103500761
0 0.7448630136986302 0.4330289193302892 0.012557077625570776 0.0563165905631659
0 0.704337899543379 0.4520547945205479 0.0136986301369863 0.0791476407914764
10 0.7049086757990868 0.454337899543379 0.023972602739726026 0.0258751902587519
4 0.4018264840182648 0.5365296803652968 0.05251141552511415 0.0319634703196347
