3 0.5005707762557078 0.6750380517503806 0.9988584474885844 0.6468797564687976
10 0.930365296803653 0.24124809741248096 0.0684931506849315 0.0380517503805175
10 0.7083333333333334 0.2496194824961948 0.04452054794520548 0.0365296803652968
0 0.014269406392694063 0.258751902587519 0.017123287671232876 0.1035007610350076
16 0.5582191780821918 0.1567732115677321 0.02054794520547945 0.3074581430745814
0 0.952054794520548 0.20167427701674276 0.01141552511415525 0.0563165905631659
0 0.06278538812785388 0.2343987823439878 0.02511415525114155 0.1765601217656012
0 0.16267123287671234 0.2610350076103501 0.017123287671232876 0.0989345509893455
14 0.696917808219178 0.2823439878234399 0.007990867579908675 0.0502283105022831
0 0.622716894977169 0.24124809741248096 0.012557077625570776 0.0867579908675799
2 0.5582191780821918 0.1445966514459665 0.0182648401826484 0.045662100456621
0 0.305365296803653 0.2534246575342466 0.012557077625570776 0.0989345509893455
0 0.8858447488584474 0.21689497716894976 0.01141552511415525 0.0715372907153729
0 0.4263698630136986 0.2465753424657534 0.012557077625570776 0.1095890410958904
14 0.5827625570776256 0.2990867579908676 0.010273972602739725 0.0563165905631659
7 0.7420091324200914 0.2701674277016743 0.02054794520547945 0.0228310502283105
16 0.6718036529680366 0.15449010654490106 0.017123287671232876 0.3059360730593607
14 0.5393835616438356 0.2922374429223744 0.007990867579908675 0.0365296803652968
11 0.8253424657534246 0.2671232876712329 0.02511415525114155 0.0319634703196347
2 0.4400684931506849 0.2191780821917808 0.012557077625570776 0.030441400304414
12 0.559931506849315 0.3417047184170472 0.017123287671232876 0.0319634703196347
11 0.7842465753424658 0.2602739726027397 0.02054794520547945 0.0243531202435312
0 0.5416666666666666 0.22907153729071536 0.019406392694063926 0.1202435312024353
14 0.6381278538812786 0.2709284627092846 0.01141552511415525 0.0730593607305936
6 0.740296803652968 0.2549467275494673 0.014840182648401826 0.0350076103500761
10 0.7665525114155252 0.2503805175038052 0.03767123287671233 0.0319634703196347
14 0.3995433789954338 0.2952815829528158 0.00684931506849315 0.0273972602739726
6 0.8259132420091324 0.2526636225266362 0.014840182648401826 0.0365296803652968
6 0.7842465753424658 0.2511415525114155 0.0136986301369863 0.030441400304414
3 0.4492009132420091 0.3188736681887367 0.11529680365296803 0.0258751902587519
16 0.8327625570776256 0.1872146118721461 0.007990867579908675 0.0974124809741248
14 0.622716894977169 0.2465753424657534 0.012557077625570776 0.0852359208523592
