3 0.5005707762557078 0.7595129375951294 0.9988584474885844 0.4779299847792998
10 0.7551369863013698 0.4406392694063927 0.1358447488584475 0.0745814307458143
0 0.2785388127853881 0.3995433789954338 0.03881278538812785 0.2450532724505327
0 0.9320776255707762 0.3759512937595129 0.028538812785388126 0.1917808219178082
10 0.6187214611872146 0.4292237442922374 0.05707762557077625 0.0578386605783866
16 0.4834474885844749 0.3089802130898021 0.021689497716894976 0.395738203957382
1 0.476027397260274 0.3074581430745814 0.02511415525114155 0.0578386605783866
13 0.05365296803652968 0.4893455098934551 0.0684931506849315 0.0776255707762557
16 0.1295662100456621 0.4299847792998478 0.017123287671232876 0.1963470319634703
6 0.91837899543379 0.439117199391172 0.026255707762557076 0.0776255707762557
0 0.821917808219178 0.3896499238964992 0.02054794520547945 0.1126331811263318
6 0.9828767123287672 0.4345509893455099 0.0273972602739726 0.0898021308980213
3 0.7865296803652968 0.4931506849315068 0.4269406392694064 0.045662100456621
6 0.5844748858447488 0.4360730593607306 0.0228310502283105 0.0715372907153729
6 0.526255707762557 0.4505327245053272 0.0228310502283105 0.1035007610350076
7 0.5856164383561644 0.4581430745814307 0.02054794520547945 0.045662100456621
16 0.8681506849315068 0.3964992389649924 0.010273972602739725 0.1293759512937595
6 0.9657534246575342 0.4353120243531202 0.0273972602739726 0.0943683409436834
6 0.5085616438356164 0.4520547945205479 0.023972602739726026 0.0943683409436834
10 0.02054794520547945 0.4101978691019787 0.03881278538812785 0.0441400304414003
7 0.8904109589041096 0.4444444444444444 0.0365296803652968 0.045662100456621
6 0.4960045662100457 0.4429223744292237 0.019406392694063926 0.106544901065449
16 0.5371004566210046 0.2579908675799087 0.017123287671232876 0.4398782343987823
16 0.7014840182648402 0.24124809741248096 0.017123287671232876 0.3515981735159817
0 0.4589041095890411 0.393455098934551 0.0136986301369863 0.1232876712328767
10 0.5707762557077626 0.4223744292237443 0.0182648401826484 0.0350076103500761
16 0.17636986301369864 0.3356164383561644 0.021689497716894976 0.1659056316590563
10 0.6495433789954338 0.4223744292237443 0.01598173515981735 0.0410958904109589
