3 0.5005707762557078 0.654490106544901 0.9988584474885844 0.6818873668188736
10 0.946917808219178 0.2519025875190259 0.08561643835616438 0.0532724505327245
11 0.8921232876712328 0.2671232876712329 0.033105022831050226 0.0319634703196347
16 0.4115296803652968 0.14992389649923896 0.019406392694063926 0.2968036529680365
16 0.0930365296803653 0.15601217656012176 0.03767123287671233 0.3059360730593607
16 0.037100456621004564 0.15601217656012176 0.05365296803652968 0.3059360730593607
7 0.2745433789954338 0.2678843226788432 0.033105022831050226 0.0547945205479452
16 0.7168949771689498 0.14535768645357686 0.02511415525114155 0.2876712328767123
2 0.398972602739726 0.1445966514459665 0.017123287671232876 0.0426179604261796
2 0.908675799086758 0.1735159817351598 0.0136986301369863 0.045662100456621
6 0.8019406392694064 0.2617960426179604 0.019406392694063926 0.076103500761035
0 0.8430365296803652 0.2191780821917808 0.012557077625570776 0.060882800608828
6 0.8909817351598174 0.2519025875190259 0.017123287671232876 0.0350076103500761
6 0.7905251141552512 0.2602739726027397 0.014840182648401826 0.0639269406392694
10 0.8601598173515982 0.2420091324200913 0.04452054794520548 0.0182648401826484
3 0.8784246575342466 0.2876712328767123 0.24315068493150685 0.0273972602739726
16 0.7271689497716894 0.1735159817351598 0.01598173515981735 0.2313546423135464
5 0.9366438356164384 0.1491628614916286 0.012557077625570776 0.0213089802130898
11 0.4229452054794521 0.2610350076103501 0.014840182648401826 0.0502283105022831
