3 0.5 0.7031963470319634 0.997716894977169 0.593607305936073
2 0.9046803652968036 0.0776255707762557 0.023972602739726026 0.0700152207001522
2 0.3481735159817352 0.18797564687975646 0.02968036529680365 0.0745814307458143
16 0.3281963470319635 0.1993911719939117 0.021689497716894976 0.395738203957382
10 0.8710045662100456 0.2800608828006088 0.03881278538812785 0.0395738203957382
16 0.4315068493150685 0.19254185692541856 0.02511415525114155 0.3820395738203957
14 0.6221461187214612 0.3668188736681887 0.0136986301369863 0.0669710806697108
14 0.5496575342465754 0.3706240487062405 0.010273972602739725 0.0715372907153729
16 0.769406392694064 0.1765601217656012 0.0273972602739726 0.350076103500761
16 0.8242009132420092 0.21993911719939116 0.0136986301369863 0.1202435312024353
3 0.9337899543378996 0.3409436834094368 0.1324200913242009 0.045662100456621
14 0.8493150684931506 0.3234398782343988 0.0091324200913242 0.0410958904109589
16 0.8042237442922374 0.1415525114155251 0.021689497716894976 0.2800608828006088
16 0.8932648401826484 0.1887366818873668 0.017123287671232876 0.15220700152207
6 0.940068493150685 0.2777777777777778 0.010273972602739725 0.0350076103500761
10 0.7808219178082192 0.2671232876712329 0.02968036529680365 0.0228310502283105
6 0.9583333333333334 0.273972602739726 0.012557077625570776 0.0365296803652968
13 0.7054794520547946 0.3340943683409437 0.0502283105022831 0.0745814307458143
