3 0.3607305936073059 0.6430745814307458 0.7191780821917808 0.5555555555555556
0 0.5941780821917808 0.2929984779299848 0.021689497716894976 0.1385083713850837
0 0.3213470319634703 0.2823439878234399 0.021689497716894976 0.1111111111111111
0 0.4891552511415525 0.2831050228310502 0.014840182648401826 0.1035007610350076
0 0.18949771689497716 0.2747336377473364 0.02054794520547945 0.1232876712328767
0 0.5605022831050228 0.2754946727549467 0.01598173515981735 0.1187214611872146
7 0.2454337899543379 0.3226788432267884 0.0273972602739726 0.0395738203957382
0 0.795662100456621 0.302130898021309 0.02054794520547945 0.1019786910197869
1 0.3858447488584475 0.2207001522070015 0.0136986301369863 0.0365296803652968
0 0.7448630136986302 0.286910197869102 0.014840182648401826 0.1080669710806697
0 0.507420091324201 0.2831050228310502 0.014840182648401826 0.0943683409436834
6 0.2813926940639269 0.3082191780821918 0.017123287671232876 0.0624048706240487
16 0.3801369863013699 0.2694063926940639 0.0091324200913242 0.1552511415525114
0 0.02910958904109589 0.2823439878234399 0.017123287671232876 0.0989345509893455
16 0.2471461187214612 0.2678843226788432 0.010273972602739725 0.1461187214611872
14 0.7745433789954338 0.3729071537290715 0.014840182648401826 0.0578386605783866
0 0.285958904109589 0.2572298325722983 0.014840182648401826 0.0578386605783866
16 0.013127853881278538 0.2557077625570776 0.012557077625570776 0.0669710806697108
0 0.8184931506849316 0.302130898021309 0.0228310502283105 0.0837138508371385
10 0.6364155251141552 0.30441400304414 0.03995433789954338 0.0395738203957382
