11 0.65 0.20404411764705882 0.15490196078431373 0.0875
4 0.4676470588235294 0.7801470588235294 0.4980392156862745 0.43970588235294117
14 0.9068627450980392 0.49669117647058825 0.08235294117647059 0.08602941176470588
3 0.5240196078431373 0.37536764705882353 0.7794117647058824 0.26691176470588235
6 0.6544117647058824 0.18676470588235294 0.08137254901960785 0.125
0 0.11960784313725491 0.0838235294117647 0.050980392156862744 0.13529411764705881
11 0.23970588235294119 0.18125 0.05588235294117647 0.0625
14 0.1696078431372549 0.5477941176470589 0.08627450980392157 0.13088235294117648
16 0.030392156862745098 0.07941176470588235 0.058823529411764705 0.15735294117647058
11 0.4485294117647059 0.1536764705882353 0.09509803921568627 0.05588235294117647
10 0.9362745098039216 0.10845588235294118 0.12549019607843137 0.04485294117647059
0 0.7568627450980392 0.1338235294117647 0.10784313725490197 0.15
11 0.2774509803921569 0.16654411764705881 0.03725490196078431 0.04926470588235294
14 0.4406862745098039 0.21176470588235294 0.018627450980392157 0.026470588235294117
0 0.24068627450980393 0.09080882352941176 0.03627450980392157 0.0713235294117647
6 0.2411764705882353 0.15955882352941175 0.054901960784313725 0.07647058823529412
11 0.328921568627451 0.15661764705882353 0.030392156862745098 0.03823529411764706
0 0.396078431372549 0.12720588235294117 0.029411764705882353 0.1411764705882353
0 0.2911764705882353 0.09411764705882353 0.0196078431372549 0.06323529411764706
4 0.5274509803921569 0.20147058823529412 0.06666666666666667 0.07647058823529412
10 0.10196078431372549 0.12205882352941176 0.08627450980392157 0.041176470588235294
0 0.5602941176470588 0.10735294117647058 0.018627450980392157 0.06764705882352941
8 0.8931372549019608 0.08345588235294117 0.19215686274509805 0.03897058823529412
0 0.6676470588235294 0.07610294117647058 0.03725490196078431 0.15073529411764705
0 0.317156862745098 0.09301470588235294 0.016666666666666666 0.06102941176470588
6 0.3299019607843137 0.1386029411764706 0.03235294117647059 0.04779411764705882
0 0.19754901960784313 0.10698529411764705 0.03431372549019608 0.08161764705882353
10 0.9700980392156863 0.12095588235294118 0.05784313725490196 0.03455882352941177
16 0.4602941176470588 0.10551470588235294 0.010784313725490196 0.07426470588235294
16 0.4245098039215686 0.11691176470588235 0.0196078431372549 0.1323529411764706
6 0.271078431372549 0.13455882352941176 0.03431372549019608 0.03823529411764706
0 0.4455882352941177 0.11213235294117647 0.016666666666666666 0.06544117647058824
10 0.01715686274509804 0.11985294117647059 0.03235294117647059 0.026470588235294117
19 0.5343137254901961 0.14375 0.011764705882352941 0.021323529411764706
10 0.28088235294117647 0.11580882352941177 0.026470588235294117 0.01838235294117647
0 0.34215686274509804 0.09705882352941177 0.013725490196078431 0.04852941176470588
0 0.3519607843137255 0.09632352941176471 0.01568627450980392 0.051470588235294115
14 0.5490196078431373 0.14411764705882352 0.00784313725490196 0.01764705882352941
14 0.5254901960784314 0.1448529411764706 0.00784313725490196 0.01764705882352941
8 0.31666666666666665 0.10661764705882353 0.049019607843137254 0.03676470588235294
