3 0.5005707762557078 0.7366818873668188 0.9965753424657534 0.5235920852359208
7 0.2642694063926941 0.4398782343987823 0.03995433789954338 0.076103500761035
1 0.4309360730593607 0.2678843226788432 0.021689497716894976 0.0547945205479452
10 0.9731735159817352 0.3866057838660578 0.05365296803652968 0.0517503805175038
3 0.8276255707762558 0.4497716894977169 0.3401826484018265 0.0593607305936073
10 0.8373287671232876 0.3858447488584475 0.05365296803652968 0.0380517503805175
16 0.4126712328767123 0.2572298325722983 0.026255707762557076 0.4444444444444444
16 0.5285388127853882 0.2785388127853881 0.0182648401826484 0.3835616438356164
10 0.714041095890411 0.3873668188736682 0.03538812785388128 0.0258751902587519
7 0.1232876712328767 0.4406392694063927 0.07077625570776255 0.0684931506849315
0 0.5468036529680366 0.3843226788432268 0.0182648401826484 0.1567732115677321
2 0.7557077625570776 0.1415525114155251 0.0228310502283105 0.060882800608828
14 0.6289954337899544 0.4277016742770167 0.0091324200913242 0.0517503805175038
0 0.9252283105022832 0.363013698630137 0.017123287671232876 0.0715372907153729
7 0.0593607305936073 0.4497716894977169 0.05707762557077625 0.0654490106544901
0 0.6775114155251142 0.3797564687975647 0.017123287671232876 0.1141552511415525
16 0.646689497716895 0.3439878234398782 0.012557077625570776 0.1917808219178082
0 0.9828767123287672 0.3386605783866058 0.01598173515981735 0.0563165905631659
0 0.6261415525114156 0.365296803652968 0.010273972602739725 0.0700152207001522
0 0.660958904109589 0.3599695585996956 0.02054794520547945 0.1659056316590563
