3 0.5 0.6910197869101978 0.997716894977169 0.4170471841704718
16 0.2876712328767123 0.2465753424657534 0.0365296803652968 0.4627092846270928
3 0.8299086757990868 0.4345509893455099 0.3401826484018265 0.0715372907153729
16 0.4286529680365297 0.23515981735159816 0.033105022831050226 0.4642313546423135
16 0.12614155251141554 0.3485540334855403 0.028538812785388126 0.2557077625570776
1 0.3099315068493151 0.10121765601217655 0.04452054794520548 0.1659056316590563
2 0.305365296803653 0.228310502283105 0.033105022831050226 0.076103500761035
7 0.5821917808219178 0.3797564687975647 0.06164383561643835 0.0624048706240487
0 0.9046803652968036 0.30441400304414 0.017123287671232876 0.106544901065449
0 0.9897260273972602 0.3051750380517504 0.02054794520547945 0.1202435312024353
16 0.632420091324201 0.2762557077625571 0.02054794520547945 0.2998477929984779
0 0.5667808219178082 0.3006088280060883 0.017123287671232876 0.1293759512937595
0 0.5861872146118722 0.3028919330289193 0.017123287671232876 0.121765601217656
16 0.6061643835616438 0.2511415525114155 0.01598173515981735 0.3105022831050228
0 0.8093607305936074 0.3074581430745814 0.0136986301369863 0.0821917808219178
0 0.8544520547945206 0.3089802130898021 0.012557077625570776 0.0852359208523592
0 0.7768264840182648 0.3127853881278539 0.012557077625570776 0.0654490106544901
