3 0.2893835616438356 0.754185692541857 0.5764840182648402 0.4916286149162861
10 0.12157534246575342 0.469558599695586 0.08105022831050228 0.0471841704718417
10 0.18835616438356165 0.4627092846270928 0.05707762557077625 0.0395738203957382
16 0.9343607305936074 0.2709284627092846 0.03538812785388128 0.5388127853881278
10 0.2300228310502283 0.4558599695585997 0.03995433789954338 0.0319634703196347
7 0.5605022831050228 0.4741248097412481 0.0410958904109589 0.0350076103500761
10 0.3418949771689498 0.4459665144596651 0.028538812785388126 0.0243531202435312
2 0.4366438356164384 0.3713850837138508 0.012557077625570776 0.0334855403348554
2 0.3167808219178082 0.3249619482496195 0.012557077625570776 0.0380517503805175
16 0.4332191780821918 0.4208523592085236 0.012557077625570776 0.1506849315068493
1 0.12214611872146118 0.3219178082191781 0.0136986301369863 0.0380517503805175
16 0.07591324200913242 0.4041095890410959 0.012557077625570776 0.1415525114155251
1 0.3287671232876712 0.3249619482496195 0.0136986301369863 0.0380517503805175
16 0.3761415525114155 0.3896499238964992 0.007990867579908675 0.136986301369863
2 0.1113013698630137 0.3234398782343988 0.012557077625570776 0.0350076103500761
14 0.714041095890411 0.4855403348554033 0.007990867579908675 0.0426179604261796
14 0.5234018264840182 0.484779299847793 0.007990867579908675 0.0410958904109589
14 0.6421232876712328 0.4863013698630137 0.007990867579908675 0.0380517503805175
14 0.7990867579908676 0.4855403348554033 0.0091324200913242 0.0426179604261796
14 0.8698630136986302 0.4855403348554033 0.0091324200913242 0.0426179604261796
14 0.478310502283105 0.4863013698630137 0.00684931506849315 0.0350076103500761
3 0.1877853881278539 0.5015220700152208 0.3732876712328767 0.0258751902587519
14 0.5776255707762558 0.484779299847793 0.0091324200913242 0.0380517503805175
14 0.4355022831050228 0.4840182648401826 0.007990867579908675 0.0334855403348554
14 0.4046803652968037 0.4802130898021309 0.007990867579908675 0.0319634703196347
14 0.3829908675799087 0.4779299847792998 0.007990867579908675 0.030441400304414
16 0.028538812785388126 0.3432267884322679 0.01598173515981735 0.1719939117199391
16 0.3715753424657534 0.395738203957382 0.010273972602739725 0.1156773211567732
14 0.3550228310502283 0.4764079147640791 0.0045662100456621 0.0273972602739726
14 0.3658675799086758 0.4748858447488584 0.005707762557077625 0.030441400304414
16 0.651255707762557 0.4010654490106545 0.007990867579908675 0.0837138508371385
