3 0.5005707762557078 0.697869101978691 0.9988584474885844 0.5920852359208524
10 0.9600456621004566 0.3592085235920852 0.07990867579908675 0.1187214611872146
6 0.2796803652968037 0.3493150684931507 0.0182648401826484 0.0684931506849315
0 0.7568493150684932 0.2853881278538813 0.0228310502283105 0.1841704718417047
6 0.4229452054794521 0.3614916286149163 0.023972602739726026 0.0867579908675799
2 0.2482876712328767 0.182648401826484 0.019406392694063926 0.0517503805175038
2 0.5405251141552512 0.243531202435312 0.017123287671232876 0.0426179604261796
16 0.3207762557077626 0.2785388127853881 0.0228310502283105 0.1856925418569254
16 0.545662100456621 0.3287671232876712 0.01141552511415525 0.121765601217656
16 0.8744292237442922 0.2792998477929985 0.01598173515981735 0.2085235920852359
16 0.1113013698630137 0.2572298325722983 0.021689497716894976 0.2070015220700152
3 0.16552511415525115 0.3949771689497717 0.3264840182648402 0.0350076103500761
12 0.7049086757990868 0.3683409436834094 0.017123287671232876 0.045662100456621
16 0.03538812785388128 0.2815829528158295 0.0228310502283105 0.1704718417047184
0 0.990296803652968 0.2557077625570776 0.017123287671232876 0.136986301369863
10 0.1278538812785388 0.3371385083713851 0.0502283105022831 0.0289193302891933
16 0.2009132420091324 0.2747336377473364 0.0136986301369863 0.1506849315068493
10 0.018835616438356163 0.350076103500761 0.03538812785388128 0.0334855403348554
16 0.339041095890411 0.2929984779299848 0.01141552511415525 0.1476407914764079
10 0.091324200913242 0.3424657534246575 0.04794520547945205 0.030441400304414
0 0.7288812785388128 0.2465753424657534 0.010273972602739725 0.0943683409436834
10 0.046232876712328765 0.3470319634703196 0.04680365296803653 0.0334855403348554
10 0.3635844748858447 0.3249619482496195 0.021689497716894976 0.0228310502283105
