10 0.14098173515981735 0.4003044140030441 0.2819634703196347 0.2191780821917808
16 0.2454337899543379 0.2990867579908676 0.05707762557077625 0.5799086757990868
0 0.6912100456621004 0.2952815829528158 0.023972602739726026 0.1430745814307458
0 0.928082191780822 0.2907153729071537 0.0273972602739726 0.1491628614916286
16 0.8327625570776256 0.17884322678843226 0.026255707762557076 0.3576864535768645
0 0.591324200913242 0.2937595129375951 0.0182648401826484 0.0974124809741248
0 0.4394977168949772 0.289193302891933 0.0228310502283105 0.1187214611872146
14 0.8698630136986302 0.3706240487062405 0.0136986301369863 0.0928462709284627
0 0.0821917808219178 0.2633181126331811 0.01598173515981735 0.0578386605783866
3 0.3481735159817352 0.6925418569254186 0.6917808219178082 0.60882800608828
0 0.8972602739726028 0.2876712328767123 0.0136986301369863 0.106544901065449
0 0.2654109589041096 0.2952815829528158 0.012557077625570776 0.0821917808219178
0 0.6295662100456622 0.2823439878234399 0.010273972602739725 0.0715372907153729
0 0.2734018264840183 0.2937595129375951 0.012557077625570776 0.0730593607305936
14 0.8424657534246576 0.3759512937595129 0.0136986301369863 0.0669710806697108
10 0.048515981735159815 0.2861491628614916 0.09703196347031963 0.0639269406392694
