3 0.6181506849315068 0.6993911719939118 0.7636986301369864 0.6012176560121766
10 0.6090182648401826 0.3394216133942161 0.06735159817351598 0.0821917808219178
11 0.3944063926940639 0.3888888888888889 0.09018264840182648 0.0684931506849315
16 0.11015981735159817 0.21993911719939116 0.03995433789954338 0.3881278538812785
10 0.04280821917808219 0.3949771689497717 0.08333333333333333 0.1719939117199391
6 0.20833333333333334 0.3523592085235921 0.04223744292237443 0.1019786910197869
6 0.3938356164383562 0.3706240487062405 0.0365296803652968 0.1050228310502283
10 0.5125570776255708 0.3287671232876712 0.04337899543378995 0.0426179604261796
1 0.408675799086758 0.22602739726027396 0.0182648401826484 0.0410958904109589
16 0.4155251141552511 0.2176560121765601 0.0182648401826484 0.2861491628614916
6 0.968607305936073 0.3181126331811263 0.017123287671232876 0.0547945205479452
6 0.4868721461187215 0.3470319634703196 0.030821917808219176 0.0882800608828006
16 0.708904109589041 0.2009132420091324 0.01598173515981735 0.2831050228310502
0 0.4657534246575342 0.3272450532724505 0.0136986301369863 0.0943683409436834
16 0.9628995433789954 0.2846270928462709 0.012557077625570776 0.121765601217656
16 0.4292237442922374 0.1796042617960426 0.02054794520547945 0.3561643835616438
2 0.5582191780821918 0.1887366818873668 0.01141552511415525 0.0365296803652968
16 0.5856164383561644 0.2595129375951294 0.0091324200913242 0.1080669710806697
3 0.5507990867579908 0.3485540334855403 0.20205479452054795 0.0213089802130898
0 0.5679223744292238 0.3112633181126332 0.010273972602739725 0.0471841704718417
3 0.8801369863013698 0.34779299847793 0.1187214611872146 0.0228310502283105
5 0.5993150684931506 0.2404870624048706 0.01598173515981735 0.0182648401826484
16 0.5981735159817352 0.2747336377473364 0.00684931506849315 0.0502283105022831
16 0.8961187214611872 0.2602739726027397 0.0091324200913242 0.0578386605783866
0 0.684931506849315 0.2701674277016743 0.0136986301369863 0.0502283105022831
