3 0.5017123287671232 0.678082191780822 0.9965753424657534 0.6438356164383562
0 0.6872146118721462 0.2694063926940639 0.02511415525114155 0.1430745814307458
16 0.13470319634703196 0.3135464231354642 0.0182648401826484 0.1552511415525114
0 0.5039954337899544 0.2640791476407915 0.023972602739726026 0.2024353120243531
0 0.2711187214611872 0.2480974124809741 0.03995433789954338 0.2678843226788432
1 0.577054794520548 0.20471841704718416 0.017123287671232876 0.0410958904109589
7 0.4828767123287671 0.3432267884322679 0.03424657534246575 0.0441400304414003
7 0.01997716894977169 0.365296803652968 0.03767123287671233 0.060882800608828
16 0.8407534246575342 0.1552511415525114 0.019406392694063926 0.3074581430745814
16 0.535958904109589 0.1811263318112633 0.017123287671232876 0.3592085235920852
16 0.571917808219178 0.2922374429223744 0.01141552511415525 0.1278538812785388
0 0.728310502283105 0.2694063926940639 0.01598173515981735 0.1095890410958904
3 0.8584474885844748 0.3363774733637747 0.2831050228310502 0.0426179604261796
0 0.3030821917808219 0.3097412480974125 0.014840182648401826 0.0958904109589041
0 0.8224885844748858 0.2663622526636225 0.012557077625570776 0.0791476407914764
