3 0.4263698630136986 0.7838660578386606 0.8504566210045662 0.4018264840182648
14 0.3487442922374429 0.5403348554033486 0.007990867579908675 0.0578386605783866
16 0.6963470319634704 0.363013698630137 0.02054794520547945 0.4124809741248097
1 0.6872146118721462 0.350076103500761 0.0273972602739726 0.0669710806697108
14 0.617579908675799 0.5502283105022832 0.0091324200913242 0.0624048706240487
14 0.3641552511415525 0.5380517503805176 0.0091324200913242 0.0563165905631659
14 0.7168949771689498 0.5449010654490106 0.0091324200913242 0.060882800608828
14 0.4332191780821918 0.5395738203957382 0.007990867579908675 0.0563165905631659
1 0.5958904109589042 0.4269406392694064 0.0136986301369863 0.0319634703196347
16 0.6067351598173516 0.4299847792998478 0.010273972602739725 0.2207001522070015
1 0.3841324200913242 0.4429223744292237 0.010273972602739725 0.0243531202435312
14 0.4212328767123288 0.5426179604261796 0.0091324200913242 0.0624048706240487
14 0.5468036529680366 0.5464231354642314 0.00684931506849315 0.0639269406392694
16 0.3202054794520548 0.4558599695585997 0.010273972602739725 0.1415525114155251
14 0.4823059360730594 0.5441400304414004 0.007990867579908675 0.0563165905631659
16 0.7311643835616438 0.439117199391172 0.010273972602739725 0.2085235920852359
16 0.3886986301369863 0.4923896499238965 0.007990867579908675 0.0776255707762557
16 0.4714611872146119 0.4642313546423135 0.00684931506849315 0.0852359208523592
14 0.4606164383561644 0.5228310502283106 0.005707762557077625 0.0289193302891933
16 0.8190639269406392 0.4931506849315068 0.007990867579908675 0.0821917808219178
16 0.7460045662100456 0.4505327245053272 0.010273972602739725 0.1613394216133942
14 0.5365296803652968 0.5289193302891934 0.00684931506849315 0.0350076103500761
16 0.4942922374429224 0.4589041095890411 0.00684931506849315 0.1080669710806697
14 0.488013698630137 0.5426179604261796 0.007990867579908675 0.0563165905631659
14 0.757420091324201 0.530441400304414 0.007990867579908675 0.0380517503805175
14 0.7374429223744292 0.528158295281583 0.00684931506849315 0.0334855403348554
16 0.14269406392694065 0.4307458143074581 0.0091324200913242 0.1430745814307458
14 0.4977168949771689 0.5213089802130898 0.00684931506849315 0.0319634703196347
0 0.9486301369863014 0.4893455098934551 0.0091324200913242 0.0532724505327245
16 0.4863013698630137 0.4337899543378995 0.0091324200913242 0.15220700152207
0 0.8949771689497716 0.4809741248097412 0.0091324200913242 0.0669710806697108
16 0.559931506849315 0.487062404870624 0.005707762557077625 0.0426179604261796
14 0.5513698630136986 0.54337899543379 0.00684931506849315 0.060882800608828
0 0.8378995433789954 0.4840182648401826 0.01141552511415525 0.091324200913242
