10 0.771689497716895 0.3508371385083714 0.17123287671232876 0.1080669710806697
10 0.6232876712328768 0.3523592085235921 0.0821917808219178 0.0684931506849315
3 0.4052511415525114 0.7678843226788432 0.8082191780821918 0.4642313546423135
3 0.7100456621004566 0.4687975646879756 0.5799086757990868 0.1339421613394216
10 0.7374429223744292 0.2678843226788432 0.1506849315068493 0.0547945205479452
10 0.5519406392694064 0.3447488584474886 0.04223744292237443 0.0593607305936073
7 0.4520547945205479 0.4330289193302892 0.0502283105022831 0.1019786910197869
10 0.4811643835616438 0.3493150684931507 0.026255707762557076 0.0228310502283105
10 0.5781963470319634 0.3470319634703196 0.04908675799086758 0.060882800608828
19 0.24885844748858446 0.4657534246575342 0.0365296803652968 0.0791476407914764
0 0.906392694063927 0.1537290715372907 0.02054794520547945 0.0821917808219178
10 0.6158675799086758 0.2990867579908676 0.04680365296803653 0.0228310502283105
16 0.9691780821917808 0.3272450532724505 0.0136986301369863 0.106544901065449
16 0.694634703196347 0.14535768645357686 0.028538812785388126 0.2876712328767123
10 0.5251141552511416 0.3515981735159817 0.02968036529680365 0.0395738203957382
10 0.5114155251141552 0.3493150684931507 0.02968036529680365 0.0410958904109589
