3 0.5005707762557078 0.682648401826484 0.9988584474885844 0.634703196347032
10 0.1569634703196347 0.3211567732115677 0.08789954337899543 0.0669710806697108
6 0.694634703196347 0.3143074581430746 0.033105022831050226 0.1050228310502283
10 0.0958904109589041 0.3135464231354642 0.06164383561643835 0.0517503805175038
11 0.5781963470319634 0.3356164383561644 0.06506849315068493 0.0563165905631659
10 0.2762557077625571 0.3211567732115677 0.07534246575342465 0.0578386605783866
6 0.553082191780822 0.3013698630136986 0.019406392694063926 0.0669710806697108
6 0.7482876712328768 0.3059360730593607 0.030821917808219176 0.1004566210045662
6 0.4948630136986301 0.3181126331811263 0.019406392694063926 0.1004566210045662
6 0.454337899543379 0.3242009132420091 0.0273972602739726 0.121765601217656
10 0.030821917808219176 0.3257229832572298 0.0593607305936073 0.0821917808219178
6 0.7791095890410958 0.302130898021309 0.026255707762557076 0.1050228310502283
7 0.4954337899543379 0.3462709284627093 0.0593607305936073 0.0471841704718417
6 0.3795662100456621 0.3013698630136986 0.017123287671232876 0.0578386605783866
10 0.9697488584474886 0.2625570776255708 0.06050228310502283 0.0410958904109589
6 0.5781963470319634 0.3188736681887367 0.028538812785388126 0.0806697108066971
10 0.8384703196347032 0.271689497716895 0.05365296803652968 0.0410958904109589
16 0.3892694063926941 0.23211567732115676 0.01598173515981735 0.1293759512937595
11 0.22945205479452055 0.3356164383561644 0.02511415525114155 0.0380517503805175
2 0.651255707762557 0.197869101978691 0.017123287671232876 0.045662100456621
10 0.5861872146118722 0.2792998477929985 0.06963470319634703 0.0410958904109589
6 0.4275114155251142 0.3287671232876712 0.026255707762557076 0.1156773211567732
0 0.8978310502283106 0.2549467275494673 0.03767123287671233 0.1933028919330289
7 0.3784246575342466 0.3188736681887367 0.026255707762557076 0.0319634703196347
10 0.2180365296803653 0.3074581430745814 0.05251141552511415 0.0426179604261796
16 0.8144977168949772 0.2625570776255708 0.012557077625570776 0.1628614916286149
16 0.4851598173515982 0.1582952815829528 0.0182648401826484 0.3135464231354642
7 0.9492009132420092 0.3211567732115677 0.030821917808219176 0.0639269406392694
10 0.04280821917808219 0.3105022831050228 0.05365296803652968 0.0426179604261796
16 0.6626712328767124 0.2572298325722983 0.012557077625570776 0.2039573820395738
7 0.9874429223744292 0.3242009132420091 0.02511415525114155 0.0547945205479452
6 0.317351598173516 0.3059360730593607 0.01598173515981735 0.0365296803652968
11 0.3184931506849315 0.3249619482496195 0.0182648401826484 0.0380517503805175
16 0.3544520547945205 0.2252663622526636 0.019406392694063926 0.2100456621004566
6 0.23116438356164384 0.3158295281582953 0.019406392694063926 0.0441400304414003
8 0.7254566210045662 0.2541856925418569 0.1769406392694064 0.0669710806697108
7 0.968607305936073 0.3234398782343988 0.028538812785388126 0.0563165905631659
6 0.4160958904109589 0.3165905631659056 0.014840182648401826 0.0821917808219178
16 0.365296803652968 0.2207001522070015 0.01598173515981735 0.167427701674277
10 0.2979452054794521 0.2899543378995434 0.0273972602739726 0.0228310502283105
10 0.9018264840182648 0.2694063926940639 0.07077625570776255 0.0426179604261796
10 0.6689497716894978 0.273972602739726 0.0821917808219178 0.0426179604261796
10 0.7819634703196348 0.2663622526636225 0.05251141552511415 0.0487062404870624
