3 0.5234018264840182 0.5730593607305936 0.9509132420091324 0.8538812785388128
10 0.6364155251141552 0.07077625570776255 0.16552511415525115 0.0806697108066971
10 0.8504566210045662 0.06164383561643835 0.136986301369863 0.0441400304414003
14 0.2973744292237443 0.1187214611872146 0.010273972602739725 0.0547945205479452
0 0.4275114155251142 0.05403348554033485 0.017123287671232876 0.1050228310502283
14 0.4492009132420091 0.11187214611872145 0.010273972602739725 0.0502283105022831
16 0.5490867579908676 0.0593607305936073 0.0136986301369863 0.1156773211567732
14 0.3995433789954338 0.1156773211567732 0.0091324200913242 0.0517503805175038
14 0.3487442922374429 0.1187214611872146 0.010273972602739725 0.0487062404870624
0 0.9343607305936074 0.03576864535768645 0.014840182648401826 0.0684931506849315
16 0.5102739726027398 0.04946727549467275 0.0136986301369863 0.0958904109589041
16 0.08732876712328767 0.0517503805175038 0.021689497716894976 0.1004566210045662
16 0.016552511415525113 0.05098934550989345 0.021689497716894976 0.0989345509893455
3 0.363013698630137 0.12861491628614916 0.24885844748858446 0.0289193302891933
