6 0.09018264840182648 0.5578386605783866 0.1780821917808219 0.6133942161339422
6 0.7625570776255708 0.3668188736681887 0.0639269406392694 0.1887366818873668
3 0.3664383561643836 0.573820395738204 0.7191780821917808 0.334855403348554
6 0.8647260273972602 0.3828006088280061 0.05593607305936073 0.1445966514459665
6 0.3926940639269406 0.3561643835616438 0.04337899543378995 0.136986301369863
6 0.3476027397260274 0.3660578386605784 0.03995433789954338 0.1415525114155251
10 0.964041095890411 0.4231354642313546 0.07191780821917808 0.15220700152207
6 0.2831050228310502 0.3561643835616438 0.0273972602739726 0.0943683409436834
10 0.8835616438356164 0.3751902587519026 0.2328767123287671 0.1263318112633181
10 0.4520547945205479 0.3614916286149163 0.1917808219178082 0.1080669710806697
6 0.20319634703196346 0.3493150684931507 0.0365296803652968 0.1111111111111111
10 0.02682648401826484 0.3607305936073059 0.05136986301369863 0.1308980213089802
0 0.6067351598173516 0.2694063926940639 0.026255707762557076 0.1126331811263318
10 0.6615296803652968 0.3812785388127854 0.341324200913242 0.1324200913242009
5 0.3744292237442922 0.2450532724505327 0.0228310502283105 0.045662100456621
6 0.2363013698630137 0.3485540334855403 0.03424657534246575 0.1156773211567732
0 0.9537671232876712 0.2534246575342466 0.033105022831050226 0.1202435312024353
6 0.319634703196347 0.3592085235920852 0.0273972602739726 0.0974124809741248
6 0.2608447488584475 0.3515981735159817 0.026255707762557076 0.0974124809741248
2 0.523972602739726 0.2519025875190259 0.0182648401826484 0.0471841704718417
16 0.5331050228310502 0.2800608828006088 0.0136986301369863 0.1430745814307458
16 0.3738584474885845 0.20015220700152206 0.021689497716894976 0.3942161339421613
0 0.2979452054794521 0.2610350076103501 0.0273972602739726 0.1780821917808219
6 0.5644977168949772 0.3287671232876712 0.019406392694063926 0.045662100456621
0 0.0091324200913242 0.256468797564688 0.01598173515981735 0.0898021308980213
16 0.3715753424657534 0.3150684931506849 0.014840182648401826 0.106544901065449
0 0.12214611872146118 0.2838660578386606 0.0365296803652968 0.1324200913242009
6 0.5114155251141552 0.3363774733637747 0.02511415525114155 0.0639269406392694
6 0.5245433789954338 0.3295281582952816 0.019406392694063926 0.0624048706240487
