3 0.5005707762557078 0.5441400304414004 0.9988584474885844 0.908675799086758
13 0.3156392694063927 0.0441400304414003 0.05136986301369863 0.0639269406392694
14 0.1660958904109589 0.0547945205479452 0.017123287671232876 0.0669710806697108
12 0.4520547945205479 0.0547945205479452 0.02054794520547945 0.045662100456621
16 0.3567351598173516 0.03881278538812785 0.019406392694063926 0.0745814307458143
14 0.5325342465753424 0.05098934550989345 0.010273972602739725 0.0563165905631659
14 0.4731735159817352 0.05098934550989345 0.010273972602739725 0.0624048706240487
16 0.5462328767123288 0.0380517503805175 0.012557077625570776 0.0730593607305936
14 0.730593607305936 0.0228310502283105 0.0091324200913242 0.0395738203957382
3 0.8710045662100456 0.045662100456621 0.2579908675799087 0.0365296803652968
16 0.12214611872146118 0.02968036529680365 0.02968036529680365 0.0563165905631659
16 0.7174657534246576 0.0213089802130898 0.012557077625570776 0.0395738203957382
