3 0.4988584474885845 0.6856925418569254 0.9954337899543378 0.6286149162861492
11 0.4115296803652968 0.3576864535768645 0.04452054794520548 0.0365296803652968
0 0.6740867579908676 0.3112633181126332 0.017123287671232876 0.0837138508371385
16 0.2756849315068493 0.3112633181126332 0.007990867579908675 0.0898021308980213
1 0.2802511415525114 0.286910197869102 0.010273972602739725 0.0258751902587519
2 0.10102739726027397 0.2343987823439878 0.012557077625570776 0.030441400304414
0 0.5525114155251142 0.3112633181126332 0.0182648401826484 0.0867579908675799
2 0.0884703196347032 0.23363774733637746 0.012557077625570776 0.0289193302891933
6 0.4126712328767123 0.34779299847793 0.017123287671232876 0.0502283105022831
14 0.4520547945205479 0.3622526636225266 0.01141552511415525 0.0395738203957382
16 0.136986301369863 0.3028919330289193 0.0091324200913242 0.1126331811263318
