3 0.567351598173516 0.7016742770167428 0.860730593607306 0.593607305936073
6 0.8687214611872146 0.6301369863013698 0.23515981735159816 0.5966514459665144
10 0.6689497716894978 0.2899543378995434 0.08904109589041095 0.0441400304414003
13 0.408675799086758 0.3401826484018265 0.04337899543378995 0.0624048706240487
0 0.4874429223744292 0.2648401826484018 0.02511415525114155 0.1613394216133942
0 0.9337899543378996 0.2496194824961948 0.0182648401826484 0.0852359208523592
0 0.3025114155251142 0.2572298325722983 0.02968036529680365 0.2526636225266362
2 0.3578767123287671 0.1948249619482496 0.021689497716894976 0.0547945205479452
7 0.894406392694064 0.3150684931506849 0.05821917808219178 0.0487062404870624
14 0.2534246575342466 0.3584474885844749 0.01141552511415525 0.0624048706240487
6 0.9463470319634704 0.4710806697108067 0.1004566210045662 0.3485540334855403
10 0.8481735159817352 0.2831050228310502 0.08904109589041095 0.0517503805175038
16 0.5536529680365296 0.2115677321156773 0.0136986301369863 0.273972602739726
16 0.3692922374429224 0.21537290715372906 0.017123287671232876 0.3059360730593607
0 0.7511415525114156 0.2572298325722983 0.01141552511415525 0.0700152207001522
6 0.8915525114155252 0.2914764079147641 0.0228310502283105 0.0593607305936073
0 0.5742009132420092 0.2602739726027397 0.02054794520547945 0.15220700152207
0 0.2237442922374429 0.2579908675799087 0.0182648401826484 0.0898021308980213
0 0.6877853881278538 0.2534246575342466 0.014840182648401826 0.0532724505327245
5 0.8087899543378996 0.2207001522070015 0.012557077625570776 0.0243531202435312
0 0.8418949771689498 0.23059360730593606 0.012557077625570776 0.0502283105022831
10 0.6078767123287672 0.2709284627092846 0.033105022831050226 0.0182648401826484
16 0.533675799086758 0.22907153729071536 0.010273972602739725 0.1780821917808219
3 0.7528538812785388 0.3234398782343988 0.3230593607305936 0.0410958904109589
16 0.807648401826484 0.2207001522070015 0.012557077625570776 0.106544901065449
10 0.7128995433789954 0.2732115677321157 0.030821917808219176 0.0289193302891933
14 0.5844748858447488 0.3112633181126332 0.0091324200913242 0.0380517503805175
10 0.5308219178082192 0.286910197869102 0.0547945205479452 0.0350076103500761
16 0.5884703196347032 0.2549467275494673 0.007990867579908675 0.1537290715372907
11 0.5211187214611872 0.2990867579908676 0.017123287671232876 0.0289193302891933
6 0.5205479452054794 0.2838660578386606 0.0136986301369863 0.0228310502283105
