15 0.052941176470588235 0.4139705882352941 0.08823529411764706 0.07647058823529412
4 0.5769607843137254 0.6658088235294117 0.39509803921568626 0.6654411764705882
15 0.10931372549019608 0.39044117647058824 0.07156862745098039 0.06470588235294118
0 0.04607843137254902 0.23198529411764707 0.03333333333333333 0.08014705882352942
15 0.15 0.375 0.058823529411764705 0.054411764705882354
11 0.16666666666666666 0.2974264705882353 0.0392156862745098 0.04044117647058824
15 0.18284313725490195 0.3628676470588235 0.05196078431372549 0.04926470588235294
11 0.2852941176470588 0.2926470588235294 0.027450980392156862 0.03235294117647059
0 0.3764705882352941 0.25625 0.023529411764705882 0.06838235294117648
10 0.0857843137254902 0.2650735294117647 0.04803921568627451 0.015441176470588236
15 0.2073529411764706 0.35294117647058826 0.04215686274509804 0.04264705882352941
15 0.22598039215686275 0.34705882352941175 0.03235294117647059 0.03823529411764706
0 0.16225490196078432 0.23823529411764705 0.024509803921568627 0.04852941176470588
6 0.1661764705882353 0.27904411764705883 0.04215686274509804 0.04485294117647059
6 0.32598039215686275 0.2713235294117647 0.018627450980392157 0.01911764705882353
6 0.28480392156862744 0.27536764705882355 0.028431372549019607 0.027205882352941177
0 0.22647058823529412 0.24816176470588236 0.0196078431372549 0.04926470588235294
16 0.21372549019607842 0.24301470588235294 0.013725490196078431 0.05514705882352941
15 0.2411764705882353 0.3411764705882353 0.03333333333333333 0.03235294117647059
15 0.2553921568627451 0.33639705882352944 0.026470588235294117 0.030147058823529412
6 0.30637254901960786 0.27242647058823527 0.018627450980392157 0.022794117647058822
16 0.012254901960784314 0.22941176470588234 0.018627450980392157 0.08235294117647059
15 0.2691176470588235 0.3323529411764706 0.022549019607843137 0.026470588235294117
0 0.2833333333333333 0.2474264705882353 0.011764705882352941 0.03161764705882353
11 0.307843137254902 0.28713235294117645 0.021568627450980392 0.025735294117647058
11 0.32598039215686275 0.28602941176470587 0.016666666666666666 0.01764705882352941
