3 0.6095890410958904 0.6879756468797564 0.7808219178082192 0.624048706240487
6 0.3458904109589041 0.3401826484018265 0.03881278538812785 0.1415525114155251
10 0.5353881278538812 0.3135464231354642 0.06621004566210045 0.0517503805175038
16 0.10102739726027397 0.1872146118721461 0.030821917808219176 0.3713850837138508
6 0.4372146118721461 0.3280060882800609 0.02511415525114155 0.0989345509893455
16 0.7100456621004566 0.1917808219178082 0.02054794520547945 0.2800608828006088
16 0.4092465753424658 0.1963470319634703 0.019406392694063926 0.3287671232876712
1 0.4023972602739726 0.19710806697108066 0.019406392694063926 0.0441400304414003
11 0.9035388127853882 0.3280060882800609 0.028538812785388126 0.0380517503805175
16 0.9611872146118722 0.2846270928462709 0.0136986301369863 0.1187214611872146
16 0.5873287671232876 0.24885844748858446 0.012557077625570776 0.1415525114155251
6 0.365296803652968 0.3135464231354642 0.01598173515981735 0.0821917808219178
16 0.03595890410958904 0.2625570776255708 0.021689497716894976 0.2176560121765601
0 0.625 0.286910197869102 0.012557077625570776 0.0745814307458143
6 0.9029680365296804 0.3158295281582953 0.0228310502283105 0.0471841704718417
0 0.5690639269406392 0.2922374429223744 0.010273972602739725 0.0517503805175038
3 0.569634703196347 0.3295281582952816 0.1872146118721461 0.0197869101978691
16 0.5998858447488584 0.2777777777777778 0.010273972602739725 0.0898021308980213
16 0.4240867579908676 0.18036529680365296 0.019406392694063926 0.3394216133942161
0 0.6843607305936074 0.2602739726027397 0.012557077625570776 0.0395738203957382
16 0.6404109589041096 0.2777777777777778 0.0091324200913242 0.0928462709284627
16 0.898972602739726 0.256468797564688 0.010273972602739725 0.0593607305936073
13 0.4891552511415525 0.3242009132420091 0.019406392694063926 0.0426179604261796
5 0.6021689497716894 0.22146118721461186 0.014840182648401826 0.0197869101978691
0 0.4594748858447489 0.3112633181126332 0.014840182648401826 0.0806697108066971
