3 0.478310502283105 0.7519025875190258 0.9474885844748858 0.4961948249619482
16 0.4429223744292237 0.2914764079147641 0.0273972602739726 0.3881278538812785
16 0.15924657534246575 0.3828006088280061 0.021689497716894976 0.2968036529680365
16 0.02682648401826484 0.2785388127853881 0.04223744292237443 0.5540334855403348
1 0.09646118721461187 0.21689497716894976 0.023972602739726026 0.0776255707762557
2 0.4948630136986301 0.3698630136986301 0.012557077625570776 0.0365296803652968
16 0.5011415525114156 0.4185692541856925 0.0091324200913242 0.15220700152207
1 0.1187214611872146 0.2237442922374429 0.0228310502283105 0.0730593607305936
16 0.8921232876712328 0.3455098934550989 0.014840182648401826 0.1948249619482496
16 0.11815068493150685 0.2686453576864536 0.03538812785388128 0.5251141552511416
16 0.6643835616438356 0.3401826484018265 0.01141552511415525 0.2663622526636225
16 0.5753424657534246 0.3036529680365297 0.02054794520547945 0.3424657534246575
11 0.375 0.4840182648401826 0.05593607305936073 0.0517503805175038
16 0.6757990867579908 0.4178082191780822 0.00684931506849315 0.0989345509893455
11 0.7711187214611872 0.4459665144596651 0.014840182648401826 0.0213089802130898
16 0.807648401826484 0.3645357686453577 0.007990867579908675 0.1476407914764079
0 0.9726027397260274 0.4003044140030441 0.0091324200913242 0.0578386605783866
16 0.7442922374429224 0.3789954337899543 0.00684931506849315 0.0974124809741248
10 0.9315068493150684 0.4162861491628615 0.04794520547945205 0.0197869101978691
14 0.906392694063927 0.4421613394216134 0.00684931506849315 0.0258751902587519
3 0.8059360730593608 0.4863013698630137 0.3835616438356164 0.0380517503805175
13 0.6192922374429224 0.4634703196347032 0.019406392694063926 0.0380517503805175
6 0.7711187214611872 0.4368340943683409 0.010273972602739725 0.0243531202435312
16 0.6963470319634704 0.3828006088280061 0.00684931506849315 0.0806697108066971
13 0.6404109589041096 0.4490106544901065 0.0182648401826484 0.0334855403348554
10 0.9777397260273972 0.4147640791476408 0.04452054794520548 0.0289193302891933
