3 0.651255707762557 0.7290715372907154 0.6974885844748858 0.5418569254185692
9 0.3167808219178082 0.4124809741248097 0.1678082191780822 0.1156773211567732
13 0.583904109589041 0.4299847792998478 0.030821917808219176 0.0380517503805175
0 0.5302511415525114 0.3964992389649924 0.017123287671232876 0.0898021308980213
10 0.9246575342465754 0.4010654490106545 0.0593607305936073 0.0380517503805175
2 0.476027397260274 0.3729071537290715 0.0136986301369863 0.030441400304414
11 0.2711187214611872 0.4535768645357686 0.05365296803652968 0.0426179604261796
7 0.11700913242009132 0.4520547945205479 0.019406392694063926 0.0426179604261796
7 0.07420091324200913 0.4528158295281583 0.0365296803652968 0.0441400304414003
16 0.4851598173515982 0.4231354642313546 0.0091324200913242 0.0639269406392694
0 0.07648401826484018 0.4048706240487062 0.01598173515981735 0.0852359208523592
6 0.2728310502283105 0.4406392694063927 0.0182648401826484 0.0471841704718417
12 0.9018264840182648 0.4277016742770167 0.0091324200913242 0.0213089802130898
0 0.12385844748858447 0.3964992389649924 0.017123287671232876 0.0958904109589041
0 0.809931506849315 0.3767123287671233 0.010273972602739725 0.0532724505327245
10 0.8710045662100456 0.4003044140030441 0.0365296803652968 0.0273972602739726
7 0.05251141552511415 0.4497716894977169 0.02054794520547945 0.0471841704718417
12 0.8658675799086758 0.4292237442922374 0.012557077625570776 0.0243531202435312
