3 0.5005707762557078 0.7777777777777778 0.9988584474885844 0.4444444444444444
7 0.1329908675799087 0.5045662100456622 0.05365296803652968 0.0837138508371385
0 0.09703196347031963 0.3888888888888889 0.0410958904109589 0.3150684931506849
19 0.3047945205479452 0.5144596651445966 0.02511415525114155 0.0639269406392694
16 0.3715753424657534 0.3759512937595129 0.017123287671232876 0.3409436834094368
3 0.882420091324201 0.525875190258752 0.23515981735159816 0.0502283105022831
2 0.3892694063926941 0.365296803652968 0.0228310502283105 0.060882800608828
0 0.9309360730593608 0.4185692541856925 0.021689497716894976 0.1187214611872146
6 0.8647260273972602 0.4436834094368341 0.014840182648401826 0.0441400304414003
16 0.7534246575342466 0.4223744292237443 0.0136986301369863 0.1719939117199391
0 0.7288812785388128 0.4185692541856925 0.019406392694063926 0.1339421613394216
6 0.8036529680365296 0.4429223744292237 0.01141552511415525 0.0334855403348554
0 0.6894977168949772 0.423896499238965 0.0136986301369863 0.0837138508371385
6 0.889269406392694 0.4482496194824962 0.0136986301369863 0.0410958904109589
6 0.8156392694063926 0.4429223744292237 0.010273972602739725 0.0334855403348554
6 0.8464611872146118 0.4452054794520548 0.012557077625570776 0.0350076103500761
6 0.896689497716895 0.4528158295281583 0.017123287671232876 0.0502283105022831
0 0.444634703196347 0.3432267884322679 0.017123287671232876 0.1171993911719939
7 0.896689497716895 0.4589041095890411 0.017123287671232876 0.0410958904109589
0 0.2625570776255708 0.3797564687975647 0.02968036529680365 0.1354642313546423
