3 0.5005707762557078 0.6400304414003044 0.9988584474885844 0.7168949771689498
16 0.1421232876712329 0.1400304414003044 0.03767123287671233 0.2770167427701674
0 0.08504566210045662 0.22298325722983256 0.019406392694063926 0.0898021308980213
16 0.03538812785388128 0.15753424657534246 0.04794520547945205 0.3059360730593607
0 0.8795662100456622 0.20471841704718416 0.017123287671232876 0.0898021308980213
0 0.7203196347031964 0.2176560121765601 0.0136986301369863 0.076103500761035
0 0.5616438356164384 0.2100456621004566 0.0136986301369863 0.091324200913242
0 0.4058219178082192 0.21689497716894976 0.017123287671232876 0.0928462709284627
0 0.2636986301369863 0.2146118721461187 0.01598173515981735 0.0943683409436834
6 0.9052511415525114 0.22907153729071536 0.02054794520547945 0.0654490106544901
6 0.3675799086757991 0.2450532724505327 0.0182648401826484 0.0426179604261796
16 0.4366438356164384 0.2054794520547945 0.010273972602739725 0.1278538812785388
16 0.3162100456621005 0.13013698630136986 0.02054794520547945 0.2572298325722983
2 0.4434931506849315 0.16971080669710806 0.012557077625570776 0.0380517503805175
6 0.2813926940639269 0.22754946727549466 0.019406392694063926 0.0715372907153729
6 0.19463470319634704 0.23972602739726026 0.021689497716894976 0.0593607305936073
0 0.8093607305936074 0.2161339421613394 0.01141552511415525 0.0730593607305936
14 0.005707762557077625 0.273972602739726 0.0091324200913242 0.0426179604261796
0 0.966324200913242 0.21689497716894976 0.012557077625570776 0.0715372907153729
14 0.3162100456621005 0.2534246575342466 0.00684931506849315 0.0380517503805175
0 0.1329908675799087 0.1963470319634703 0.019406392694063926 0.076103500761035
16 0.01598173515981735 0.23059360730593606 0.0182648401826484 0.0989345509893455
