3 0.3938356164383562 0.693302891933029 0.7853881278538812 0.6133942161339422
10 0.053082191780821915 0.3143074581430746 0.10388127853881278 0.1141552511415525
10 0.4246575342465753 0.3432267884322679 0.0684931506849315 0.0502283105022831
10 0.9537671232876712 0.4003044140030441 0.09018264840182648 0.091324200913242
6 0.8476027397260274 0.3767123287671233 0.023972602739726026 0.0654490106544901
10 0.4845890410958904 0.3394216133942161 0.04223744292237443 0.0395738203957382
10 0.3835616438356164 0.3363774733637747 0.0410958904109589 0.0395738203957382
16 0.6621004566210046 0.2054794520547945 0.0228310502283105 0.3318112633181126
2 0.5559360730593608 0.22907153729071536 0.0136986301369863 0.0380517503805175
11 0.8424657534246576 0.393455098934551 0.0639269406392694 0.0502283105022831
6 0.7128995433789954 0.3538812785388128 0.017123287671232876 0.0441400304414003
16 0.23230593607305935 0.2846270928462709 0.010273972602739725 0.106544901065449
16 0.5753424657534246 0.2519025875190259 0.0182648401826484 0.2176560121765601
2 0.2631278538812785 0.22146118721461186 0.012557077625570776 0.0350076103500761
2 0.7648401826484018 0.2960426179604262 0.01141552511415525 0.0289193302891933
11 0.3436073059360731 0.3371385083713851 0.02511415525114155 0.0197869101978691
7 0.6638127853881278 0.3759512937595129 0.021689497716894976 0.030441400304414
6 0.6643835616438356 0.3584474885844749 0.0182648401826484 0.0502283105022831
13 0.8886986301369864 0.3873668188736682 0.021689497716894976 0.0350076103500761
10 0.5565068493150684 0.3401826484018265 0.019406392694063926 0.0228310502283105
16 0.6809360730593608 0.2876712328767123 0.014840182648401826 0.1765601217656012
16 0.7579908675799086 0.3272450532724505 0.0136986301369863 0.1095890410958904
6 0.3430365296803653 0.3302891933028919 0.010273972602739725 0.0243531202435312
16 0.5878995433789954 0.3105022831050228 0.01141552511415525 0.106544901065449
6 0.5753424657534246 0.34779299847793 0.0091324200913242 0.0350076103500761
2 0.545662100456621 0.22907153729071536 0.01141552511415525 0.0380517503805175
3 0.5102739726027398 0.3607305936073059 0.07077625570776255 0.0121765601217656
10 0.4554794520547945 0.3363774733637747 0.02054794520547945 0.0213089802130898
16 0.9492009132420092 0.2709284627092846 0.028538812785388126 0.1917808219178082
7 0.6187214611872146 0.3515981735159817 0.0273972602739726 0.0273972602739726
5 0.5730593607305936 0.2792998477929985 0.01141552511415525 0.0197869101978691
5 0.5079908675799086 0.23972602739726026 0.0136986301369863 0.0197869101978691
10 0.5125570776255708 0.3378995433789954 0.0182648401826484 0.0182648401826484
