3 0.4891552511415525 0.7747336377473364 0.9714611872146118 0.4505327245053272
15 0.2779680365296804 0.5083713850837138 0.03995433789954338 0.0547945205479452
15 0.4160958904109589 0.510654490106545 0.03767123287671233 0.0563165905631659
15 0.11929223744292237 0.5015220700152208 0.04223744292237443 0.0563165905631659
6 0.5930365296803652 0.5190258751902588 0.06050228310502283 0.1856925418569254
6 0.4994292237442922 0.484779299847793 0.05136986301369863 0.1659056316590563
15 0.6495433789954338 0.5121765601217656 0.0319634703196347 0.0502283105022831
15 0.5445205479452054 0.515220700152207 0.0365296803652968 0.0502283105022831
16 0.8013698630136986 0.4246575342465753 0.02511415525114155 0.3592085235920852
6 0.3093607305936073 0.4330289193302892 0.0273972602739726 0.0928462709284627
6 0.625 0.4383561643835616 0.021689497716894976 0.076103500761035
2 0.7876712328767124 0.3181126331811263 0.0319634703196347 0.0700152207001522
16 0.8704337899543378 0.19406392694063926 0.026255707762557076 0.3698630136986301
16 0.9680365296803652 0.3127853881278539 0.0273972602739726 0.3302891933028919
16 0.7071917808219178 0.2929984779299848 0.021689497716894976 0.1476407914764079
