10 0.19863013698630136 0.19101978691019786 0.3926940639269406 0.2267884322678843
3 0.4703196347031963 0.5639269406392694 0.9315068493150684 0.8660578386605784
10 0.7505707762557078 0.0228310502283105 0.11301369863013698 0.0426179604261796
10 0.5542237442922374 0.0243531202435312 0.1632420091324201 0.045662100456621
16 0.656392694063927 0.0578386605783866 0.0136986301369863 0.1126331811263318
14 0.5308219178082192 0.09817351598173515 0.0091324200913242 0.0563165905631659
14 0.5901826484018264 0.09665144596651445 0.0091324200913242 0.0563165905631659
16 0.4823059360730594 0.06012176560121765 0.014840182648401826 0.1171993911719939
16 0.8744292237442922 0.04337899543378995 0.0228310502283105 0.0837138508371385
7 0.4178082191780822 0.0730593607305936 0.03881278538812785 0.0334855403348554
16 0.4046803652968037 0.05403348554033485 0.012557077625570776 0.1050228310502283
16 0.375 0.0502283105022831 0.012557077625570776 0.0974124809741248
16 0.432648401826484 0.03729071537290715 0.01141552511415525 0.0715372907153729
3 0.2910958904109589 0.106544901065449 0.11187214611872145 0.0243531202435312
0 0.5057077625570776 0.02511415525114155 0.01141552511415525 0.0471841704718417
10 0.4537671232876712 0.04794520547945205 0.021689497716894976 0.0471841704718417
16 0.10102739726027397 0.0350076103500761 0.014840182648401826 0.0669710806697108
0 0.011986301369863013 0.0441400304414003 0.021689497716894976 0.0852359208523592
0 0.3367579908675799 0.0319634703196347 0.01141552511415525 0.060882800608828
13 0.817351598173516 0.0776255707762557 0.0593607305936073 0.0730593607305936
10 0.375 0.05251141552511415 0.04680365296803653 0.0380517503805175
14 0.3555936073059361 0.08447488584474885 0.007990867579908675 0.0380517503805175
14 0.3624429223744292 0.08295281582952815 0.007990867579908675 0.0380517503805175
6 0.466324200913242 0.03272450532724505 0.014840182648401826 0.0319634703196347
0 0.4229452054794521 0.03272450532724505 0.010273972602739725 0.0624048706240487
