3 0.5005707762557078 0.773972602739726 0.9988584474885844 0.4520547945205479
6 0.6695205479452054 0.5030441400304414 0.021689497716894976 0.0624048706240487
0 0.5827625570776256 0.471841704718417 0.017123287671232876 0.1156773211567732
0 0.3995433789954338 0.4726027397260274 0.0182648401826484 0.1202435312024353
1 0.4452054794520548 0.4140030441400304 0.0136986301369863 0.0334855403348554
1 0.8087899543378996 0.2838660578386606 0.019406392694063926 0.0593607305936073
0 0.769406392694064 0.4490106544901065 0.0136986301369863 0.0974124809741248
0 0.21289954337899544 0.4604261796042618 0.014840182648401826 0.0958904109589041
16 0.4355022831050228 0.4604261796042618 0.010273972602739725 0.1537290715372907
16 0.8852739726027398 0.4010654490106545 0.014840182648401826 0.2389649923896499
0 0.03881278538812785 0.4802130898021309 0.0182648401826484 0.0654490106544901
16 0.3047945205479452 0.3340943683409437 0.0182648401826484 0.4155251141552511
0 0.9834474885844748 0.4627092846270928 0.019406392694063926 0.0974124809741248
1 0.9794520547945206 0.271689497716895 0.0228310502283105 0.0471841704718417
16 0.2585616438356164 0.3843226788432268 0.014840182648401826 0.2907153729071537
