3 0.396689497716895 0.754185692541857 0.791095890410959 0.4916286149162861
10 0.1021689497716895 0.4292237442922374 0.09931506849315068 0.0821917808219178
1 0.6843607305936074 0.2374429223744292 0.026255707762557076 0.0669710806697108
7 0.3144977168949772 0.4779299847792998 0.08561643835616438 0.0791476407914764
6 0.6021689497716894 0.4124809741248097 0.033105022831050226 0.1278538812785388
16 0.7077625570776256 0.3318112633181126 0.0182648401826484 0.3105022831050228
0 0.9628995433789954 0.3127853881278539 0.033105022831050226 0.3424657534246575
0 0.2893835616438356 0.3614916286149163 0.028538812785388126 0.2207001522070015
0 0.8504566210045662 0.3089802130898021 0.0182648401826484 0.136986301369863
16 0.2465753424657534 0.4208523592085236 0.01598173515981735 0.1263318112633181
16 0.3344748858447489 0.2161339421613394 0.02968036529680365 0.4079147640791476
5 0.2408675799086758 0.273972602739726 0.02968036529680365 0.0578386605783866
6 0.3139269406392694 0.4421613394216134 0.0410958904109589 0.1111111111111111
12 0.2665525114155251 0.4619482496194825 0.017123287671232876 0.0441400304414003
0 0.5747716894977168 0.334855403348554 0.021689497716894976 0.1035007610350076
12 0.2191780821917808 0.4733637747336377 0.02054794520547945 0.0517503805175038
10 0.192351598173516 0.4315068493150685 0.07876712328767123 0.0806697108066971
10 0.2796803652968037 0.4193302891933029 0.13470319634703196 0.0837138508371385
0 0.740296803652968 0.3181126331811263 0.023972602739726026 0.1248097412480974
10 0.1415525114155251 0.4345509893455099 0.07534246575342465 0.0776255707762557
5 0.24143835616438356 0.3302891933028919 0.04680365296803653 0.0578386605783866
