3 0.5005707762557078 0.754185692541857 0.9988584474885844 0.4916286149162861
10 0.8921232876712328 0.4573820395738204 0.21575342465753425 0.1232876712328767
10 0.5724885844748858 0.4604261796042618 0.2363013698630137 0.1111111111111111
6 0.2905251141552511 0.4581430745814307 0.021689497716894976 0.0821917808219178
6 0.3190639269406393 0.4726027397260274 0.026255707762557076 0.0867579908675799
6 0.3784246575342466 0.45662100456621 0.026255707762557076 0.0974124809741248
0 0.4703196347031963 0.3881278538812785 0.0319634703196347 0.1400304414003044
6 0.1329908675799087 0.4649923896499239 0.030821917808219176 0.1019786910197869
14 0.1141552511415525 0.5235920852359208 0.0136986301369863 0.0669710806697108
14 0.06164383561643835 0.5251141552511416 0.0136986301369863 0.0669710806697108
14 0.033105022831050226 0.4977168949771689 0.0228310502283105 0.1248097412480974
7 0.4195205479452055 0.4733637747336377 0.033105022831050226 0.0517503805175038
11 0.2454337899543379 0.4741248097412481 0.02511415525114155 0.0471841704718417
16 0.6917808219178082 0.3401826484018265 0.0182648401826484 0.2968036529680365
16 0.4400684931506849 0.3470319634703196 0.021689497716894976 0.30441400304414
6 0.15924657534246575 0.45662100456621 0.019406392694063926 0.0700152207001522
1 0.5393835616438356 0.3668188736681887 0.017123287671232876 0.0426179604261796
16 0.6558219178082192 0.3158295281582953 0.012557077625570776 0.1872146118721461
0 0.2089041095890411 0.4155251141552511 0.0182648401826484 0.1156773211567732
16 0.3892694063926941 0.3637747336377473 0.02054794520547945 0.2709284627092846
6 0.2465753424657534 0.4596651445966514 0.02511415525114155 0.060882800608828
16 0.3624429223744292 0.3546423135464231 0.019406392694063926 0.2952815829528158
16 0.526255707762557 0.24124809741248096 0.0182648401826484 0.3759512937595129
6 0.010844748858447488 0.4634703196347032 0.019406392694063926 0.0958904109589041
14 0.3521689497716895 0.4786910197869102 0.007990867579908675 0.0410958904109589
16 0.03595890410958904 0.3439878234398782 0.012557077625570776 0.1095890410958904
16 0.5519406392694064 0.3683409436834094 0.010273972602739725 0.0943683409436834
16 0.5667808219178082 0.380517503805175 0.014840182648401826 0.0730593607305936
6 0.5028538812785388 0.4223744292237443 0.019406392694063926 0.0410958904109589
9 0.6267123287671232 0.4216133942161339 0.1643835616438356 0.0943683409436834
